SH900999 2016-07-08 15304.53 15317.89 15167.57 15260.69 0 8600187107
SH900999 2016-07-11 15560.69 15653.54 15509.96 15563.34 0 11195284634
SH900999 2016-07-12 15660.38 15859.09 15607.75 15835.72 0 14663726272
SH900999 2016-07-13 15959.33 16044.54 15896.39 15931.83 0 14630432345
SH900999 2016-07-14 15891.96 16124.19 15869.54 16112.51 0 13087906165
SH900999 2016-07-15 16120.40 16278.65 16068.72 16183.26 0 16475665644
SH900998 2016-07-08 53030.87 53089.40 52634.10 52880.03 0 15977464971
SH900998 2016-07-11 53887.23 53942.99 53601.29 53705.46 0 23264938871
SH900998 2016-07-12 54133.54 54662.61 53902.88 54590.85 0 27011794776
SH900998 2016-07-13 54930.11 55147.68 54732.40 54841.97 0 24508194807
SH900998 2016-07-14 54778.11 55508.26 54637.65 55455.89 0 23578064691
SH900998 2016-07-15 55527.96 55914.10 55338.32 55708.44 0 26201001180
