2012/12/10 3.036 3.077 3.020 3.045 385537984.00 1447626240.00
2012/12/11 3.044 3.044 2.995 2.995 174319504.00 648145344.00
2012/12/12 3.002 3.035 2.994 3.002 161563008.00 599941824.00
2012/12/13 3.002 3.035 2.994 3.027 132250000.00 491020288.00
2012/12/14 3.028 3.142 3.028 3.134 497404992.00 1899603456.00
2012/12/17 3.124 3.197 3.116 3.157 295081984.00 1149627264.00
2012/12/18 3.180 3.189 3.124 3.148 170814400.00 664530304.00
2012/12/19 3.155 3.172 3.131 3.139 103865352.00 402718016.00
2012/12/20 3.132 3.132 3.091 3.115 96714000.00 370573280.00
2012/12/21 3.108 3.124 3.083 3.091 115397000.00 440340992.00
2012/12/24 3.093 3.117 3.069 3.117 45936000.00 175020144.00
2012/12/27 3.135 3.151 3.111 3.119 64961000.00 250132256.00
2012/12/28 3.116 3.124 3.099 3.124 54596000.00 209466416.00
2012/12/31 3.106 3.179 3.097 3.170 112264400.00 436825248.00
2013/01/02 3.179 3.300 3.179 3.284 316625248.00 1267480320.00
2013/01/03 3.292 3.357 3.268 3.333 196404496.00 805007616.00
2013/01/04 3.319 3.319 3.270 3.319 163653008.00 665008192.00
2013/01/07 3.326 3.439 3.326 3.439 217724096.00 916688768.00
2013/01/08 3.427 3.541 3.411 3.484 225468000.00 969693632.00
2013/01/09 3.476 3.752 3.476 3.744 365150016.00 1648621824.00
2013/01/10 3.791 4.018 3.767 3.856 450176512.00 2155249408.00
2013/01/11 3.875 3.900 3.697 3.762 259195216.00 1206060032.00
2013/01/14 3.777 3.866 3.712 3.849 195924992.00 923139648.00
2013/01/15 3.841 3.906 3.817 3.849 125901584.00 601222336.00
2013/01/16 3.852 3.852 3.788 3.836 90279000.00 425243840.00
2013/01/17 3.846 3.854 3.741 3.789 93113000.00 435927648.00
2013/01/18 3.829 3.845 3.764 3.796 86149904.00 403916832.00
2013/01/21 3.815 3.831 3.782 3.798 56243004.00 264147040.00
2013/01/22 3.807 3.823 3.750 3.782 92936400.00 434350336.00
2013/01/23 3.772 3.780 3.716 3.740 87606000.00 404844256.00
2013/01/24 3.725 3.790 3.709 3.733 86708000.00 401206208.00
2013/01/25 3.751 3.759 3.580 3.629 220099104.00 988773248.00
2013/01/28 3.613 3.670 3.605 3.629 85895000.00 385960000.00
2013/01/29 3.622 3.751 3.605 3.719 105700000.00 481490816.00
2013/01/30 3.740 3.789 3.724 3.764 115563000.00 536247680.00
2013/01/31 3.748 3.756 3.723 3.731 47882688.00 221027200.00
2013/02/01 3.735 3.808 3.694 3.783 86182408.00 399976736.00
2013/02/04 3.809 3.858 3.744 3.752 98258000.00 460923840.00
2013/02/05 3.712 3.728 3.671 3.688 79776000.00 364279616.00
2013/02/06 3.738 3.738 3.706 3.714 43478000.00 199627616.00
2013/02/07 3.707 3.732 3.634 3.691 54042560.00 244787072.00
2013/02/08 3.668 3.724 3.668 3.716 31695184.00 145126384.00
2013/02/14 3.765 3.813 3.749 3.797 101353000.00 474609920.00
2013/02/15 3.789 3.870 3.773 3.862 101525000.00 481397664.00
2013/02/18 3.880 3.888 3.799 3.807 69873000.00 330289056.00
2013/02/19 3.799 3.832 3.727 3.735 75653000.00 351855552.00
2013/02/20 3.766 3.790 3.742 3.782 39573020.00 183789664.00
2013/02/21 3.736 3.744 3.687 3.720 75454976.00 345074464.00
2013/02/22 3.697 3.705 3.656 3.672 100040000.00 453601120.00
2013/02/25 3.689 3.689 3.632 3.657 66419000.00 299457344.00
2013/02/26 3.590 3.647 3.590 3.606 77010000.00 343096480.00
2013/02/27 3.629 3.693 3.612 3.685 61367400.00 276685056.00
2013/02/28 3.715 3.877 3.715 3.828 310996864.00 1451511040.00
2013/03/01 3.806 3.822 3.749 3.765 143812736.00 675168768.00
2013/03/04 3.783 3.783 3.670 3.694 46676000.00 212970528.00
2013/03/05 3.692 3.725 3.684 3.700 40280896.00 183960240.00
2013/03/06 3.721 3.754 3.713 3.713 28484924.00 131427400.00
2013/03/07 3.724 3.724 3.667 3.675 40077944.00 182478384.00
2013/03/08 3.671 3.711 3.671 3.695 54006000.00 246509728.00
2013/03/11 3.706 3.714 3.642 3.650 34966000.00 158596048.00
2013/03/12 3.664 3.680 3.583 3.592 87253000.00 390585024.00
2013/03/13 3.590 3.598 3.469 3.518 107651000.00 469119744.00
2013/03/14 3.486 3.607 3.454 3.607 61888000.00 269888224.00
2013/03/15 3.606 3.638 3.517 3.614 50309680.00 222560240.00
2013/03/18 3.517 3.533 3.460 3.493 50294608.00 217538912.00
2013/03/19 3.517 3.542 3.445 3.461 44203000.00 190144544.00
2013/03/20 3.458 3.539 3.450 3.507 63368000.00 274437600.00
2013/03/21 3.515 3.540 3.475 3.491 24290000.00 105026680.00
2013/03/22 3.466 3.490 3.449 3.466 27929854.00 119686016.00
2013/03/25 3.481 3.505 3.465 3.473 22392490.00 96339264.00
2013/03/26 3.450 3.458 3.353 3.385 89965296.00 377289664.00
2013/03/27 3.355 3.395 3.242 3.331 104959000.00 430419232.00
2013/03/28 3.306 3.354 3.257 3.338 42026000.00 171364400.00
2013/04/02 3.273 3.306 3.249 3.265 33586464.00 136251008.00
2013/04/03 3.267 3.291 3.146 3.178 81825784.00 324089088.00
2013/04/05 3.146 3.146 3.017 3.033 138724160.00 525437760.00
2013/04/08 3.018 3.098 3.002 3.074 49244000.00 187600784.00
2013/04/09 3.090 3.179 3.090 3.163 50177132.00 195979648.00
2013/04/10 3.175 3.191 3.126 3.175 40194720.00 157408816.00
2013/04/11 3.209 3.217 3.112 3.168 42609300.00 167305744.00
2013/04/12 3.165 3.165 3.125 3.165 14631546.00 57021336.00
2013/04/15 3.114 3.130 3.066 3.082 24114000.00 92636656.00
2013/04/16 3.015 3.168 2.991 3.144 49027000.00 190465104.00
2013/04/17 3.156 3.164 3.108 3.116 16941700.00 66105116.00
2013/04/18 3.087 3.152 3.087 3.120 12177000.00 47295264.00
2013/04/19 3.110 3.191 3.110 3.183 27298000.00 107179664.00
2013/04/22 3.135 3.151 3.095 3.143 24492100.00 95307864.00
2013/04/23 3.141 3.149 3.076 3.116 21661500.00 83586032.00
2013/04/24 3.142 3.182 3.117 3.174 35718300.00 140445376.00
2013/04/25 3.169 3.202 3.145 3.178 31826300.00 126068720.00
2013/04/26 3.197 3.253 3.173 3.173 38296300.00 153526496.00
2013/04/29 3.173 3.213 3.165 3.197 15809700.00 63026356.00
2013/04/30 3.213 3.253 3.213 3.253 26313000.00 106267328.00
2013/05/02 3.224 3.240 3.192 3.232 23984468.00 96394992.00
2013/05/03 3.260 3.340 3.252 3.292 38746500.00 159523808.00
2013/05/06 3.330 3.354 3.298 3.322 39697608.00 164763504.00
2013/05/07 3.320 3.336 3.264 3.320 28209100.00 116250424.00
2013/05/08 3.306 3.354 3.306 3.338 37385352.00 156148224.00
2013/05/09 3.344 3.368 3.320 3.336 30054288.00 125650784.00
2013/05/10 3.325 3.365 3.325 3.349 21013900.00 87974432.00
2013/05/13 3.359 3.415 3.295 3.295 68594000.00 288694336.00
2013/05/14 3.285 3.341 3.245 3.261 29420276.00 120531408.00
2013/05/15 3.287 3.359 3.287 3.319 28009792.00 116474016.00
2013/05/16 3.320 3.328 3.240 3.264 30830000.00 126261248.00
2013/05/20 3.290 3.306 3.242 3.258 37732360.00 155048928.00
2013/05/21 3.214 3.238 3.174 3.198 53194372.00 213142800.00
2013/05/22 3.238 3.238 3.175 3.198 25631000.00 102666040.00
2013/05/23 3.176 3.192 3.121 3.129 33644000.00 132862064.00
2013/05/24 3.148 3.172 3.100 3.108 34773288.00 136538432.00
2013/05/27 3.105 3.113 3.089 3.105 17906660.00 69705400.00
2013/05/28 3.097 3.193 3.097 3.185 25321000.00 100458576.00
2013/05/29 3.179 3.187 3.115 3.131 20965700.00 82742712.00
2013/05/30 3.105 3.145 3.074 3.097 28854944.00 112195728.00
2013/05/31 3.104 3.136 3.065 3.073 28923588.00 112111080.00
2013/06/03 3.057 3.129 3.049 3.105 20806264.00 80821960.00
2013/06/04 3.086 3.086 3.054 3.070 18302020.00 70593736.00
2013/06/05 3.064 3.079 3.048 3.048 16473675.00 63291616.00
2013/06/06 3.023 3.063 3.023 3.047 19007696.00 72615000.00
2013/06/07 3.040 3.040 2.850 2.866 377081536.00 1375345920.00
2013/06/10 2.889 2.905 2.858 2.897 72512704.00 263339200.00
2013/06/11 2.897 2.921 2.842 2.858 62129100.00 224343856.00
2013/06/13 2.825 2.872 2.777 2.849 132030000.00 469311776.00
2013/06/14 2.888 2.944 2.872 2.920 368729984.00 1353781248.00
2013/06/17 2.865 2.913 2.865 2.881 74018688.00 270099584.00
2013/06/18 2.876 2.908 2.868 2.876 26537444.00 96445680.00
2013/06/19 2.878 2.901 2.862 2.878 42319056.00 153157296.00
2013/06/20 2.847 2.855 2.792 2.799 72802000.00 259497888.00
2013/06/21 2.748 2.819 2.732 2.804 55716000.00 195173888.00
2013/06/24 2.804 2.804 2.645 2.653 77392928.00 263264192.00
2013/06/25 2.667 2.747 2.548 2.675 54137208.00 179140416.00
2013/06/26 2.724 2.803 2.716 2.795 46479788.00 160886704.00
2013/06/27 2.804 2.852 2.764 2.788 31429000.00 110931768.00
2013/06/28 2.820 2.836 2.796 2.820 28262000.00 99940976.00
2013/07/02 2.788 2.819 2.748 2.764 17712748.00 61562136.00
2013/07/03 2.766 2.766 2.670 2.678 30860560.00 103985048.00
2013/07/04 2.684 2.716 2.668 2.668 16936344.00 57256996.00
2013/07/05 2.693 2.757 2.693 2.725 12936758.00 44304544.00
2013/07/08 2.702 2.742 2.646 2.718 16672097.00 56223468.00
2013/07/09 2.730 2.730 2.658 2.674 12762000.00 43026900.00
2013/07/10 2.695 2.718 2.623 2.710 22300000.00 74906248.00
2013/07/11 2.740 2.859 2.732 2.811 59084760.00 208848624.00
2013/07/12 2.797 2.837 2.773 2.789 23635000.00 83318288.00
2013/07/15 2.774 2.814 2.774 2.790 15664082.00 55023844.00
2013/07/16 2.775 2.815 2.767 2.791 10852000.00 38053384.00
2013/07/17 2.781 2.837 2.774 2.789 11219995.00 39560444.00
2013/07/18 2.816 2.824 2.769 2.785 14438000.00 50560808.00
2013/07/19 2.770 2.786 2.730 2.762 13558002.00 46914132.00
2013/07/22 2.761 2.769 2.705 2.753 11830318.00 40695164.00
2013/07/23 2.744 2.895 2.744 2.871 53008000.00 189549408.00
2013/07/24 2.847 2.863 2.823 2.831 20805168.00 74252128.00
2013/07/25 2.810 2.842 2.810 2.834 9961000.00 35362048.00
2013/07/26 2.824 2.848 2.809 2.816 8372000.00 29693944.00
2013/07/29 2.800 2.808 2.744 2.776 15278000.00 53203760.00
2013/07/30 2.763 2.827 2.763 2.795 22042168.00 77770336.00
2013/07/31 2.773 2.820 2.765 2.773 28252000.00 99006368.00
2013/08/01 2.772 2.828 2.772 2.804 24566530.00 86727088.00
2013/08/02 2.837 2.853 2.790 2.805 13631000.00 48147640.00
2013/08/05 2.787 2.835 2.787 2.819 12494050.00 44144028.00
2013/08/06 2.794 2.802 2.770 2.794 12385000.00 43300180.00
2013/08/07 2.785 2.785 2.722 2.746 22088956.00 76509640.00
2013/08/08 2.744 2.768 2.736 2.752 12517000.00 43314160.00
2013/08/09 2.759 2.783 2.727 2.775 13606376.00 47114976.00
2013/08/12 2.775 2.862 2.751 2.854 39917000.00 141888752.00
2013/08/13 2.856 2.944 2.840 2.928 79815944.00 290974240.00
2013/08/15 2.896 3.007 2.896 2.959 82563400.00 306472928.00
2013/08/16 2.935 2.990 2.887 2.974 50865280.00 188185744.00
2013/08/19 2.960 3.008 2.944 2.968 26211650.00 98270752.00
2013/08/20 2.968 2.991 2.848 2.856 35056872.00 128389848.00
2013/08/21 2.879 2.935 2.823 2.919 30727000.00 111312000.00
2013/08/22 2.880 2.975 2.880 2.975 37940792.00 140381712.00
2013/08/23 3.000 3.008 2.904 2.920 21841276.00 80972136.00
2013/08/26 2.959 2.975 2.943 2.975 16723000.00 62266272.00
2013/08/27 3.038 3.078 2.999 3.023 81418000.00 310511136.00
2013/08/28 2.981 2.997 2.942 2.958 38915000.00 145018528.00
2013/08/29 2.967 3.007 2.951 2.983 25771630.00 96482944.00
2013/08/30 2.984 3.016 2.968 2.992 67236000.00 252939760.00
2013/09/02 3.008 3.039 2.992 3.016 36454168.00 137902272.00
2013/09/03 3.024 3.064 3.017 3.024 53956776.00 206259424.00
2013/09/04 3.001 3.056 3.001 3.025 32877940.00 125174376.00
2013/09/05 3.063 3.079 3.031 3.047 32359010.00 124170336.00
2013/09/06 3.048 3.056 3.016 3.040 42514584.00 162144480.00
2013/09/09 3.052 3.108 3.052 3.076 75396752.00 291879264.00
2013/09/10 3.099 3.099 3.067 3.075 56629000.00 219777600.00
2013/09/11 3.098 3.098 3.027 3.042 33583080.00 129122528.00
2013/09/12 3.057 3.065 2.970 3.018 68451000.00 260304112.00
2013/09/13 3.018 3.034 2.970 3.018 36877000.00 139296848.00
2013/09/16 3.040 3.064 3.009 3.064 58800000.00 225270464.00
2013/09/17 3.065 3.081 3.041 3.081 41087524.00 158617744.00
2013/09/18 3.088 3.088 3.048 3.072 28988272.00 111998488.00
2013/09/19 3.120 3.128 3.032 3.056 204470000.00 795674432.00
2013/09/23 3.076 3.076 3.005 3.021 80038800.00 303825728.00
2013/09/24 3.021 3.021 2.982 3.006 37059000.00 139935312.00
2013/09/25 3.006 3.022 2.982 3.006 36926000.00 139814128.00
2013/09/26 2.981 3.005 2.957 2.957 22780000.00 85361600.00
2013/09/27 2.982 2.982 2.934 2.934 28069572.00 104154824.00
2013/09/30 2.902 2.918 2.870 2.886 29368000.00 107242040.00
2013/10/02 2.910 2.973 2.894 2.910 40364208.00 149745808.00
2013/10/03 2.957 2.965 2.918 2.957 14193081.00 52772164.00
2013/10/04 2.918 2.981 2.910 2.981 20225998.00 75276968.00
2013/10/07 2.957 2.981 2.926 2.942 16891664.00 62669388.00
2013/10/08 2.938 3.010 2.923 3.002 26907364.00 101335032.00
2013/10/09 2.947 2.987 2.947 2.947 18422200.00 68758568.00
2013/10/10 2.956 2.972 2.908 2.932 22713872.00 83873880.00
2013/10/11 2.980 2.996 2.956 2.964 18307000.00 68549376.00
2013/10/15 2.978 2.986 2.954 2.978 13916190.00 52095144.00
2013/10/16 2.970 2.978 2.938 2.970 9687000.00 36185252.00
2013/10/17 2.987 2.987 2.907 2.915 20613000.00 76463880.00
2013/10/18 2.929 2.960 2.921 2.929 18744000.00 69583584.00
2013/10/21 2.928 2.959 2.920 2.944 21742000.00 80728048.00
2013/10/22 2.930 2.962 2.930 2.954 17070000.00 63528208.00
2013/10/23 2.959 2.998 2.880 2.888 37036500.00 137367504.00
2013/10/24 2.880 2.895 2.848 2.864 24325000.00 88261632.00
2013/10/25 2.879 2.879 2.808 2.816 22448000.00 80472416.00
2013/10/28 2.816 2.864 2.816 2.832 14688400.00 52693640.00
2013/10/29 2.818 2.857 2.818 2.834 14248000.00 50984536.00
2013/10/30 2.836 2.915 2.836 2.915 25540400.00 92574264.00
2013/10/31 2.868 2.916 2.868 2.900 18780806.00 68596664.00
2013/11/01 2.885 2.925 2.885 2.925 16062048.00 58992300.00
2013/11/04 2.926 2.942 2.903 2.918 10819000.00 39843928.00
2013/11/05 2.933 2.933 2.885 2.925 12962633.00 47575188.00
2013/11/06 2.918 2.918 2.887 2.895 13682660.00 50032528.00
2013/11/07 2.886 2.893 2.862 2.870 12384793.00 44888592.00
2013/11/08 2.842 2.873 2.826 2.849 20587372.00 74112200.00
2013/11/11 2.867 2.906 2.827 2.891 17505000.00 63436176.00
2013/11/12 2.913 2.913 2.865 2.873 10169000.00 37008396.00
2013/11/13 2.840 2.864 2.809 2.825 24966840.00 89217440.00
2013/11/14 2.839 2.863 2.815 2.855 10809348.00 38880796.00
2013/11/15 2.872 2.967 2.856 2.967 69615608.00 258515344.00
2013/11/18 3.022 3.085 3.014 3.085 154335024.00 597423040.00
2013/11/19 3.124 3.124 2.990 3.006 70576376.00 272585408.00
2013/11/20 3.045 3.061 3.021 3.045 30475500.00 117118368.00
2013/11/21 3.040 3.040 3.000 3.032 18853256.00 71911672.00
2013/11/22 3.072 3.127 3.064 3.120 189585136.00 742974208.00
2013/11/25 3.125 3.149 3.086 3.094 94034032.00 369296800.00
2013/11/26 3.079 3.118 3.079 3.110 82556984.00 323651072.00
2013/11/27 3.093 3.252 3.085 3.236 183486720.00 739557184.00
2013/11/28 3.236 3.276 3.173 3.197 121666976.00 497604288.00
2013/11/29 3.196 3.219 3.180 3.212 41283648.00 167055120.00
2013/12/02 3.212 3.275 3.196 3.228 61766184.00 252564592.00
2013/12/03 3.205 3.237 3.181 3.221 35153108.00 142607344.00
2013/12/04 3.194 3.234 3.163 3.210 63949000.00 259800016.00
2013/12/05 3.226 3.226 3.147 3.171 50621600.00 203349408.00
2013/12/06 3.159 3.167 3.103 3.111 59538408.00 236233968.00
2013/12/09 3.153 3.169 3.075 3.114 28922984.00 114590088.00
2013/12/10 3.114 3.114 3.058 3.066 33028060.00 129151752.00
2013/12/11 3.066 3.066 2.987 3.002 49053688.00 187496176.00
2013/12/12 2.995 3.027 2.979 2.987 44892936.00 170947168.00
2013/12/13 2.965 3.076 2.957 3.060 82492000.00 316223584.00
2013/12/16 3.027 3.075 3.019 3.067 34717000.00 134647616.00
2013/12/17 3.082 3.089 3.042 3.042 23759400.00 92261792.00
2013/12/18 3.043 3.082 3.027 3.050 23265700.00 90190576.00
2013/12/19 3.094 3.094 2.967 2.983 39195000.00 149819024.00
2013/12/20 2.975 2.999 2.904 2.952 44159000.00 164459728.00
2013/12/23 2.958 2.981 2.934 2.950 19648504.00 73592128.00
2013/12/24 2.949 3.004 2.949 2.997 12787196.00 48362408.00
2013/12/27 2.960 2.991 2.952 2.976 10820000.00 40926780.00
2013/12/30 2.990 2.990 2.927 2.935 12117727.00 45373316.00
2013/12/31 2.948 2.956 2.909 2.948 24015000.00 89603584.00
2014/01/02 2.950 2.958 2.887 2.910 30964040.00 114378976.00
2014/01/03 2.873 2.881 2.850 2.865 52275916.00 190082368.00
2014/01/06 2.866 2.866 2.811 2.835 28905000.00 103835144.00
2014/01/07 2.818 2.842 2.802 2.818 26258000.00 94141136.00
2014/01/08 2.836 2.867 2.820 2.836 40419672.00 145669248.00
2014/01/09 2.821 2.845 2.798 2.805 25461608.00 91081416.00
2014/01/10 2.793 2.824 2.793 2.809 16993628.00 60563164.00
2014/01/13 2.822 2.837 2.790 2.814 12645000.00 45185120.00
2014/01/14 2.782 2.844 2.774 2.821 19984000.00 71469456.00
2014/01/15 2.824 2.856 2.816 2.840 15082106.00 54522108.00
2014/01/16 2.819 2.851 2.788 2.827 28942000.00 103661648.00
2014/01/17 2.802 2.842 2.787 2.810 17370132.00 62026380.00
2014/01/20 2.780 2.796 2.764 2.780 20440432.00 72112424.00
2014/01/21 2.787 2.834 2.787 2.787 26924470.00 96058808.00
2014/01/22 2.772 2.827 2.764 2.811 27236132.00 96837304.00
2014/01/23 2.812 2.812 2.733 2.741 42278676.00 148054224.00
2014/01/24 2.690 2.722 2.619 2.690 54817000.00 185973856.00
2014/01/27 2.601 2.641 2.586 2.625 61316300.00 203787360.00
2014/01/28 2.634 2.665 2.634 2.649 19604152.00 65996172.00
2014/01/29 2.691 2.691 2.628 2.651 29261000.00 98857136.00
2014/01/30 2.618 2.650 2.579 2.650 22852000.00 76177984.00
2014/02/04 2.563 2.587 2.547 2.579 28295802.00 92366968.00
2014/02/05 2.634 2.634 2.547 2.571 21690000.00 70813824.00
2014/02/06 2.563 2.618 2.563 2.610 19556832.00 64423408.00
2014/02/07 2.614 2.645 2.598 2.638 19730000.00 65797088.00
2014/02/10 2.653 2.653 2.622 2.645 16360898.00 54916324.00
2014/02/11 2.645 2.708 2.622 2.685 35018096.00 119041968.00
2014/02/12 2.670 2.740 2.670 2.709 24111000.00 82993168.00
2014/02/13 2.678 2.710 2.670 2.678 13226500.00 45110260.00
2014/02/14 2.693 2.716 2.669 2.693 12579000.00 42976088.00
2014/02/17 2.708 2.763 2.700 2.740 22957000.00 79855072.00
2014/02/18 2.733 2.749 2.701 2.733 18069458.00 62360944.00
2014/02/19 2.758 2.789 2.734 2.750 33295000.00 116713120.00
2014/02/20 2.736 2.791 2.696 2.736 39352000.00 136347472.00
2014/02/21 2.761 2.761 2.698 2.721 12945072.00 44788496.00
2014/02/24 2.722 2.722 2.667 2.706 17234018.00 58775100.00
2014/02/25 2.744 2.744 2.634 2.658 23690000.00 80168600.00
2014/02/26 2.657 2.673 2.626 2.649 14629000.00 49105608.00
2014/02/27 2.627 2.674 2.627 2.674 24520436.00 82405208.00
2014/02/28 2.658 2.682 2.635 2.642 19516306.00 65628628.00
2014/03/03 2.609 2.625 2.578 2.594 18846152.00 62216240.00
2014/03/04 2.588 2.620 2.572 2.588 15407340.00 50558384.00
2014/03/05 2.613 2.620 2.565 2.573 16502336.00 53927764.00
2014/03/06 2.573 2.597 2.557 2.581 11539000.00 37657084.00
2014/03/07 2.571 2.602 2.563 2.563 13056713.00 42725044.00
2014/03/10 2.536 2.560 2.504 2.520 22496436.00 71650128.00
2014/03/11 2.521 2.537 2.505 2.505 13334259.00 42411712.00
2014/03/12 2.497 2.513 2.426 2.474 22378000.00 69569480.00
2014/03/13 2.480 2.512 2.441 2.456 13246000.00 41445196.00
2014/03/14 2.433 2.441 2.402 2.425 20276500.00 62105356.00
2014/03/17 2.440 2.440 2.400 2.424 12881000.00 39485732.00
2014/03/18 2.433 2.441 2.409 2.433 17533792.00 53854276.00
2014/03/19 2.433 2.520 2.410 2.489 18012212.00 56102336.00
2014/03/20 2.485 2.493 2.414 2.438 23156576.00 71140232.00
2014/03/21 2.423 2.518 2.415 2.502 37913768.00 118619160.00
2014/03/24 2.503 2.574 2.503 2.558 24414956.00 78301536.00
2014/03/25 2.534 2.613 2.534 2.550 26815834.00 86997208.00
2014/03/26 2.582 2.614 2.566 2.590 56363232.00 182712608.00
2014/03/27 2.598 2.598 2.535 2.583 18973284.00 61379196.00
2014/03/28 2.608 2.631 2.592 2.631 28880094.00 95286672.00
2014/03/31 2.609 2.617 2.490 2.538 53637000.00 171056816.00
2014/04/01 2.545 2.569 2.482 2.561 33357042.00 106183064.00
2014/04/02 2.545 2.560 2.481 2.489 41614000.00 131522152.00
2014/04/03 2.514 2.546 2.482 2.490 50766944.00 160629680.00
2014/04/04 2.508 2.523 2.476 2.523 35306568.00 111424304.00
2014/04/07 2.508 2.531 2.492 2.508 14431683.00 45584168.00
2014/04/08 2.523 2.602 2.499 2.578 49100000.00 158779152.00
2014/04/09 2.585 2.593 2.522 2.561 40657900.00 130729064.00
2014/04/10 2.555 2.610 2.523 2.610 59904248.00 193695328.00
2014/04/11 2.570 2.601 2.522 2.530 42811756.00 137709248.00
2014/04/14 2.532 2.539 2.492 2.508 25974900.00 82080600.00
2014/04/15 2.501 2.517 2.470 2.470 19865100.00 62072996.00
2014/04/16 2.486 2.494 2.462 2.470 17668104.00 54957116.00
2014/04/17 2.470 2.486 2.438 2.478 19280000.00 59828648.00
2014/04/22 2.479 2.487 2.439 2.471 16512360.00 51052196.00
2014/04/23 2.463 2.471 2.423 2.431 22003120.00 67547344.00
2014/04/24 2.431 2.447 2.407 2.407 25341758.00 77264624.00
2014/04/25 2.406 2.422 2.367 2.375 30038000.00 90288552.00
2014/04/28 2.374 2.374 2.319 2.342 21328000.00 62844736.00
2014/04/29 2.342 2.358 2.318 2.342 20338644.00 59711020.00
2014/04/30 2.335 2.367 2.327 2.359 15224509.00 44878228.00
2014/05/02 2.351 2.359 2.327 2.343 14946709.00 43987536.00
2014/05/05 2.342 2.350 2.303 2.334 9080000.00 26599938.00
2014/05/07 2.326 2.326 2.286 2.302 13570000.00 39374120.00
2014/05/08 2.311 2.374 2.295 2.342 23976468.00 70724696.00
2014/05/09 2.359 2.359 2.320 2.328 7410475.00 21793924.00
2014/05/12 2.329 2.353 2.290 2.345 14734417.00 43320404.00
2014/05/13 2.346 2.369 2.322 2.346 14787745.00 43547520.00
2014/05/14 2.346 2.386 2.314 2.362 27942834.00 82576928.00
2014/05/15 2.362 2.449 2.354 2.441 53396108.00 161341296.00
2014/05/16 2.409 2.433 2.393 2.417 20344308.00 61838880.00
2014/05/19 2.425 2.425 2.361 2.409 14328915.00 43060564.00
2014/05/20 2.409 2.440 2.377 2.393 14818417.00 44721664.00
2014/05/21 2.393 2.433 2.370 2.417 17277002.00 52326044.00
2014/05/22 2.426 2.473 2.418 2.426 27531242.00 84676640.00
2014/05/23 2.426 2.450 2.410 2.434 14853000.00 45420076.00
2014/05/26 2.467 2.475 2.427 2.443 12400626.00 38200904.00
2014/05/27 2.442 2.458 2.427 2.435 7184905.00 22019472.00
2014/05/28 2.435 2.467 2.419 2.459 20518416.00 63165564.00
2014/05/29 2.451 2.475 2.427 2.443 34904300.00 107699752.00
2014/05/30 2.451 2.507 2.411 2.483 101366136.00 315386208.00
2014/06/03 2.491 2.507 2.451 2.475 31528424.00 98027928.00
2014/06/04 2.459 2.475 2.419 2.435 20136000.00 61584184.00
2014/06/05 2.428 2.444 2.420 2.444 13478431.00 41203432.00
2014/06/06 2.448 2.464 2.424 2.456 11512134.00 35495476.00
2014/06/09 2.451 2.490 2.443 2.490 20867626.00 65191844.00
2014/06/10 2.497 2.513 2.473 2.505 21335928.00 67287312.00
2014/06/11 2.499 2.499 2.460 2.476 12396497.00 38702096.00
2014/06/12 2.460 2.492 2.452 2.468 7333736.00 22831836.00
2014/06/13 2.468 2.491 2.452 2.460 17553896.00 54601956.00
2014/06/16 2.453 2.501 2.453 2.493 24363980.00 76276552.00
2014/06/17 2.477 2.485 2.453 2.461 10559919.00 32765280.00
2014/06/18 2.462 2.478 2.446 2.446 9695486.00 30002056.00
2014/06/19 2.461 2.477 2.429 2.437 13001700.00 40024196.00
2014/06/20 2.445 2.461 2.429 2.453 8913524.00 27470432.00
2014/06/23 2.446 2.494 2.398 2.406 13036657.00 39957952.00
2014/06/24 2.430 2.430 2.406 2.414 7853834.00 23914528.00
2014/06/25 2.430 2.430 2.374 2.382 11591000.00 34947312.00
2014/06/26 2.405 2.421 2.390 2.421 8922000.00 27043470.00
2014/06/27 2.414 2.421 2.390 2.406 8667609.00 26233028.00
2014/06/30 2.397 2.429 2.389 2.429 15712000.00 47715384.00
2014/07/02 2.438 2.486 2.422 2.470 26909688.00 83520168.00
2014/07/03 2.471 2.495 2.471 2.487 13440205.00 42056432.00
2014/07/04 2.497 2.513 2.473 2.481 10751525.00 33666208.00
2014/07/07 2.506 2.506 2.474 2.490 11917108.00 37286280.00
2014/07/08 2.481 2.497 2.473 2.489 8524874.00 26639056.00
2014/07/09 2.471 2.478 2.431 2.463 10238595.00 31639584.00
2014/07/10 2.458 2.466 2.426 2.450 10088000.00 31070450.00
2014/07/11 2.427 2.451 2.411 2.443 10159244.00 31212056.00
2014/07/14 2.451 2.475 2.444 2.475 12122000.00 37593152.00
2014/07/15 2.491 2.491 2.468 2.483 11013000.00 34373272.00
2014/07/16 2.469 2.493 2.461 2.477 7258124.00 22582214.00
2014/07/17 2.486 2.502 2.470 2.486 15209000.00 47574960.00
2014/07/18 2.470 2.486 2.447 2.470 8408100.00 26154462.00
2014/07/21 2.469 2.485 2.462 2.469 10681295.00 33281550.00
2014/07/22 2.445 2.549 2.445 2.549 47828428.00 151971040.00
2014/07/23 2.550 2.589 2.542 2.574 30795828.00 99677112.00
2014/07/24 2.558 2.685 2.558 2.677 69310584.00 230778640.00
2014/07/25 2.702 2.766 2.670 2.758 79177000.00 270456832.00
2014/07/28 2.719 2.767 2.719 2.727 30801940.00 106252200.00
2014/07/29 2.743 2.775 2.719 2.759 29745000.00 102748584.00
2014/07/30 2.768 2.792 2.681 2.681 39126412.00 134265232.00
2014/07/31 2.690 2.746 2.690 2.738 25387834.00 86653080.00
2014/08/01 2.690 2.722 2.674 2.682 16278959.00 55144224.00
2014/08/04 2.681 2.721 2.673 2.697 20281708.00 68818512.00
2014/08/05 2.697 2.713 2.657 2.681 20860000.00 70045512.00
2014/08/06 2.658 2.666 2.634 2.658 17645868.00 58744316.00
2014/08/07 2.642 2.650 2.602 2.602 16873308.00 55709128.00
2014/08/08 2.581 2.613 2.550 2.589 19871400.00 64548636.00
2014/08/11 2.611 2.643 2.611 2.643 15501000.00 51416464.00
2014/08/12 2.667 2.667 2.619 2.643 12385726.00 41092436.00
2014/08/13 2.644 2.675 2.620 2.675 22323352.00 74361592.00
2014/08/14 2.692 2.716 2.660 2.660 18997000.00 64255520.00
2014/08/15 2.668 2.699 2.668 2.684 11769309.00 39846644.00
2014/08/18 2.675 2.683 2.628 2.644 19041800.00 63495740.00
2014/08/19 2.668 2.684 2.621 2.644 15370417.00 51222692.00
2014/08/20 2.662 2.662 2.630 2.638 13229000.00 44026240.00
2014/08/21 2.632 2.648 2.576 2.592 21085000.00 68919872.00
2014/08/22 2.592 2.663 2.576 2.663 21569972.00 71168648.00
2014/08/25 2.609 2.625 2.577 2.617 28060404.00 91616648.00
2014/08/26 2.594 2.649 2.594 2.641 17640000.00 58415276.00
2014/08/27 2.641 2.657 2.593 2.609 25842000.00 85323888.00
2014/08/28 2.601 2.625 2.569 2.585 21437000.00 69877608.00
2014/08/29 2.585 2.593 2.553 2.577 19729798.00 63694744.00
2014/09/01 2.571 2.579 2.547 2.555 9946185.00 31948090.00
2014/09/02 2.555 2.579 2.515 2.571 16755000.00 53658796.00
2014/09/03 2.563 2.659 2.563 2.659 33309000.00 110214536.00
2014/09/04 2.665 2.753 2.665 2.745 66477596.00 227503648.00
2014/09/05 2.731 2.779 2.731 2.763 64639948.00 224528496.00
2014/09/08 2.779 2.850 2.763 2.850 93671928.00 332560320.00
2014/09/10 2.806 2.806 2.726 2.742 53630800.00 187508416.00
2014/09/11 2.767 2.791 2.720 2.751 21892722.00 76174072.00
2014/09/12 2.736 2.752 2.720 2.736 17251690.00 59468536.00
2014/09/15 2.712 2.720 2.664 2.672 19409444.00 65862548.00
2014/09/16 2.656 2.704 2.633 2.641 22299332.00 74542736.00
2014/09/17 2.688 2.703 2.648 2.656 16991660.00 57241940.00
2014/09/18 2.666 2.666 2.626 2.650 19959332.00 66526712.00
2014/09/19 2.656 2.688 2.616 2.656 43065000.00 144411120.00
2014/09/22 2.641 2.641 2.586 2.594 22411626.00 73382448.00
2014/09/23 2.577 2.649 2.577 2.617 20387848.00 67270832.00
2014/09/24 2.601 2.656 2.593 2.632 19192510.00 63705124.00
2014/09/25 2.634 2.658 2.602 2.618 16917000.00 56096920.00
2014/09/26 2.610 2.618 2.578 2.610 24493112.00 80143096.00
2014/09/29 2.569 2.585 2.537 2.553 35222416.00 113624256.00
2014/09/30 2.552 2.552 2.480 2.512 29356980.00 92896808.00
2014/10/03 2.465 2.575 2.457 2.544 26885820.00 85761880.00
2014/10/06 2.536 2.591 2.520 2.575 14000756.00 45254640.00
2014/10/07 2.575 2.583 2.552 2.568 19748008.00 63876784.00
2014/10/08 2.538 2.609 2.530 2.601 19689106.00 63934016.00
2014/10/09 2.623 2.647 2.591 2.607 15809008.00 52150916.00
2014/10/10 2.576 2.576 2.544 2.552 10689372.00 34492488.00
2014/10/13 2.551 2.566 2.495 2.527 15789600.00 50287160.00
2014/10/14 2.525 2.565 2.509 2.509 11118200.00 35579992.00
2014/10/15 2.535 2.551 2.519 2.519 9751700.00 31226580.00
2014/10/16 2.493 2.525 2.477 2.501 15940286.00 50345692.00
2014/10/17 2.509 2.525 2.478 2.494 40268700.00 126856640.00
2014/10/20 2.518 2.558 2.510 2.526 19059034.00 60876856.00
2014/10/21 2.525 2.549 2.501 2.517 8810315.00 28043426.00
2014/10/22 2.535 2.566 2.519 2.535 14826172.00 47652568.00
2014/10/23 2.520 2.559 2.520 2.551 7343131.00 23594072.00
2014/10/24 2.536 2.552 2.520 2.528 6134000.00 19632080.00
2014/10/27 2.519 2.527 2.495 2.511 8929135.00 28332184.00
2014/10/28 2.510 2.597 2.502 2.573 22666000.00 73229936.00
2014/10/29 2.588 2.620 2.581 2.604 26499148.00 87170048.00
2014/10/30 2.599 2.615 2.584 2.599 16635071.00 54511932.00
2014/10/31 2.615 2.655 2.607 2.655 28624252.00 95417712.00
2014/11/03 2.666 2.666 2.602 2.626 9700971.00 32126330.00
2014/11/04 2.619 2.707 2.604 2.699 38222108.00 129326368.00
2014/11/05 2.666 2.690 2.626 2.650 16176492.00 53970392.00
2014/11/06 2.660 2.660 2.613 2.629 11076605.00 36677152.00
2014/11/07 2.622 2.749 2.622 2.693 46477652.00 158420592.00
2014/11/10 2.747 2.763 2.708 2.716 32290634.00 111690992.00
2014/11/11 2.717 2.756 2.693 2.717 17235268.00 59273132.00
2014/11/12 2.709 2.765 2.701 2.741 19996000.00 69163632.00
2014/11/13 2.741 2.812 2.733 2.788 30512612.00 106882784.00
2014/11/14 2.763 2.811 2.755 2.803 32777890.00 115274648.00
2014/11/17 2.835 2.843 2.692 2.700 17322080.00 60026936.00
2014/11/18 2.701 2.725 2.654 2.670 18146890.00 61352276.00
2014/11/19 2.668 2.723 2.644 2.644 13256000.00 44743468.00
2014/11/20 2.677 2.693 2.645 2.653 14237000.00 48069968.00
2014/11/21 2.659 2.715 2.636 2.691 36595616.00 124281416.00
2014/11/24 2.771 2.795 2.740 2.779 50953000.00 178678880.00
2014/11/25 2.770 2.794 2.731 2.762 21885596.00 76358088.00
2014/11/26 2.769 3.006 2.753 2.967 171475984.00 630010304.00
2014/11/27 3.005 3.100 2.950 2.997 115862424.00 441412768.00
2014/11/28 2.999 3.062 2.967 2.983 70972016.00 270371776.00
2014/12/01 2.928 3.015 2.809 2.817 69785152.00 254108176.00
2014/12/02 2.815 2.997 2.815 2.973 74351744.00 275675840.00
2014/12/03 3.008 3.102 2.849 2.960 115275936.00 438932000.00
2014/12/04 3.010 3.034 2.931 3.010 66565816.00 252083072.00
2014/12/05 3.009 3.080 2.969 3.001 73314856.00 280286176.00
2014/12/08 3.012 3.075 2.981 3.044 69402544.00 267262272.00
2014/12/09 2.994 3.018 2.836 2.844 84567264.00 313272480.00
2014/12/10 2.873 2.873 2.810 2.834 57464416.00 206485072.00
2014/12/11 2.801 2.840 2.769 2.801 32045384.00 114148712.00
2014/12/12 2.826 2.865 2.794 2.818 27240102.00 97770152.00
2014/12/15 2.777 2.792 2.761 2.777 14305934.00 50393192.00
2014/12/16 2.762 2.833 2.762 2.801 115880960.00 424707840.00
2014/12/17 2.807 2.830 2.728 2.775 30345522.00 107071960.00
2014/12/18 2.817 2.833 2.793 2.817 17177220.00 61318580.00
2014/12/19 2.857 2.881 2.810 2.825 27209560.00 98053904.00
2014/12/22 2.826 2.945 2.819 2.913 57206580.00 210961600.00
2014/12/23 2.913 2.929 2.866 2.873 42252472.00 155173984.00
2014/12/24 2.858 2.890 2.803 2.803 15420385.00 55405276.00
2014/12/29 2.902 2.973 2.902 2.926 101835192.00 379305472.00
2014/12/30 2.951 2.951 2.841 2.857 46855172.00 171172992.00
2014/12/31 2.840 2.879 2.824 2.864 15608816.00 56503096.00
2015/01/02 2.856 3.053 2.848 3.053 143423952.00 541692928.00
2015/01/05 3.056 3.103 3.024 3.032 106297856.00 413034560.00
2015/01/06 3.001 3.017 2.946 2.978 40751656.00 154027360.00
2015/01/07 2.979 3.058 2.963 2.995 60013920.00 228359936.00
2015/01/08 3.036 3.044 2.988 3.012 32417464.00 123559040.00
2015/01/09 3.027 3.122 3.012 3.019 83422896.00 323516288.00
2015/01/12 3.033 3.041 2.962 3.009 26556948.00 100773256.00
2015/01/13 3.015 3.039 2.991 3.023 24483648.00 93763208.00
2015/01/14 3.039 3.047 2.976 2.976 28951404.00 110389824.00
2015/01/15 3.007 3.054 2.967 3.046 48351140.00 185257728.00
2015/01/16 3.015 3.047 2.976 3.007 58109600.00 221308528.00
2015/01/19 2.954 2.954 2.757 2.804 80804784.00 290593088.00
2015/01/20 2.843 2.890 2.827 2.875 37857724.00 137339520.00
2015/01/21 2.885 3.019 2.885 2.987 67812184.00 255248160.00
2015/01/22 3.018 3.097 3.002 3.058 99864024.00 385999264.00
2015/01/23 3.094 3.125 3.070 3.086 63035192.00 246244976.00
2015/01/26 3.088 3.104 3.048 3.088 23620000.00 91778088.00
2015/01/27 3.087 3.095 3.008 3.016 42012476.00 161003936.00
2015/01/28 3.004 3.051 2.988 3.020 30494338.00 116323168.00
2015/01/29 2.983 3.022 2.959 3.006 44673256.00 168953104.00
2015/01/30 3.024 3.024 2.969 3.000 20406144.00 77278056.00
2015/02/02 3.017 3.017 2.945 2.969 24034020.00 90173864.00
2015/02/03 2.992 3.039 2.944 3.031 25173000.00 94989936.00
2015/02/04 3.060 3.060 3.005 3.013 23738500.00 90950504.00
2015/02/05 3.063 3.087 3.016 3.040 34665952.00 133320984.00
2015/02/06 3.011 3.019 2.924 2.955 38455504.00 144030736.00
2015/02/09 2.918 2.974 2.902 2.942 16110720.00 59844528.00
2015/02/10 2.949 2.957 2.917 2.933 14860000.00 55138880.00
2015/02/11 2.950 2.958 2.926 2.950 9662180.00 35928696.00
2015/02/12 2.934 2.974 2.919 2.974 15446000.00 57644264.00
2015/02/13 2.988 2.988 2.940 2.964 18411000.00 68921472.00
2015/02/16 2.979 3.002 2.971 2.994 24952000.00 94254216.00
2015/02/17 2.996 3.004 2.972 2.980 17868000.00 67538008.00
2015/02/18 2.964 3.027 2.964 3.019 9284200.00 35231884.00
2015/02/23 3.027 3.027 2.988 3.004 11230881.00 42745856.00
2015/02/24 3.004 3.059 2.996 3.059 38552100.00 148474800.00
2015/02/25 3.071 3.110 3.047 3.095 61511116.00 240260992.00
2015/02/26 3.102 3.197 3.070 3.197 106472496.00 423139552.00
2015/02/27 3.210 3.210 3.171 3.179 53930328.00 217326224.00
2015/03/02 3.213 3.213 3.149 3.157 52787160.00 211425760.00
2015/03/03 3.174 3.174 3.063 3.071 38959000.00 152463520.00
2015/03/04 3.070 3.134 3.046 3.062 42401744.00 164950896.00
2015/03/05 3.070 3.094 2.999 3.015 38234000.00 146317072.00
2015/03/06 3.047 3.047 3.007 3.023 21215848.00 80969384.00
2015/03/09 3.000 3.063 2.992 3.039 14592000.00 55728736.00
2015/03/10 3.039 3.047 2.976 2.991 26999742.00 101854480.00
2015/03/11 2.969 3.016 2.961 2.969 17300234.00 64996796.00
2015/03/12 2.999 3.015 2.967 2.975 20851574.00 78567480.00
2015/03/13 3.006 3.093 3.006 3.069 45232800.00 175149280.00
2015/03/16 3.079 3.110 3.063 3.094 33211820.00 129581168.00
2015/03/17 3.117 3.133 3.046 3.077 29203200.00 113995304.00
2015/03/18 3.085 3.156 3.077 3.132 43651208.00 172356608.00
2015/03/19 3.130 3.161 3.114 3.138 39905844.00 158223840.00
2015/03/20 3.147 3.162 3.107 3.139 34835208.00 137882288.00
2015/03/23 3.161 3.169 3.121 3.137 28541988.00 113377712.00
2015/03/24 3.135 3.150 3.095 3.150 42875156.00 169607376.00
2015/03/25 3.159 3.167 3.128 3.151 37550032.00 149134432.00
2015/03/26 3.126 3.142 3.087 3.095 26160722.00 102803400.00
2015/03/27 3.128 3.128 3.080 3.104 25979900.00 101697816.00
2015/03/30 3.215 3.215 3.120 3.160 120929592.00 482672768.00
2015/03/31 3.192 3.208 3.105 3.121 95326040.00 379700256.00
2015/04/01 3.137 3.161 3.114 3.153 44500280.00 176805424.00
2015/04/02 3.168 3.176 3.144 3.160 59656512.00 238067840.00
2015/04/08 3.205 3.434 3.205 3.418 225333600.00 950234816.00
2015/04/09 3.561 3.838 3.506 3.546 252186672.00 1151439616.00
2015/04/10 3.643 3.666 3.492 3.666 178757584.00 815096704.00
2015/04/13 3.763 4.016 3.763 3.993 355573536.00 1755392384.00
2015/04/14 3.962 4.374 3.914 4.096 361168768.00 1884157696.00
2015/04/15 4.171 4.234 3.981 4.036 186674576.00 968229888.00
2015/04/16 4.050 4.239 4.018 4.224 158396640.00 831280128.00
2015/04/17 4.308 4.466 4.229 4.252 197166208.00 1084749568.00
2015/04/20 4.268 4.299 3.999 4.031 166730768.00 867224448.00
2015/04/21 4.112 4.191 4.072 4.151 97508448.00 510042048.00
2015/04/22 4.120 4.191 4.089 4.144 89327120.00 467947296.00
2015/04/23 4.135 4.207 3.993 4.017 113860032.00 589453376.00
2015/04/24 4.054 4.133 3.998 4.125 83541976.00 430489408.00
2015/04/27 4.187 4.345 4.179 4.266 148556160.00 800790784.00
2015/04/28 4.265 4.312 4.170 4.241 72533896.00 388862240.00
2015/04/29 4.278 4.293 4.104 4.199 79052248.00 420769792.00
2015/04/30 4.141 4.283 4.141 4.252 95167040.00 510434336.00
2015/05/04 4.285 4.340 4.237 4.324 105325784.00 575917568.00
2015/05/05 4.348 4.514 4.245 4.293 185051600.00 1026491072.00
2015/05/06 4.284 4.560 4.268 4.442 200583872.00 1128378624.00
2015/05/07 4.383 4.509 4.320 4.383 143439424.00 801617472.00
2015/05/08 4.448 4.503 4.408 4.456 90458664.00 512044096.00
2015/05/11 4.533 4.549 4.462 4.494 88054384.00 503981408.00
2015/05/12 4.504 4.520 4.378 4.394 63371156.00 358121664.00
2015/05/13 4.384 4.431 4.289 4.329 60941012.00 335467040.00
2015/05/14 4.335 4.343 4.256 4.264 48120524.00 261505728.00
2015/05/15 4.295 4.374 4.153 4.335 76320280.00 413043232.00
2015/05/18 4.326 4.350 4.263 4.303 27697100.00 151136112.00
2015/05/19 4.320 4.438 4.296 4.422 52331844.00 292125824.00
2015/05/20 4.415 4.431 4.344 4.392 39700392.00 221360256.00
2015/05/21 4.393 4.416 4.353 4.369 31895348.00 177391152.00
2015/05/22 4.415 4.431 4.360 4.423 53507040.00 298637376.00
2015/05/26 4.545 4.616 4.521 4.529 82075000.00 474520192.00
2015/05/27 4.539 4.586 4.523 4.555 64627836.00 372483776.00
2015/05/28 4.537 4.553 4.261 4.356 85396496.00 476675936.00
2015/05/29 4.373 4.412 4.270 4.341 59766004.00 330128288.00
2015/06/01 4.350 4.429 4.263 4.405 55808976.00 307718592.00
2015/06/02 4.398 4.398 4.295 4.319 46511876.00 255300096.00
2015/06/03 4.331 4.331 4.236 4.244 45650040.00 247344528.00
2015/06/04 4.260 4.331 4.110 4.236 81730576.00 437381728.00
2015/06/05 4.238 4.309 4.144 4.151 54395304.00 289241792.00
2015/06/08 4.192 4.224 4.113 4.192 38806664.00 204928272.00
2015/06/09 4.214 4.214 3.962 4.041 82541360.00 422564992.00
2015/06/10 4.032 4.048 3.906 3.953 87220280.00 440613248.00
2015/06/11 3.991 4.054 3.952 3.967 65117688.00 329729312.00
2015/06/12 4.016 4.095 3.977 4.008 97591432.00 497452416.00
2015/06/15 3.992 4.016 3.882 3.905 63629544.00 316609280.00
2015/06/16 3.881 3.881 3.613 3.629 144174672.00 677704704.00
2015/06/17 3.692 3.779 3.684 3.739 121796880.00 575972672.00
2015/06/18 3.761 3.777 3.690 3.706 61034900.00 288627744.00
2015/06/19 3.767 3.807 3.673 3.744 178762544.00 849631104.00
2015/06/22 3.712 3.799 3.712 3.783 69763648.00 334011552.00
2015/06/23 3.809 3.982 3.801 3.950 95326832.00 470090528.00
2015/06/24 3.975 4.054 3.951 3.975 51502000.00 260213472.00
2015/06/25 3.983 3.991 3.881 3.960 40674780.00 202972032.00
2015/06/26 3.865 3.959 3.809 3.841 57178380.00 280346912.00
2015/06/29 3.866 3.913 3.606 3.732 102345792.00 485350112.00
2015/06/30 3.730 3.935 3.730 3.912 69047848.00 337501376.00
2015/07/02 3.922 3.922 3.787 3.803 59337584.00 287539712.00
2015/07/03 3.834 3.842 3.629 3.692 58858828.00 276355648.00
2015/07/06 3.756 3.819 3.275 3.527 165010048.00 719573568.00
2015/07/07 3.566 3.574 3.266 3.314 132933664.00 564510656.00
2015/07/08 3.116 3.116 2.848 2.966 197669696.00 744288320.00
2015/07/09 3.021 3.344 2.918 3.258 107279152.00 435676320.00
2015/07/10 3.305 3.479 3.305 3.424 94055736.00 408022464.00
2015/07/13 3.376 3.581 3.376 3.533 64090032.00 285216160.00
2015/07/14 3.551 3.551 3.353 3.417 51749792.00 225883120.00
2015/07/15 3.432 3.455 3.313 3.353 40744832.00 173785792.00
2015/07/16 3.323 3.410 3.252 3.402 28970000.00 123336952.00
2015/07/17 3.442 3.482 3.403 3.418 40906604.00 178452352.00
2015/07/20 3.443 3.466 3.348 3.364 27982096.00 120250312.00
2015/07/21 3.340 3.458 3.316 3.435 40073256.00 173566560.00
2015/07/22 3.378 3.394 3.259 3.307 66502704.00 278677184.00
2015/07/23 3.291 3.394 3.275 3.370 25377744.00 108111840.00
2015/07/24 3.275 3.346 3.275 3.322 41073000.00 171927712.00
2015/07/27 3.260 3.315 3.125 3.141 65364512.00 264065536.00
2015/07/28 3.093 3.235 3.085 3.148 43879748.00 175938128.00
2015/07/29 3.164 3.235 3.108 3.211 48824640.00 196746224.00
2015/07/30 3.228 3.275 3.172 3.188 24811000.00 100628128.00
2015/07/31 3.219 3.219 3.125 3.172 26644292.00 106944856.00
2015/08/03 3.156 3.156 3.069 3.117 39803808.00 156608352.00
2015/08/04 3.109 3.172 3.070 3.156 28080372.00 111390536.00
2015/08/05 3.164 3.220 3.156 3.180 15965110.00 64304084.00
2015/08/06 3.165 3.181 3.110 3.117 18446264.00 73206208.00
2015/08/07 3.094 3.188 3.094 3.141 16960672.00 67815536.00
2015/08/10 3.140 3.353 3.140 3.298 47252000.00 195916176.00
2015/08/11 3.431 3.488 3.327 3.343 49818172.00 211498880.00
2015/08/12 3.353 3.378 3.280 3.329 33930000.00 138075472.00
2015/08/13 3.434 3.434 3.360 3.401 20895804.00 86148080.00
2015/08/14 3.383 3.416 3.350 3.359 19319340.00 79362456.00
2015/08/17 3.349 3.349 3.225 3.340 37841000.00 150273712.00
2015/08/18 3.333 3.366 3.234 3.250 31323284.00 124922264.00
2015/08/19 3.233 3.308 3.225 3.275 26957308.00 106528992.00
2015/08/20 3.232 3.273 3.133 3.207 47022512.00 182268144.00
2015/08/21 3.188 3.188 3.090 3.147 39501968.00 150169616.00
2015/08/24 2.982 2.998 2.792 2.891 89876752.00 313182368.00
2015/08/25 2.897 2.980 2.806 2.881 65131084.00 227789136.00
2015/08/26 2.933 3.024 2.834 2.875 38723040.00 136885472.00
2015/08/27 2.968 3.076 2.927 3.059 44703176.00 162402496.00
2015/08/28 3.014 3.129 3.014 3.038 39019704.00 144621376.00
2015/08/31 3.034 3.042 2.894 3.026 37353636.00 135026960.00
2015/09/01 3.035 3.035 2.789 2.830 48434104.00 169709824.00
2015/09/02 2.791 2.947 2.750 2.848 52836304.00 183300688.00
2015/09/04 2.816 2.906 2.799 2.865 38181600.00 132977784.00
2015/09/07 2.863 2.986 2.847 2.871 24286164.00 86335200.00
2015/09/08 2.956 3.079 2.899 3.030 42171264.00 154204704.00
2015/09/09 3.079 3.177 3.046 3.136 46033344.00 175525728.00
2015/09/10 3.036 3.151 3.003 3.126 30095780.00 113304480.00
2015/09/11 3.174 3.198 3.050 3.067 35882204.00 135579232.00
2015/09/14 3.083 3.132 3.025 3.083 19104218.00 71593440.00
2015/09/15 3.105 3.113 3.031 3.056 21451016.00 79949600.00
2015/09/16 3.107 3.190 3.058 3.124 29065350.00 110537784.00
2015/09/17 3.146 3.286 3.130 3.187 46902036.00 183591008.00
2015/09/18 3.184 3.266 3.160 3.242 21689724.00 85520272.00
2015/09/21 3.180 3.204 3.139 3.196 20250932.00 78445936.00
2015/09/22 3.207 3.272 3.166 3.174 21294000.00 83427440.00
2015/09/23 3.152 3.176 3.028 3.086 36858380.00 137933392.00
2015/09/24 3.111 3.111 3.029 3.087 19930000.00 74293432.00
2015/09/25 3.094 3.144 3.037 3.119 23343280.00 87471168.00
2015/09/29 2.998 3.056 2.982 3.047 25369396.00 93382296.00
2015/09/30 3.070 3.127 3.045 3.094 22194318.00 83695928.00
2015/10/02 3.119 3.234 3.103 3.193 34648856.00 134833808.00
2015/10/05 3.218 3.291 3.218 3.275 36654872.00 145762720.00
2015/10/06 3.332 3.349 3.242 3.259 18394000.00 73397848.00
2015/10/07 3.275 3.308 3.226 3.291 51241000.00 204158128.00
2015/10/08 3.286 3.335 3.245 3.286 30672176.00 122917568.00
2015/10/09 3.318 3.416 3.318 3.384 54001696.00 222898368.00
2015/10/12 3.371 3.428 3.371 3.379 30098452.00 125054096.00
2015/10/13 3.345 3.402 3.288 3.296 22268732.00 90947368.00
2015/10/14 3.256 3.346 3.256 3.330 13363274.00 54298596.00
2015/10/15 3.346 3.403 3.313 3.379 23145266.00 95729856.00
2015/10/16 3.430 3.462 3.397 3.421 23360170.00 97884368.00
2015/10/19 3.459 3.459 3.377 3.418 13912279.00 58076992.00
2015/10/20 3.390 3.456 3.390 3.423 19762832.00 82343968.00
2015/10/22 3.343 3.416 3.335 3.384 25115000.00 103578144.00
2015/10/23 3.446 3.455 3.397 3.422 30144028.00 125749120.00
2015/10/26 3.452 3.469 3.411 3.436 35875316.00 150272128.00
2015/10/27 3.441 3.441 3.367 3.425 25598700.00 106174128.00
2015/10/28 3.402 3.435 3.378 3.427 21160252.00 87959616.00
2015/10/29 3.446 3.446 3.373 3.397 33824664.00 140050960.00
2015/10/30 3.425 3.441 3.392 3.408 31520348.00 131292000.00
2015/11/02 3.374 3.414 3.333 3.357 29010472.00 120114992.00
2015/11/03 3.415 3.415 3.357 3.357 12390072.00 51295664.00
2015/11/04 3.375 3.473 3.375 3.400 50553488.00 211640256.00
2015/11/05 3.377 3.492 3.377 3.451 45628792.00 192573056.00
2015/11/06 3.447 3.472 3.414 3.463 30544532.00 128359960.00
2015/11/09 3.429 3.511 3.412 3.445 22219444.00 93561936.00
2015/11/10 3.397 3.446 3.380 3.389 24302416.00 100807672.00
2015/11/11 3.389 3.406 3.340 3.356 19011732.00 78017008.00
2015/11/12 3.358 3.423 3.341 3.399 20845000.00 86140888.00
2015/11/13 3.335 3.376 3.302 3.359 26130244.00 106360296.00
2015/11/16 3.331 3.389 3.274 3.306 23086436.00 93147024.00
2015/11/17 3.372 3.396 3.331 3.339 21283708.00 86986976.00
2015/11/18 3.334 3.375 3.309 3.325 11160815.00 45209900.00
2015/11/19 3.391 3.391 3.325 3.358 19741044.00 80755528.00
2015/11/20 3.391 3.465 3.341 3.432 15310758.00 63333792.00
2015/11/23 3.420 3.453 3.370 3.387 17562130.00 72519832.00
2015/11/24 3.405 3.405 3.347 3.396 15200132.00 62264592.00
2015/11/25 3.404 3.412 3.355 3.412 15839875.00 65182956.00
2015/11/26 3.413 3.446 3.364 3.388 14902252.00 61487056.00
2015/11/27 3.398 3.398 3.249 3.299 45253288.00 181152224.00
2015/11/30 3.268 3.351 3.252 3.301 44999296.00 179990160.00
2015/12/01 3.343 3.384 3.310 3.334 23132058.00 93865600.00
2015/12/02 3.375 3.441 3.325 3.383 31756280.00 130063920.00
2015/12/03 3.368 3.385 3.327 3.376 21496268.00 87402312.00
2015/12/04 3.295 3.345 3.287 3.295 21038452.00 84455408.00
2015/12/07 3.319 3.352 3.294 3.302 16035620.00 64470292.00
2015/12/08 3.224 3.257 3.158 3.241 56294688.00 218541984.00
2015/12/09 3.228 3.244 3.170 3.186 15591243.00 60067204.00
2015/12/10 3.208 3.208 3.133 3.158 21036598.00 80481376.00
2015/12/11 3.156 3.156 3.081 3.114 31909032.00 119269616.00
2015/12/14 3.037 3.154 3.037 3.145 14488179.00 54114100.00
2015/12/15 3.115 3.182 3.090 3.132 14328905.00 54110192.00
2015/12/16 3.194 3.244 3.194 3.219 22191846.00 85685560.00
2015/12/17 3.309 3.317 3.225 3.259 15594400.00 60942916.00
2015/12/18 3.227 3.286 3.202 3.252 11783314.00 45837920.00
2015/12/21 3.224 3.324 3.216 3.283 13968313.00 55115068.00
2015/12/22 3.266 3.316 3.266 3.291 9059055.00 35652496.00
2015/12/23 3.290 3.357 3.290 3.315 13132248.00 52347744.00
2015/12/24 3.317 3.359 3.317 3.334 7612000.00 30453660.00
2015/12/28 3.325 3.325 3.250 3.266 23242000.00 91212632.00
2015/12/29 3.247 3.297 3.230 3.264 12013300.00 46972028.00
2015/12/30 3.291 3.291 3.165 3.199 25950120.00 99294496.00
2015/12/31 3.200 3.225 3.158 3.184 17960000.00 68108760.00
2016/01/04 3.155 3.172 3.079 3.130 29512300.00 109757304.00
2016/01/05 3.136 3.170 3.086 3.111 26385420.00 97904400.00
2016/01/06 3.109 3.126 3.076 3.101 28216544.00 103707368.00
2016/01/07 3.074 3.099 2.930 2.955 42025108.00 147792864.00
2016/01/08 3.005 3.030 2.962 3.005 26215160.00 92971288.00
2016/01/11 2.917 2.925 2.832 2.849 39638776.00 134357312.00
2016/01/12 2.884 2.884 2.748 2.774 55043816.00 181710576.00
2016/01/13 2.833 2.884 2.749 2.757 33777136.00 111982536.00
2016/01/14 2.672 2.722 2.655 2.705 44547632.00 141989328.00
2016/01/15 2.701 2.709 2.625 2.642 36602224.00 115202936.00
2016/01/18 2.616 2.649 2.565 2.599 23450000.00 72918744.00
2016/01/19 2.598 2.707 2.589 2.690 47821576.00 150895920.00
2016/01/20 2.617 2.625 2.499 2.541 45569056.00 138872240.00
2016/01/21 2.568 2.618 2.467 2.467 40134000.00 120761648.00
2016/01/22 2.536 2.636 2.502 2.578 48751016.00 148690624.00
2016/01/25 2.615 2.648 2.564 2.581 29476376.00 90989936.00
2016/01/26 2.581 2.590 2.489 2.514 34660632.00 103845520.00
2016/01/27 2.574 2.574 2.499 2.524 25510032.00 76771000.00
2016/01/28 2.548 2.565 2.506 2.548 21240000.00 63992976.00
2016/01/29 2.556 2.615 2.506 2.598 42015060.00 128394184.00
2016/02/01 2.585 2.594 2.518 2.535 33428884.00 101065720.00
2016/02/02 2.527 2.535 2.493 2.501 29004650.00 86533568.00
2016/02/03 2.445 2.461 2.394 2.436 32730620.00 94368032.00
2016/02/04 2.511 2.519 2.419 2.419 20852616.00 60574704.00
2016/02/05 2.441 2.466 2.408 2.416 16950160.00 49132632.00
2016/02/11 2.307 2.341 2.299 2.324 19900394.00 54909288.00
2016/02/12 2.273 2.315 2.223 2.240 32361694.00 86853448.00
2016/02/15 2.274 2.383 2.266 2.349 29735986.00 82752520.00
2016/02/16 2.351 2.435 2.343 2.376 33648348.00 96440560.00
2016/02/17 2.411 2.420 2.336 2.353 31416390.00 89005776.00
2016/02/18 2.427 2.452 2.385 2.427 38751864.00 111968744.00
2016/02/19 2.405 2.430 2.388 2.414 15615216.00 44870764.00
2016/02/22 2.432 2.516 2.424 2.482 29310552.00 86933176.00
2016/02/23 2.512 2.520 2.436 2.436 32522000.00 95051936.00
2016/02/24 2.438 2.454 2.379 2.412 25086200.00 71769928.00
2016/02/25 2.430 2.447 2.346 2.363 23508796.00 66564768.00
2016/02/26 2.422 2.439 2.380 2.414 20552160.00 58821948.00
2016/02/29 2.399 2.441 2.349 2.366 19416856.00 54866864.00
2016/03/01 2.422 2.448 2.372 2.431 32509324.00 93547448.00
2016/03/02 2.494 2.553 2.485 2.527 38891864.00 116135408.00
2016/03/03 2.558 2.558 2.491 2.525 17391298.00 52127300.00
2016/03/04 2.554 2.588 2.538 2.580 30765416.00 93944232.00
2016/03/07 2.583 2.658 2.583 2.608 38871480.00 121655592.00
2016/03/08 2.571 2.580 2.513 2.538 23434412.00 71045544.00
2016/03/09 2.515 2.573 2.490 2.557 23382416.00 70600368.00
2016/03/10 2.583 2.583 2.533 2.558 20777998.00 63562272.00
2016/03/11 2.525 2.608 2.500 2.600 38545156.00 118746856.00
2016/03/14 2.635 2.668 2.610 2.618 22251716.00 70156712.00
2016/03/15 2.608 2.650 2.608 2.617 18254328.00 57128080.00
2016/03/16 2.612 2.662 2.570 2.604 15839319.00 49213696.00
2016/03/17 2.671 2.671 2.613 2.654 41244640.00 130678808.00
2016/03/18 2.642 2.700 2.617 2.683 40403540.00 129637552.00
2016/03/21 2.667 2.734 2.667 2.692 35266000.00 114303168.00
2016/03/22 2.715 2.723 2.665 2.698 26664342.00 85749456.00
2016/03/23 2.697 2.713 2.638 2.663 21408416.00 68260280.00
2016/03/24 2.653 2.670 2.611 2.620 23321460.00 73067144.00
2016/03/29 2.659 2.659 2.608 2.633 26788416.00 84092096.00
2016/03/30 2.675 2.709 2.650 2.692 39913052.00 127974304.00
2016/03/31 2.683 2.741 2.666 2.733 29061894.00 94626968.00
2016/04/01 2.740 2.740 2.657 2.673 27719296.00 89542416.00
2016/04/05 2.652 2.710 2.635 2.677 29869032.00 95913616.00
2016/04/06 2.638 2.697 2.638 2.688 20980352.00 67301384.00
2016/04/07 2.695 2.712 2.637 2.637 13157703.00 41857140.00
2016/04/08 2.611 2.678 2.594 2.653 17341968.00 55003104.00
2016/04/11 2.650 2.692 2.625 2.683 14692890.00 46988660.00
2016/04/12 2.700 2.716 2.650 2.675 13884065.00 44725704.00
2016/04/13 2.707 2.815 2.690 2.790 25774984.00 85519576.00
2016/04/14 2.836 2.886 2.794 2.811 39681172.00 133796800.00
2016/04/15 2.837 2.837 2.778 2.828 15857925.00 53322876.00
2016/04/18 2.774 2.807 2.690 2.748 23928138.00 78084088.00
2016/04/19 2.778 2.803 2.720 2.803 23508018.00 78088552.00
2016/04/20 2.773 2.814 2.723 2.748 29505448.00 97813064.00
2016/04/21 2.799 2.816 2.766 2.782 16762249.00 55998700.00
2016/04/22 2.761 2.802 2.752 2.794 14615862.00 48558620.00
2016/04/25 2.770 2.770 2.695 2.695 24767416.00 80078552.00
2016/04/26 2.693 2.702 2.635 2.693 23596560.00 75147016.00
2016/04/27 2.667 2.700 2.642 2.692 13896843.00 44488612.00
2016/04/28 2.713 2.722 2.655 2.680 23335766.00 74946400.00
2016/04/29 2.639 2.648 2.606 2.614 18100224.00 57052996.00
2016/05/03 2.571 2.571 2.455 2.488 71960808.00 215661120.00
2016/05/04 2.502 2.519 2.477 2.510 25313408.00 75602640.00
2016/05/05 2.492 2.526 2.484 2.509 25077000.00 74868904.00
2016/05/06 2.512 2.520 2.453 2.462 21383962.00 63123468.00
2016/05/09 2.475 2.492 2.458 2.483 16216716.00 47914428.00
2016/05/10 2.462 2.529 2.454 2.504 20618988.00 61115856.00
2016/05/11 2.504 2.537 2.470 2.504 23084428.00 68805424.00
2016/05/12 2.494 2.503 2.461 2.494 13979542.00 41495176.00
2016/05/13 2.497 2.505 2.438 2.455 25457000.00 74701744.00
2016/05/16 2.457 2.525 2.415 2.474 18281094.00 53868548.00
2016/05/17 2.511 2.537 2.478 2.520 19858500.00 59417488.00
2016/05/18 2.478 2.504 2.453 2.495 14634920.00 43238328.00
2016/05/19 2.489 2.497 2.447 2.464 16371000.00 47926264.00
2016/05/20 2.480 2.514 2.446 2.480 12358138.00 36486308.00
2016/05/23 2.486 2.494 2.461 2.469 19458956.00 57229236.00
2016/05/24 2.461 2.503 2.461 2.503 18076996.00 53337032.00
2016/05/25 2.571 2.588 2.537 2.563 24881820.00 75326808.00
2016/05/26 2.541 2.567 2.516 2.550 17130820.00 51441796.00
2016/05/27 2.547 2.589 2.521 2.572 18084574.00 54901416.00
2016/05/30 2.558 2.617 2.558 2.592 21163692.00 64820016.00
2016/05/31 2.574 2.668 2.574 2.634 40090564.00 124637432.00
2016/06/01 2.612 2.671 2.612 2.645 22845052.00 71359784.00
2016/06/02 2.621 2.663 2.604 2.638 22208574.00 69154808.00
2016/06/03 2.642 2.667 2.617 2.650 19332004.00 60540116.00
2016/06/06 2.622 2.673 2.614 2.639 34121484.00 106836080.00
2016/06/07 2.661 2.720 2.661 2.712 22415120.00 71784368.00
2016/06/08 2.694 2.720 2.644 2.703 13094260.00 41792256.00
2016/06/10 2.677 2.694 2.618 2.627 15483923.00 48553728.00
2016/06/13 2.602 2.611 2.543 2.560 23169248.00 70191960.00
2016/06/14 2.543 2.593 2.526 2.543 19840128.00 59907500.00
2016/06/15 2.517 2.585 2.517 2.560 20005480.00 60113232.00
2016/06/16 2.516 2.533 2.482 2.508 21874100.00 64591320.00
2016/06/17 2.552 2.561 2.519 2.552 23162974.00 69455016.00
2016/06/20 2.566 2.608 2.540 2.583 15128834.00 46122784.00
2016/06/21 2.589 2.614 2.572 2.614 13115034.00 40302744.00
2016/06/22 2.617 2.660 2.575 2.643 19009000.00 58883672.00
2016/06/23 2.632 2.658 2.607 2.641 7265004.00 22580990.00
2016/06/24 2.518 2.637 2.476 2.535 66952472.00 199938064.00
2016/06/27 2.531 2.583 2.514 2.557 19847000.00 59267536.00
2016/06/28 2.529 2.546 2.495 2.521 28987834.00 85012416.00
2016/06/29 2.522 2.530 2.479 2.496 34123536.00 99691320.00
2016/06/30 2.521 2.547 2.504 2.538 33409264.00 98940584.00
2016/07/04 2.570 2.570 2.519 2.545 26549182.00 78948984.00
2016/07/05 2.558 2.558 2.506 2.524 19264320.00 56754116.00
2016/07/06 2.499 2.516 2.464 2.482 28488000.00 82115576.00
2016/07/07 2.498 2.532 2.481 2.515 25851904.00 75270136.00
2016/07/08 2.490 2.490 2.447 2.473 26012696.00 74488416.00
2016/07/11 2.499 2.525 2.490 2.499 25816308.00 75292048.00
2016/07/12 2.537 2.554 2.511 2.554 37760640.00 111069264.00
2016/07/13 2.569 2.595 2.552 2.595 29002092.00 86806848.00
2016/07/14 2.560 2.603 2.560 2.594 16405479.00 49108152.00
2016/07/15 2.602 2.645 2.585 2.619 32598000.00 99231816.00
2016/07/18 2.616 2.651 2.608 2.642 16325770.00 49744628.00
2016/07/19 2.617 2.651 2.608 2.617 12711000.00 38569620.00
2016/07/20 2.607 2.633 2.590 2.607 17825264.00 53876780.00
2016/07/21 2.604 2.621 2.595 2.613 13682028.00 41464768.00
2016/07/22 2.622 2.622 2.587 2.596 16455906.00 49815832.00
2016/07/25 2.620 2.620 2.577 2.612 26339012.00 79210968.00
2016/07/26 2.583 2.634 2.583 2.600 27473804.00 83365320.00
2016/07/27 2.613 2.639 2.587 2.604 30906000.00 93896856.00
2016/07/28 2.584 2.610 2.576 2.610 14466000.00 43619352.00
2016/07/29 2.598 2.598 2.547 2.555 23271000.00 69754384.00
2016/08/01 2.563 2.597 2.563 2.563 24546260.00 74167088.00
2016/08/03 2.542 2.550 2.508 2.508 28249740.00 83534800.00
2016/08/04 2.535 2.552 2.526 2.526 18236036.00 54038808.00
2016/08/05 2.534 2.611 2.534 2.586 28670000.00 86664728.00
2016/08/08 2.611 2.663 2.603 2.663 29119108.00 89565816.00
2016/08/09 2.644 2.679 2.636 2.670 19558840.00 60618456.00
2016/08/10 2.676 2.685 2.642 2.667 18733128.00 58188284.00
2016/08/11 2.631 2.699 2.631 2.665 36759284.00 114953416.00
2016/08/12 2.694 2.780 2.694 2.763 38964000.00 124474056.00
2016/08/15 2.741 2.869 2.741 2.827 64141000.00 211753184.00
2016/08/16 2.830 2.864 2.804 2.812 27710848.00 91590304.00
2016/08/17 2.803 2.811 2.743 2.751 31024508.00 100741000.00
2016/08/18 2.769 2.812 2.761 2.778 31181392.00 101727088.00
2016/08/19 2.767 2.793 2.724 2.741 21090002.00 67878608.00
2016/08/22 2.751 2.768 2.682 2.725 21229444.00 67017168.00
2016/08/23 2.731 2.765 2.697 2.765 22889100.00 73116088.00
2016/08/24 2.767 2.767 2.690 2.741 23662028.00 75048040.00
2016/08/25 2.757 2.800 2.714 2.757 27339100.00 87759976.00
2016/08/26 2.744 2.769 2.735 2.752 17609340.00 56397812.00
2016/08/29 2.741 2.767 2.698 2.715 19123200.00 60117552.00
2016/08/30 2.714 2.739 2.696 2.722 21023100.00 66455592.00
2016/08/31 2.726 2.743 2.691 2.691 33938576.00 106215832.00
2016/09/01 2.686 2.721 2.678 2.703 18699318.00 58641768.00
2016/09/02 2.701 2.778 2.701 2.753 35901896.00 114593832.00
2016/09/05 2.794 2.854 2.794 2.828 34735016.00 114132352.00
2016/09/06 2.837 2.863 2.820 2.855 31067258.00 102675336.00
2016/09/07 2.841 2.884 2.815 2.849 29645568.00 98498904.00
2016/09/08 2.852 2.903 2.843 2.886 31133632.00 104504016.00
2016/09/09 2.906 2.992 2.888 2.923 51988000.00 178338528.00
2016/09/12 2.890 2.898 2.786 2.812 41077704.00 134425696.00
2016/09/13 2.830 2.856 2.761 2.770 27059638.00 87844368.00
2016/09/14 2.794 2.819 2.759 2.785 24846896.00 80296712.00
2016/09/15 2.802 2.837 2.785 2.819 19797704.00 64612672.00
2016/09/19 2.841 2.884 2.824 2.841 21595422.00 71559896.00
2016/09/20 2.841 2.859 2.799 2.799 21606648.00 70824872.00
2016/09/21 2.813 2.865 2.788 2.831 23577288.00 77576464.00
2016/09/22 2.865 2.907 2.830 2.865 23046670.00 77072736.00
2016/09/23 2.880 2.880 2.828 2.837 21945680.00 72708848.00
2016/09/26 2.823 2.823 2.762 2.771 20510340.00 66361572.00
2016/09/27 2.758 2.801 2.741 2.776 19751480.00 63769868.00
2016/09/28 2.760 2.777 2.743 2.760 15019082.00 48185268.00
2016/09/29 2.787 2.796 2.753 2.753 16395876.00 52614288.00
2016/09/30 2.746 2.755 2.695 2.721 28938332.00 91315808.00
2016/10/03 2.746 2.764 2.712 2.729 9884276.00 31340046.00
2016/10/04 2.746 2.746 2.695 2.729 11094156.00 35059140.00
2016/10/05 2.729 2.772 2.703 2.738 12455398.00 39728296.00
2016/10/06 2.738 2.790 2.729 2.772 21186876.00 68096440.00
2016/10/07 2.790 2.798 2.738 2.746 13582614.00 43396580.00
2016/10/11 2.767 2.802 2.724 2.750 17143000.00 54540488.00
2016/10/12 2.739 2.748 2.696 2.713 30166848.00 94444576.00
2016/10/13 2.724 2.724 2.672 2.680 27041788.00 83733864.00
2016/10/14 2.684 2.718 2.666 2.692 16142000.00 50193676.00
2016/10/17 2.718 2.727 2.675 2.701 18921000.00 58968344.00
2016/10/18 2.707 2.741 2.698 2.724 17332500.00 54475672.00
2016/10/19 2.733 2.733 2.681 2.699 19458816.00 60594744.00
2016/10/20 2.716 2.724 2.698 2.698 6334708.00 19756096.00
2016/10/24 2.714 2.783 2.705 2.766 25854000.00 81574648.00
2016/10/25 2.760 2.777 2.742 2.760 10533000.00 33305220.00
2016/10/26 2.758 2.758 2.715 2.741 15734000.00 49261724.00
2016/10/27 2.733 2.742 2.672 2.716 26962992.00 83354232.00
2016/10/28 2.713 2.721 2.660 2.686 28691334.00 87959952.00
2016/10/31 2.669 2.713 2.652 2.695 20900402.00 64438428.00
2016/11/01 2.690 2.734 2.681 2.699 20454232.00 63493144.00
2016/11/02 2.674 2.683 2.631 2.666 24318356.00 74192440.00
2016/11/03 2.637 2.672 2.620 2.637 18044372.00 54885072.00
2016/11/04 2.612 2.664 2.612 2.647 19498464.00 59134084.00
2016/11/07 2.654 2.689 2.646 2.654 11486748.00 35061716.00
2016/11/08 2.685 2.702 2.658 2.693 14450967.00 44375348.00
2016/11/09 2.703 2.712 2.563 2.615 56275656.00 167805024.00
2016/11/10 2.652 2.696 2.652 2.661 21265000.00 64953992.00
2016/11/11 2.661 2.661 2.600 2.635 34730980.00 104134104.00
2016/11/14 2.614 2.649 2.605 2.632 25105126.00 74833232.00
2016/11/15 2.649 2.667 2.631 2.649 22155976.00 66522428.00
2016/11/16 2.679 2.759 2.662 2.697 34738000.00 106626944.00
2016/11/17 2.692 2.736 2.683 2.692 12493052.00 38072684.00
2016/11/18 2.687 2.696 2.670 2.696 14469040.00 43815596.00
2016/11/21 2.695 2.792 2.686 2.739 41369592.00 128270728.00
2016/11/22 2.767 2.811 2.758 2.776 32908508.00 103515248.00
2016/11/23 2.781 2.807 2.763 2.790 21268966.00 66817404.00
2016/11/24 2.797 2.832 2.752 2.815 28563000.00 90078288.00
2016/11/25 2.809 2.916 2.800 2.898 58544496.00 189114528.00
2016/11/28 2.911 2.920 2.866 2.893 26077700.00 84882728.00
2016/11/29 2.869 2.887 2.842 2.860 31458778.00 101498224.00
2016/11/30 2.886 2.912 2.868 2.904 42141712.00 137196848.00
2016/12/01 2.907 2.916 2.872 2.898 21250942.00 69295320.00
2016/12/02 2.847 2.874 2.830 2.847 31954036.00 102735008.00
2016/12/05 2.868 2.868 2.815 2.850 29711530.00 95040872.00
2016/12/06 2.856 2.874 2.830 2.847 27192428.00 87594752.00
2016/12/07 2.875 2.910 2.857 2.875 23453578.00 76168416.00
2016/12/08 2.915 2.924 2.880 2.889 19724160.00 64394616.00
2016/12/09 2.899 2.917 2.863 2.899 21918252.00 71272352.00
2016/12/12 2.902 2.911 2.822 2.849 23203904.00 74276152.00
2016/12/13 2.861 2.879 2.825 2.870 27383838.00 88144048.00
2016/12/14 2.883 2.901 2.857 2.874 27896360.00 90199704.00
2016/12/15 2.822 2.849 2.796 2.822 34148024.00 107507264.00
2016/12/16 2.813 2.858 2.795 2.804 69953864.00 196133856.00
