2010/10/08 2.843 2.861 2.731 2.800 35386336.00 114402416.00
2010/10/11 2.779 2.796 2.598 2.615 31954000.00 98496544.00
2010/10/12 2.607 2.625 2.427 2.487 59327000.00 171521952.00
2010/10/13 2.476 2.725 2.476 2.716 71370000.00 221850848.00
2010/10/14 2.763 2.840 2.668 2.737 25731000.00 82217960.00
2010/10/15 2.725 2.777 2.725 2.734 8981000.00 28777280.00
2010/10/18 2.762 2.770 2.659 2.702 5922000.00 18585950.00
2010/10/19 2.702 2.711 2.625 2.685 22112000.00 68547352.00
2010/10/20 2.581 2.624 2.512 2.572 31503000.00 94230520.00
2010/10/21 2.568 2.620 2.560 2.577 17868568.00 53746008.00
2010/10/22 2.571 2.588 2.562 2.580 14434000.00 43299248.00
2010/10/25 2.553 2.725 2.553 2.682 7412000.00 23082350.00
2010/10/26 2.650 2.702 2.616 2.642 3388000.00 10541910.00
2010/10/27 2.647 2.690 2.578 2.595 2107000.00 6394010.00
2010/10/28 2.590 2.677 2.573 2.659 2118000.00 6472750.00
2010/10/29 2.665 2.665 2.605 2.614 1371000.00 4173850.00
2010/11/01 2.614 2.631 2.519 2.545 1956666.00 5868898.00
2010/11/02 2.521 2.590 2.521 2.555 1202000.00 3578860.00
2010/11/03 2.595 2.638 2.543 2.551 2630000.00 7897350.00
2010/11/04 2.582 2.590 2.556 2.573 1638000.00 4898920.00
2010/11/05 2.604 2.647 2.535 2.638 8650000.00 26050200.00
2010/11/08 2.633 2.710 2.624 2.684 9735000.00 30363000.00
2010/11/09 2.663 2.731 2.628 2.680 19651000.00 61264820.00
2010/11/10 2.786 2.880 2.769 2.786 34549716.00 113070832.00
2010/11/11 2.803 2.991 2.769 2.803 31722000.00 107131904.00
2010/11/12 2.846 2.846 2.760 2.786 8561000.00 27878490.00
2010/11/15 2.788 2.806 2.703 2.711 8962000.00 28786180.00
2010/11/16 2.777 2.777 2.640 2.657 5666400.00 17569108.00
2010/11/17 2.615 2.709 2.606 2.632 1258000.00 3888310.00
2010/11/18 2.656 2.785 2.631 2.759 1812000.00 5762430.00
2010/11/19 2.766 2.861 2.681 2.698 3764000.00 12145200.00
2010/11/22 2.705 2.740 2.680 2.731 663000.00 2090160.00
2010/11/23 2.751 2.759 2.622 2.691 1502000.00 4720070.00
2010/11/24 2.738 2.738 2.652 2.669 2422000.00 7589870.00
2010/11/25 2.702 2.737 2.677 2.677 1931000.00 6080360.00
2010/11/26 2.676 2.702 2.642 2.650 2004000.00 6211165.00
2010/11/29 2.655 2.655 2.577 2.586 2470000.00 7566667.00
2010/11/30 2.597 2.597 2.476 2.485 2778000.00 8093514.00
2010/12/01 2.485 2.502 2.425 2.442 4387000.00 12579731.00
2010/12/02 2.456 2.499 2.439 2.447 5426000.00 15555897.00
2010/12/03 2.487 2.495 2.444 2.461 3336000.00 9613318.00
2010/12/06 2.502 2.536 2.484 2.484 1173000.00 3426320.00
2010/12/07 2.504 2.521 2.504 2.504 339000.00 990990.00
2010/12/08 2.488 2.522 2.471 2.479 398000.00 1148270.00
2010/12/09 2.488 2.488 2.463 2.463 73000.00 209990.00
2010/12/10 2.451 2.451 2.374 2.426 1157000.00 3243000.00
2010/12/13 2.408 2.511 2.408 2.476 1434000.00 4169400.00
2010/12/14 2.472 2.498 2.455 2.455 705000.00 2037220.00
2010/12/15 2.457 2.483 2.432 2.466 513000.00 1469660.00
2010/12/16 2.476 2.519 2.442 2.451 1463000.00 4243290.00
2010/12/17 2.423 2.483 2.415 2.458 234000.00 666700.00
2010/12/20 2.458 2.510 2.390 2.458 449000.00 1265960.00
2010/12/21 2.458 2.500 2.346 2.500 3473000.00 9663370.00
2010/12/22 2.499 2.499 2.440 2.465 979000.00 2820580.00
2010/12/23 2.435 2.452 2.410 2.427 94000.00 267080.00
2010/12/24 2.432 2.432 2.389 2.406 896000.00 2520330.00
2010/12/28 2.384 2.410 2.384 2.384 2865000.00 8039960.00
2010/12/29 2.384 2.418 2.358 2.375 2583384.00 7216639.00
2010/12/30 2.383 2.400 2.374 2.383 861000.00 2412670.00
2010/12/31 2.400 2.417 2.349 2.366 2475000.00 6924930.00
2011/01/03 2.366 2.391 2.366 2.391 218000.00 608270.00
2011/01/04 2.403 2.548 2.394 2.514 2818000.00 8170820.00
2011/01/05 2.534 2.534 2.466 2.500 2868389.00 8384136.00
2011/01/06 2.500 2.603 2.466 2.526 4557000.00 13558870.00
2011/01/07 2.517 2.637 2.509 2.620 7194000.00 21521630.00
2011/01/10 2.629 2.637 2.552 2.552 2006000.00 6052570.00
2011/01/11 2.529 2.554 2.503 2.512 1941000.00 5772320.00
2011/01/12 2.534 2.534 2.492 2.509 2505000.00 7402230.00
2011/01/13 2.513 2.539 2.462 2.496 1286000.00 3782880.00
2011/01/14 2.509 2.543 2.466 2.483 2190906.00 6461218.00
2011/01/17 2.475 2.500 2.390 2.390 1726000.00 4912310.00
2011/01/18 2.406 2.457 2.406 2.432 754000.00 2170370.00
2011/01/19 2.465 2.575 2.465 2.533 7007000.00 20831810.00
2011/01/20 2.499 2.541 2.473 2.533 1650000.00 4908020.00
2011/01/21 2.531 2.531 2.488 2.488 842000.00 2492360.00
2011/01/24 2.529 2.529 2.478 2.478 1864812.00 5499348.00
2011/01/25 2.451 2.493 2.451 2.451 957000.00 2810330.00
2011/01/26 2.452 2.452 2.393 2.393 1252000.00 3583260.00
2011/01/27 2.412 2.412 2.344 2.361 2515000.00 7024500.00
2011/01/28 2.345 2.379 2.345 2.353 954000.00 2663400.00
2011/01/31 2.325 2.359 2.325 2.351 2753000.00 7661362.00
2011/02/01 2.365 2.365 2.239 2.289 5124000.00 13829980.00
2011/02/02 2.281 2.323 2.281 2.323 3887408.00 10541358.00
2011/02/07 2.332 2.332 2.289 2.289 2506000.00 6803980.00
2011/02/08 2.289 2.323 2.281 2.298 2934000.00 7999689.00
2011/02/09 2.301 2.326 2.208 2.225 1755000.00 4648510.00
2011/02/10 2.216 2.224 2.114 2.114 3566000.00 9150610.00
2011/02/11 2.117 2.193 2.083 2.108 9735000.00 24393680.00
2011/02/14 2.117 2.167 2.108 2.117 2261000.00 5686710.00
2011/02/15 2.115 2.132 2.056 2.106 2832000.00 6997010.00
2011/02/16 2.087 2.087 2.070 2.070 748000.00 1836520.00
2011/02/17 2.061 2.095 1.926 1.943 5836000.00 13501000.00
2011/02/18 1.960 1.994 1.926 1.951 3007000.00 6980330.00
2011/02/21 1.941 1.958 1.882 1.882 3182000.00 7201790.00
2011/02/22 1.867 1.867 1.757 1.825 4876000.00 10390140.00
2011/02/23 1.808 1.943 1.808 1.909 10852000.00 23379524.00
2011/02/24 1.916 1.924 1.798 1.798 1075000.00 2378960.00
2011/02/25 1.856 1.907 1.805 1.898 1790043.00 3931805.00
2011/02/28 1.915 1.974 1.915 1.940 1376000.00 3182670.00
2011/03/01 1.966 2.067 1.949 2.042 1832000.00 4375630.00
2011/03/02 2.042 2.059 1.949 2.008 2069000.00 4891710.00
2011/03/03 2.032 2.150 2.032 2.133 3471000.00 8738000.00
2011/03/04 2.192 2.294 2.133 2.260 6182005.00 16492194.00
2011/03/07 2.242 2.268 2.141 2.192 4821000.00 12577513.00
2011/03/09 2.287 2.287 2.102 2.110 3376000.00 8482660.00
2011/03/10 2.109 2.126 2.093 2.118 549980.00 1373830.00
2011/03/11 2.127 2.127 2.068 2.068 685000.00 1688970.00
2011/03/14 2.058 2.083 2.024 2.024 359000.00 873700.00
2011/03/15 2.023 2.065 1.930 1.989 3869000.00 9071230.00
2011/03/16 1.990 2.032 1.981 2.015 15500000.00 36997608.00
2011/03/17 2.004 2.029 1.978 2.012 7299000.00 17241800.00
2011/03/18 2.029 2.062 1.961 2.020 5282000.00 12600300.00
2011/03/21 2.020 2.087 2.020 2.070 3268000.00 8020860.00
2011/03/22 2.069 2.069 2.011 2.011 3091000.00 7455590.00
2011/03/23 1.994 2.003 1.919 1.986 2630500.00 6168065.00
2011/03/24 2.004 2.012 1.962 2.004 1001000.00 2366730.00
2011/03/25 2.036 2.061 2.002 2.019 1389000.00 3350230.00
2011/03/28 2.020 2.062 2.020 2.020 545000.00 1313400.00
2011/03/29 2.020 2.070 2.011 2.036 1079000.00 2607790.00
2011/03/30 2.062 2.087 2.037 2.037 974000.00 2390930.00
2011/03/31 2.080 2.089 2.038 2.047 759000.00 1859640.00
2011/04/01 2.072 2.123 2.055 2.098 1441000.00 3586850.00
2011/04/04 2.131 2.199 2.106 2.114 1662000.00 4231470.00
2011/04/06 2.115 2.149 2.098 2.140 1572000.00 3963480.00
2011/04/07 2.130 2.155 2.113 2.122 818000.00 2067980.00
2011/04/08 2.121 2.163 2.113 2.121 929000.00 2354750.00
2011/04/11 2.113 2.248 2.113 2.138 1895000.00 4890190.00
2011/04/12 2.105 2.138 2.071 2.105 1338000.00 3343520.00
2011/04/13 2.094 2.127 2.085 2.102 1375000.00 3437270.00
2011/04/14 2.100 2.159 2.092 2.117 3304000.00 8339135.00
2011/04/15 2.108 2.116 2.066 2.091 6278000.00 15621030.00
2011/04/18 2.075 2.083 2.058 2.075 1584000.00 3907680.00
2011/04/19 2.058 2.074 2.024 2.024 2295000.00 5565290.00
2011/04/20 2.023 2.099 2.015 2.049 2957617.00 7191393.00
2011/04/21 2.082 2.115 2.014 2.107 3343000.00 8247235.00
2011/04/26 2.080 2.180 2.063 2.138 8750000.00 22458020.00
2011/04/27 2.161 2.228 2.102 2.161 12557000.00 32586340.00
2011/04/28 2.160 2.378 2.160 2.302 75044000.00 193013072.00
2011/04/29 2.308 2.367 2.242 2.308 9298235.00 25780064.00
2011/05/03 2.309 2.410 2.217 2.234 8764800.00 23866200.00
2011/05/04 2.235 2.243 2.143 2.176 4882000.00 12718900.00
2011/05/05 2.192 2.284 2.192 2.276 3911000.00 10436240.00
2011/05/06 2.275 2.291 2.174 2.216 5930000.00 15613840.00
2011/05/09 2.199 2.266 2.199 2.250 1466000.00 3942910.00
2011/05/11 2.240 2.273 2.223 2.231 2747600.00 7367470.00
2011/05/12 2.233 2.266 2.191 2.208 1894000.00 5023170.00
2011/05/13 2.208 2.267 2.200 2.267 553000.00 1471180.00
2011/05/16 2.261 2.269 2.236 2.236 171000.00 458580.00
2011/05/17 2.244 2.260 2.219 2.244 903000.00 2423200.00
2011/05/18 2.285 2.310 2.260 2.285 3640000.00 9935620.00
2011/05/19 2.284 2.351 2.284 2.343 2865000.00 7982630.00
2011/05/20 2.341 2.349 2.274 2.307 1632200.00 4481162.00
2011/05/23 2.291 2.291 2.224 2.257 1045000.00 2838040.00
2011/05/24 2.258 2.300 2.258 2.291 755000.00 2063550.00
2011/05/25 2.255 2.313 2.255 2.280 673000.00 1837430.00
2011/05/26 2.252 2.311 2.252 2.286 749000.00 2058750.00
2011/05/27 2.285 2.318 2.276 2.301 855000.00 2356190.00
2011/05/30 2.301 2.401 2.301 2.351 5090000.00 14269470.00
2011/05/31 2.359 2.559 2.351 2.518 14272000.00 42680880.00
2011/06/01 2.493 2.493 2.451 2.484 1524840.00 4533248.00
2011/06/02 2.485 2.485 2.410 2.460 3542000.00 10447890.00
2011/06/03 2.501 2.568 2.460 2.476 2354000.00 7047260.00
2011/06/07 2.491 2.491 2.450 2.483 1743000.00 5182670.00
2011/06/08 2.474 2.474 2.357 2.415 1183000.00 3478620.00
2011/06/09 2.416 2.499 2.399 2.458 4414000.00 13029080.00
2011/06/10 2.517 2.517 2.442 2.467 3994000.00 11809440.00
2011/06/13 2.418 2.451 2.393 2.409 2829000.00 8178930.00
2011/06/14 2.381 2.431 2.381 2.406 2183778.00 6335232.00
2011/06/15 2.456 2.489 2.389 2.414 4796000.00 14060070.00
2011/06/16 2.396 2.404 2.229 2.346 3603000.00 10094630.00
2011/06/17 2.322 2.322 2.264 2.306 2921000.00 8053110.00
2011/06/20 2.308 2.308 2.075 2.167 2862700.00 7552226.00
2011/06/21 2.175 2.200 2.134 2.142 1270321.00 3287881.00
2011/06/22 2.159 2.176 1.985 2.109 4354000.00 10887920.00
2011/06/23 2.111 2.161 2.053 2.094 932003.00 2338748.00
2011/06/24 2.161 2.227 2.161 2.178 1777000.00 4648700.00
2011/06/27 2.219 2.219 2.161 2.169 964000.00 2518440.00
2011/06/28 2.369 2.369 2.186 2.194 154000.00 407620.00
2011/06/29 2.178 2.195 2.161 2.186 554000.00 1449450.00
2011/06/30 2.204 2.295 2.204 2.295 3826000.00 10338160.00
2011/07/04 2.277 2.352 2.252 2.343 3201000.00 8950300.00
2011/07/05 2.368 2.393 2.285 2.318 2529000.00 7102270.00
2011/07/06 2.370 2.379 2.337 2.362 1743000.00 4933750.00
2011/07/07 2.362 2.412 2.337 2.370 1600000.00 4576570.00
2011/07/08 2.411 2.469 2.403 2.403 3512000.00 10287900.00
2011/07/11 2.436 2.436 2.361 2.370 1830000.00 5225540.00
2011/07/12 2.328 2.344 2.294 2.328 997000.00 2790090.00
2011/07/13 2.326 2.400 2.326 2.351 2731000.00 7738060.00
2011/07/14 2.407 2.423 2.340 2.357 1720000.00 4927840.00
2011/07/15 2.349 2.349 2.258 2.291 1503000.00 4159910.00
2011/07/18 2.273 2.340 2.273 2.307 715000.00 2000370.00
2011/07/19 2.307 2.307 2.290 2.307 489000.00 1354700.00
2011/07/20 2.263 2.279 2.238 2.279 284000.00 773780.00
2011/07/21 2.294 2.319 2.253 2.286 285000.00 791810.00
2011/07/22 2.251 2.334 2.251 2.284 1072000.00 2973360.00
2011/07/25 2.310 2.310 2.111 2.194 865000.00 2308120.00
2011/07/26 2.201 2.201 2.135 2.151 2013000.00 5255664.00
2011/07/27 2.150 2.184 2.150 2.167 661000.00 1729870.00
2011/07/28 2.183 2.191 2.150 2.183 432003.00 1137698.00
2011/07/29 2.183 2.216 2.150 2.167 455000.00 1190090.00
2011/08/01 2.190 2.198 2.140 2.140 312000.00 825360.00
2011/08/02 2.141 2.166 2.133 2.158 623000.00 1620620.00
2011/08/03 2.133 2.149 2.108 2.108 831000.00 2133770.00
2011/08/04 2.106 2.130 2.040 2.106 746000.00 1868640.00
2011/08/05 1.999 2.040 1.966 2.007 1528000.00 3700140.00
2011/08/08 1.936 1.969 1.854 1.920 5394000.00 12499350.00
2011/08/09 1.771 1.911 1.755 1.796 3072000.00 6782900.00
2011/08/10 1.891 1.899 1.776 1.817 3817000.00 8457505.00
2011/08/11 1.794 1.803 1.745 1.762 3905000.00 8420250.00
2011/08/12 1.765 1.806 1.666 1.707 3287000.00 7007540.00
2011/08/15 1.739 1.780 1.682 1.723 2701000.00 5696540.00
2011/08/16 1.740 1.846 1.740 1.805 2640000.00 5709478.00
2011/08/17 1.823 1.864 1.807 1.848 2789000.00 6232260.00
2011/08/18 1.847 1.863 1.773 1.781 1792000.00 3990240.00
2011/08/19 1.733 1.749 1.659 1.683 1974010.00 4106531.00
2011/08/22 1.649 1.732 1.494 1.592 3172000.00 6196668.00
2011/08/23 1.592 1.600 1.518 1.567 1501000.00 2846860.00
2011/08/24 1.590 1.639 1.524 1.557 1114000.00 2183350.00
2011/08/25 1.558 1.649 1.558 1.640 1979000.00 3950020.00
2011/08/26 1.641 1.649 1.575 1.624 1700000.00 3387980.00
2011/08/29 1.639 1.655 1.614 1.631 556000.00 1103310.00
2011/08/30 1.639 1.647 1.614 1.647 1657000.00 3311010.00
2011/08/31 1.638 1.638 1.630 1.638 389000.00 777490.00
2011/09/01 1.640 1.681 1.632 1.648 2116000.00 4239900.00
2011/09/02 1.641 1.641 1.576 1.617 807000.00 1591750.00
2011/09/05 1.616 1.641 1.600 1.624 2559000.00 5103330.00
2011/09/06 1.592 1.633 1.575 1.633 288000.00 564990.00
2011/09/07 1.625 1.641 1.625 1.641 271100.00 540721.00
2011/09/08 1.639 1.672 1.631 1.631 1569000.00 3137790.00
2011/09/09 1.640 1.689 1.632 1.657 920000.00 1865400.00
2011/09/12 1.607 1.640 1.575 1.591 845000.00 1641570.00
2011/09/14 1.623 1.680 1.541 1.590 12129000.00 23784030.00
2011/09/15 1.630 1.647 1.598 1.606 882001.00 1743232.00
2011/09/16 1.637 1.662 1.605 1.637 1503000.00 2993760.00
2011/09/19 1.630 1.630 1.507 1.557 2955000.00 5728426.00
2011/09/20 1.581 1.639 1.581 1.598 8928000.00 17418684.00
2011/09/21 1.572 1.621 1.564 1.596 5765000.00 11215180.00
2011/09/22 1.490 1.564 1.375 1.383 8668000.00 15735954.00
2011/09/23 1.277 1.342 1.146 1.269 10567000.00 16504689.00
2011/09/26 1.258 1.283 1.087 1.095 7301000.00 10707336.00
2011/09/27 1.120 1.177 1.071 1.145 2583753.00 3664547.00
2011/09/28 1.167 1.240 1.143 1.175 5955000.00 8614224.00
2011/09/30 1.166 1.174 1.117 1.150 3700000.00 5232050.00
2011/10/03 1.068 1.068 0.962 0.978 1951000.00 2477320.00
2011/10/04 0.954 1.011 0.954 0.995 2187000.00 2683811.00
2011/10/06 1.027 1.044 0.995 1.019 1828010.00 2268737.00
2011/10/07 1.027 1.133 0.987 1.036 5252000.00 6781470.00
2011/10/10 1.128 1.128 1.070 1.070 1971677.00 2646774.00
2011/10/11 1.101 1.159 1.101 1.134 5123000.00 7199730.00
2011/10/12 1.136 1.250 1.120 1.234 3132000.00 4552330.00
2011/10/13 1.270 1.360 1.270 1.344 1847100.00 2978386.00
2011/10/14 1.312 1.345 1.230 1.271 1473000.00 2328830.00
2011/10/17 1.343 1.352 1.302 1.327 445000.00 718140.00
2011/10/18 1.295 1.320 1.254 1.279 2529000.00 3915100.00
2011/10/19 1.278 1.311 1.270 1.287 553000.00 867710.00
2011/10/20 1.277 1.310 1.277 1.285 593000.00 938290.00
2011/10/21 1.284 1.308 1.276 1.284 816000.00 1291430.00
2011/10/24 1.307 1.331 1.299 1.307 1782000.00 2857260.00
2011/10/25 1.346 1.354 1.297 1.305 2363000.00 3880870.00
2011/10/26 1.314 1.338 1.306 1.322 2380000.00 3858800.00
2011/10/27 1.347 1.470 1.323 1.429 3175000.00 5460350.00
2011/10/28 1.507 1.532 1.401 1.467 4528000.00 8049070.00
2011/10/31 1.490 1.507 1.344 1.450 978000.00 1739100.00
2011/11/01 1.458 1.491 1.401 1.426 1276000.00 2256550.00
2011/11/02 1.434 1.434 1.328 1.401 1828000.00 3070200.00
2011/11/03 1.399 1.399 1.342 1.342 1919000.00 3235960.00
2011/11/04 1.407 1.415 1.374 1.390 1178000.00 2010641.00
2011/11/07 1.416 1.416 1.383 1.400 757000.00 1303970.00
2011/11/08 1.400 1.498 1.400 1.457 2717000.00 4877720.00
2011/11/09 1.464 1.473 1.407 1.448 656000.00 1167900.00
2011/11/10 1.425 1.450 1.368 1.417 1566000.00 2710950.00
2011/11/11 1.497 1.497 1.416 1.416 86000.00 150720.00
2011/11/14 1.465 1.505 1.424 1.440 474000.00 858700.00
2011/11/15 1.541 1.541 1.459 1.500 464000.00 849540.00
2011/11/16 1.518 1.518 1.420 1.461 114000.00 205820.00
2011/11/17 1.461 1.510 1.445 1.478 121000.00 219250.00
2011/11/18 1.444 1.444 1.420 1.428 142000.00 248430.00
2011/11/21 1.378 1.386 1.362 1.386 604000.00 1022290.00
2011/11/22 1.363 1.379 1.346 1.346 129000.00 214130.00
2011/11/23 1.328 1.377 1.328 1.353 187000.00 312110.00
2011/11/24 1.305 1.346 1.272 1.321 396000.00 637400.00
2011/11/25 1.386 1.386 1.296 1.304 315000.00 508590.00
2011/11/28 1.346 1.387 1.297 1.330 571000.00 938520.00
2011/11/29 1.346 1.370 1.313 1.346 522000.00 866010.00
2011/11/30 1.345 1.443 1.320 1.410 643000.00 1087533.00
2011/12/01 1.426 1.508 1.353 1.426 2115002.00 3715774.00
2011/12/02 1.410 1.467 1.344 1.410 3140000.00 5355610.00
2011/12/05 1.411 1.427 1.345 1.362 878000.00 1481940.00
2011/12/06 1.361 1.410 1.353 1.385 1601000.00 2719050.00
2011/12/07 1.385 1.393 1.361 1.361 306000.00 517070.00
2011/12/08 1.352 1.417 1.352 1.360 1204000.00 2048160.00
2011/12/09 1.352 1.401 1.344 1.369 729000.00 1227640.00
2011/12/12 1.375 1.415 1.318 1.334 343000.00 572630.00
2011/12/13 1.360 1.360 1.319 1.327 78000.00 127070.00
2011/12/14 1.328 1.353 1.312 1.344 352000.00 579030.00
2011/12/15 1.336 1.361 1.304 1.344 399004.00 651847.00
2011/12/16 1.319 1.384 1.303 1.319 965000.00 1605350.00
2011/12/19 1.301 1.301 1.269 1.285 841000.00 1341110.00
2011/12/20 1.270 1.351 1.140 1.229 2471600.00 3875078.00
2011/12/21 1.301 1.301 1.203 1.220 1117000.00 1714090.00
2011/12/22 1.219 1.228 1.179 1.211 1088000.00 1628100.00
2011/12/23 1.219 1.284 1.219 1.267 1094000.00 1679898.00
2011/12/28 1.283 1.332 1.258 1.307 1752000.00 2784670.00
2011/12/29 1.267 1.324 1.267 1.291 770020.00 1233202.00
2011/12/30 1.354 1.354 1.297 1.305 1025010.00 1671066.00
2012/01/03 1.346 1.459 1.321 1.459 3353000.00 5861490.00
2012/01/04 1.444 1.501 1.428 1.444 2031000.00 3649440.00
2012/01/05 1.487 1.487 1.455 1.463 4254000.00 7679760.00
2012/01/06 1.464 1.505 1.464 1.480 1764000.00 3202370.00
2012/01/09 1.482 1.506 1.466 1.490 1381000.00 2534910.00
2012/01/10 1.505 1.692 1.505 1.651 4752000.00 9518140.00
2012/01/11 1.651 1.748 1.626 1.691 2677000.00 5610040.00
2012/01/12 1.693 1.775 1.669 1.709 2384000.00 5031930.00
2012/01/13 1.749 1.774 1.692 1.741 1878000.00 4015290.00
2012/01/16 1.711 1.728 1.638 1.671 763000.00 1562490.00
2012/01/17 1.669 1.759 1.653 1.710 4299800.00 9033980.00
2012/01/18 1.750 1.807 1.717 1.750 2397000.00 5182720.00
2012/01/19 1.790 1.904 1.750 1.864 2666812.00 5906546.00
2012/01/20 1.806 1.887 1.806 1.838 1710000.00 3861490.00
2012/01/26 1.847 1.944 1.798 1.904 2876000.00 6647720.00
2012/01/27 1.887 1.895 1.847 1.871 931000.00 2141670.00
2012/01/30 1.870 1.878 1.748 1.772 1665000.00 3728170.00
2012/01/31 1.790 1.798 1.709 1.725 825000.00 1759060.00
2012/02/01 1.709 1.757 1.676 1.709 3501000.00 7318960.00
2012/02/02 1.716 1.846 1.716 1.814 4213000.00 9238470.00
2012/02/03 1.831 1.888 1.831 1.871 3361000.00 7673200.00
2012/02/06 1.880 1.953 1.807 1.864 2678500.00 6115645.00
2012/02/07 1.872 1.897 1.831 1.872 4681010.00 10731322.00
2012/02/08 1.886 1.975 1.886 1.943 4368000.00 10444380.00
2012/02/09 1.926 2.048 1.910 2.040 16460957.00 40325460.00
2012/02/10 2.061 2.191 2.045 2.102 10611000.00 27531940.00
2012/02/13 2.053 2.078 1.956 2.078 3718302.00 9244935.00
2012/02/14 2.070 2.159 1.981 2.151 2781009.00 7238393.00
2012/02/15 2.054 2.233 2.054 2.184 3132500.00 8470330.00
2012/02/16 2.185 2.234 2.177 2.202 1503000.00 4066300.00
2012/02/17 2.200 2.216 2.176 2.192 2174000.00 5866245.00
2012/02/20 2.192 2.232 2.094 2.119 6720000.00 17815680.00
2012/02/21 2.111 2.119 2.005 2.079 3728000.00 9568588.00
2012/02/22 2.112 2.185 2.079 2.161 14015000.00 37166592.00
2012/02/23 2.162 2.235 2.154 2.203 17085924.00 46082156.00
2012/02/24 2.184 2.200 2.168 2.200 3236000.00 8717270.00
2012/02/27 2.209 2.266 2.177 2.217 2591000.00 7055140.00
2012/02/28 2.192 2.200 2.135 2.168 11956953.00 32278604.00
2012/02/29 2.126 2.231 2.126 2.191 3172953.00 8511046.00
2012/03/01 2.161 2.161 1.974 2.015 8347000.00 21107708.00
2012/03/02 2.030 2.160 2.030 2.144 4589002.00 11927071.00
2012/03/05 2.148 2.213 2.107 2.140 6705000.00 17747564.00
2012/03/06 2.155 2.155 2.033 2.050 2601499.00 6649682.00
2012/03/07 2.036 2.077 1.979 2.011 4611000.00 11462870.00
2012/03/08 2.085 2.175 2.053 2.158 4321499.00 11235357.00
2012/03/09 2.154 2.195 2.122 2.195 2349000.00 6264830.00
2012/03/12 2.202 2.219 2.137 2.202 2885906.00 7738041.00
2012/03/13 2.202 2.218 2.169 2.194 3669000.00 9895590.00
2012/03/14 2.220 2.326 2.195 2.260 9136500.00 25430556.00
2012/03/15 2.236 2.269 2.179 2.220 3944000.00 10710610.00
2012/03/16 2.215 2.247 2.117 2.190 2834000.00 7544600.00
2012/03/19 2.170 2.170 2.031 2.080 4760900.00 12249874.00
2012/03/20 2.103 2.119 2.046 2.070 2944000.00 7550987.00
2012/03/21 2.048 2.097 1.999 2.015 2706000.00 6751080.00
2012/03/22 2.037 2.086 2.013 2.077 2257004.00 5706830.00
2012/03/23 2.041 2.041 1.968 2.017 1535000.00 3810250.00
2012/03/26 2.023 2.023 1.886 1.926 3748000.00 8956200.00
2012/03/27 1.958 2.087 1.958 2.022 2579000.00 6480250.00
2012/03/28 2.050 2.050 1.985 2.001 1050000.00 2610570.00
2012/03/29 2.010 2.043 1.913 1.921 2427000.00 5877960.00
2012/03/30 1.905 1.946 1.832 1.864 7965580.00 18311598.00
2012/04/02 1.881 1.905 1.840 1.856 3471000.00 7993264.00
2012/04/03 1.897 2.051 1.800 2.018 5004003.00 11968777.00
2012/04/05 1.964 2.167 1.916 2.143 7603000.00 19549350.00
2012/04/10 2.054 2.103 2.022 2.078 3247000.00 8241730.00
2012/04/11 2.021 2.086 2.021 2.061 2116000.00 5393410.00
2012/04/12 2.068 2.068 1.987 2.036 4831000.00 12077990.00
2012/04/13 2.074 2.138 2.033 2.106 4043000.00 10454010.00
2012/04/16 2.110 2.134 2.045 2.061 3044000.00 7822025.00
2012/04/17 2.116 2.116 1.962 2.011 2059000.00 5150640.00
2012/04/18 2.028 2.069 1.955 1.979 2763000.00 6813775.00
2012/04/19 1.989 2.013 1.956 1.989 1536000.00 3768615.00
2012/04/20 1.974 1.982 1.925 1.941 2448526.00 5864973.00
2012/04/23 1.915 1.939 1.866 1.874 1512000.00 3533470.00
2012/04/24 1.892 1.948 1.859 1.892 1621000.00 3771990.00
2012/04/25 1.930 1.970 1.889 1.897 4702000.00 11142210.00
2012/04/26 1.903 1.927 1.887 1.903 2026000.00 4761995.00
2012/04/27 1.918 1.918 1.861 1.877 2684000.00 6296239.00
2012/04/30 1.910 1.958 1.902 1.942 832000.00 1984380.00
2012/05/02 1.955 1.979 1.931 1.955 2520939.00 6097642.00
2012/05/03 1.948 2.069 1.939 2.036 10030000.00 24955760.00
2012/05/04 2.013 2.013 1.891 1.972 4760000.00 11490260.00
2012/05/07 1.919 1.984 1.887 1.968 3570000.00 8556800.00
2012/05/08 2.006 2.006 1.885 1.901 3105000.00 7377370.00
2012/05/09 1.887 1.903 1.855 1.903 2089000.00 4833880.00
2012/05/10 1.881 1.897 1.840 1.873 1753000.00 4036140.00
2012/05/11 1.898 1.922 1.857 1.922 3188000.00 7464480.00
2012/05/14 1.908 1.924 1.859 1.867 4169000.00 9633340.00
2012/05/15 1.837 1.902 1.837 1.893 786200.00 1808652.00
2012/05/16 1.912 1.953 1.766 1.839 3801000.00 8844260.00
2012/05/17 1.856 1.929 1.856 1.929 1329000.00 3101440.00
2012/05/18 1.871 1.871 1.724 1.806 3370000.00 7477765.00
2012/05/21 1.853 1.910 1.829 1.894 1927000.00 4473550.00
2012/05/22 1.925 1.942 1.909 1.942 1810000.00 4283390.00
2012/05/23 1.953 1.953 1.929 1.929 958000.00 2283530.00
2012/05/24 1.930 1.971 1.914 1.963 527000.00 1261510.00
2012/05/25 1.964 1.980 1.923 1.939 660000.00 1575210.00
2012/05/28 1.939 1.939 1.874 1.923 2702000.00 6350780.00
2012/05/29 1.915 2.029 1.874 2.021 1453000.00 3546760.00
2012/05/30 1.997 2.079 1.965 2.030 4790000.00 11915886.00
2012/05/31 1.982 2.040 1.974 1.999 471000.00 1162200.00
2012/06/01 1.998 2.014 1.900 1.900 2859894.00 6775096.00
2012/06/04 1.883 1.883 1.745 1.785 3039000.00 6747370.00
2012/06/05 1.842 1.866 1.817 1.825 582500.00 1319200.00
2012/06/06 1.867 1.883 1.835 1.859 2134000.00 4882050.00
2012/06/07 1.873 1.913 1.864 1.905 2993000.00 6981770.00
2012/06/08 1.930 1.963 1.873 1.914 2872000.00 6725030.00
2012/06/11 1.938 2.085 1.938 2.085 15653000.00 39188040.00
2012/06/12 2.080 2.243 2.023 2.227 21493000.00 58092168.00
2012/06/13 2.218 2.365 2.178 2.324 17110900.00 48331660.00
2012/06/14 2.280 2.460 2.272 2.403 13432753.00 39715496.00
2012/06/15 2.431 2.439 2.358 2.431 7114000.00 21078260.00
2012/06/18 2.444 2.542 2.444 2.460 11547000.00 35433832.00
2012/06/19 2.445 2.518 2.404 2.501 6048000.00 18406636.00
2012/06/20 2.533 2.590 2.501 2.558 6336000.00 19982290.00
2012/06/21 2.559 2.559 2.413 2.502 11747000.00 35988820.00
2012/06/25 2.607 2.607 2.363 2.379 15578000.00 46643900.00
2012/06/26 2.379 2.379 2.305 2.322 7747000.00 22233990.00
2012/06/27 2.320 2.500 2.320 2.475 8006000.00 24156260.00
2012/06/28 2.484 2.566 2.476 2.525 7392916.00 22956626.00
2012/06/29 2.535 2.690 2.535 2.641 9392000.00 30317930.00
2012/07/03 2.647 2.867 2.639 2.867 19472800.00 66721140.00
2012/07/04 2.865 2.882 2.711 2.833 5111000.00 17720620.00
2012/07/05 2.852 2.877 2.754 2.836 4453000.00 15427940.00
2012/07/06 2.855 3.059 2.806 2.855 22914600.00 80952416.00
2012/07/09 2.783 2.849 2.759 2.792 4841400.00 16609770.00
2012/07/10 2.812 2.860 2.795 2.844 8465000.00 29528350.00
2012/07/11 2.845 2.861 2.796 2.812 3895000.00 13569560.00
2012/07/12 2.780 2.812 2.674 2.772 3342000.00 11283250.00
2012/07/13 2.772 2.837 2.683 2.699 4708000.00 15663400.00
2012/07/16 2.689 2.754 2.632 2.665 3998000.00 13232070.00
2012/07/17 2.663 2.744 2.614 2.696 4740800.00 15616940.00
2012/07/18 2.695 2.703 2.572 2.589 6088000.00 19606524.00
2012/07/19 2.580 2.645 2.499 2.523 4367000.00 13754324.00
2012/07/20 2.523 2.571 2.482 2.555 2550000.00 7948310.00
2012/07/23 2.529 2.635 2.529 2.561 2141800.00 6786428.00
2012/07/24 2.556 2.695 2.490 2.654 2846000.00 9249190.00
2012/07/25 2.649 2.657 2.502 2.518 3910000.00 12154830.00
2012/07/26 2.516 2.557 2.435 2.484 5141000.00 15689260.00
2012/07/27 2.571 2.645 2.555 2.628 6470000.00 20647490.00
2012/07/30 2.628 2.758 2.628 2.709 15462000.00 51135448.00
2012/07/31 2.711 2.719 2.654 2.678 5610006.00 18360454.00
2012/08/01 2.694 2.735 2.661 2.670 4928000.00 16254360.00
2012/08/02 2.665 2.689 2.608 2.640 2741000.00 8846590.00
2012/08/03 2.642 2.691 2.609 2.634 1765000.00 5691270.00
2012/08/06 2.696 2.721 2.631 2.672 7720859.00 25157244.00
2012/08/07 2.687 2.711 2.621 2.638 3621000.00 11790310.00
2012/08/08 2.632 2.681 2.632 2.640 1649000.00 5361540.00
2012/08/09 2.648 2.820 2.640 2.762 15355665.00 51363744.00
2012/08/10 2.732 2.765 2.618 2.732 3066000.00 10230440.00
2012/08/13 2.724 2.765 2.700 2.741 3617000.00 12111330.00
2012/08/14 2.756 2.765 2.724 2.740 8034400.00 26925848.00
2012/08/15 2.734 2.734 2.578 2.709 5943000.00 19493120.00
2012/08/16 2.709 2.718 2.636 2.668 1650000.00 5381120.00
2012/08/17 2.699 2.716 2.650 2.675 1445000.00 4719510.00
2012/08/20 2.660 2.676 2.619 2.643 2415000.00 7798960.00
2012/08/21 2.641 2.723 2.641 2.698 6433958.00 21202696.00
2012/08/22 2.695 2.744 2.662 2.687 1286000.00 4222560.00
2012/08/23 2.694 2.702 2.620 2.686 2232000.00 7341250.00
2012/08/24 2.701 2.718 2.661 2.710 4613800.00 15230874.00
2012/08/27 2.738 2.844 2.697 2.738 10583010.00 35613856.00
2012/08/28 2.755 2.870 2.755 2.821 12099900.00 41841004.00
2012/08/29 2.820 2.852 2.730 2.795 7590400.00 25875004.00
2012/08/30 2.813 2.822 2.764 2.797 2935000.00 10029058.00
2012/08/31 2.822 2.978 2.814 2.937 14371713.00 51226452.00
2012/09/03 2.935 3.050 2.862 3.025 14982931.00 55045276.00
2012/09/04 3.000 3.049 2.951 2.975 8728800.00 32242196.00
2012/09/05 2.978 3.019 2.921 2.945 6302000.00 22700982.00
2012/09/06 2.928 3.026 2.903 2.969 3014859.00 10888962.00
2012/09/07 3.025 3.107 3.017 3.090 6322074.00 23770724.00
2012/09/10 3.089 3.146 3.031 3.121 11793125.00 44904432.00
2012/09/11 3.131 3.171 3.090 3.106 5892000.00 22539750.00
2012/09/12 3.121 3.178 3.105 3.170 3803200.00 14660050.00
2012/09/13 3.169 3.218 3.136 3.193 7941149.00 31042626.00
2012/09/14 3.233 3.307 3.160 3.176 11929000.00 46937112.00
2012/09/17 3.225 3.225 3.005 3.054 15248000.00 57256136.00
2012/09/18 3.056 3.114 3.056 3.073 4587000.00 17333256.00
2012/09/19 3.058 3.099 3.001 3.058 9756812.00 36341616.00
2012/09/20 3.049 3.057 2.984 3.033 6535000.00 24211320.00
2012/09/21 3.035 3.076 2.978 3.010 2819000.00 10396050.00
2012/09/24 3.010 3.092 2.895 3.042 8583000.00 31651190.00
2012/09/25 3.027 3.093 2.994 3.068 5945400.00 22079822.00
2012/09/26 3.060 3.101 3.027 3.052 4534100.00 16864436.00
2012/09/27 3.020 3.094 3.020 3.085 1423000.00 5312200.00
2012/09/28 3.034 3.116 3.026 3.108 3370000.00 12777800.00
2012/10/03 3.140 3.230 3.100 3.165 6428000.00 24753140.00
2012/10/04 3.165 3.214 3.157 3.206 5161000.00 20115456.00
2012/10/05 3.206 3.222 3.149 3.173 2887006.00 11215843.00
2012/10/08 3.150 3.191 3.150 3.182 5059003.00 19679262.00
2012/10/09 3.224 3.331 3.216 3.241 7118400.00 28383170.00
2012/10/10 3.200 3.257 3.176 3.184 1112001.00 4345959.00
2012/10/11 3.173 3.230 3.123 3.148 1920995.00 7441630.00
2012/10/12 3.126 3.191 3.109 3.166 1720000.00 6648390.00
2012/10/15 3.167 3.167 3.118 3.151 766000.00 2956000.00
2012/10/16 3.143 3.273 3.110 3.273 13466459.00 53503648.00
2012/10/17 3.261 3.261 3.179 3.236 4777000.00 18943398.00
2012/10/18 3.228 3.260 3.211 3.252 5516000.00 22026670.00
2012/10/19 3.254 3.254 3.181 3.205 1037000.00 4091650.00
2012/10/22 3.174 3.263 3.174 3.255 4192000.00 16629440.00
2012/10/24 3.239 3.256 3.174 3.256 3060000.00 12152000.00
2012/10/25 3.254 3.335 3.148 3.238 6987040.00 27847156.00
2012/10/26 3.268 3.268 3.138 3.187 2602000.00 10220150.00
2012/10/29 3.145 3.186 3.121 3.145 1594000.00 6172590.00
2012/10/30 3.147 3.237 3.107 3.212 2409000.00 9504820.00
2012/10/31 3.138 3.349 3.138 3.333 12696000.00 51356356.00
2012/11/01 3.334 3.415 3.236 3.407 13199800.00 54084816.00
2012/11/02 3.498 3.498 3.417 3.449 8459000.00 35930568.00
2012/11/05 3.451 3.524 3.419 3.459 5393900.00 23002584.00
2012/11/06 3.475 3.557 3.435 3.483 5786000.00 24846770.00
2012/11/07 3.540 3.564 3.499 3.532 6606000.00 28702260.00
2012/11/08 3.499 3.588 3.458 3.523 6481002.00 27968152.00
2012/11/09 3.577 3.577 3.431 3.463 4170000.00 17763870.00
2012/11/12 3.466 3.499 3.336 3.458 3161000.00 13549490.00
2012/11/13 3.424 3.489 3.311 3.400 4196000.00 17538800.00
2012/11/14 3.399 3.537 3.343 3.537 5641000.00 24230220.00
2012/11/15 3.522 3.530 3.433 3.433 4454003.00 19065812.00
2012/11/16 3.540 3.540 3.370 3.467 10516000.00 44656544.00
2012/11/19 3.477 3.534 3.445 3.493 5321736.00 22912248.00
2012/11/20 3.490 3.661 3.490 3.564 12554000.00 55560356.00
2012/11/21 3.563 3.644 3.563 3.636 7812000.00 34716004.00
2012/11/22 3.637 3.905 3.612 3.856 13101840.00 60779080.00
2012/11/23 3.612 3.961 3.604 3.912 172337744.00 760011520.00
2012/11/26 3.968 4.024 3.805 3.854 14657000.00 70312216.00
2012/11/27 3.893 4.006 3.779 3.966 17324500.00 83582776.00
2012/11/28 3.977 3.985 3.863 3.936 13009634.00 62879388.00
2012/11/29 3.896 3.904 3.791 3.856 166807008.00 761734528.00
2012/11/30 3.887 4.171 3.871 4.082 40412604.00 202651056.00
2012/12/03 4.115 4.180 4.059 4.091 24815240.00 126156064.00
2012/12/04 4.077 4.117 4.005 4.037 11690012.00 59292576.00
2012/12/05 4.129 4.300 4.089 4.235 20684008.00 107964904.00
2012/12/06 4.254 4.424 4.254 4.262 16494410.00 88439656.00
2012/12/07 4.247 4.433 4.247 4.369 16251004.00 87454448.00
2012/12/10 4.384 4.603 4.376 4.433 16515732.00 91219200.00
2012/12/11 4.432 4.440 4.180 4.269 21662800.00 113890072.00
2012/12/12 4.300 4.357 4.235 4.300 20975000.00 111084272.00
2012/12/13 4.341 4.382 4.082 4.138 10993000.00 57122808.00
2012/12/14 4.141 4.230 4.100 4.141 15796005.00 81085008.00
2012/12/17 4.122 4.252 4.106 4.187 15828000.00 81581872.00
2012/12/18 4.187 4.462 4.187 4.381 37622000.00 203246512.00
2012/12/19 4.445 4.445 4.242 4.356 12961018.00 69085440.00
2012/12/20 4.373 4.405 4.259 4.381 12426000.00 66710832.00
2012/12/21 4.381 4.430 4.325 4.406 11447800.00 61683164.00
2012/12/24 4.351 4.432 4.351 4.416 2746000.00 14801165.00
2012/12/27 4.443 4.629 4.443 4.581 15091000.00 85084168.00
2012/12/28 4.600 4.803 4.592 4.755 16019100.00 93214832.00
2012/12/31 4.776 4.906 4.760 4.865 14652000.00 87648080.00
2013/01/02 4.865 5.003 4.865 4.946 18983412.00 115341328.00
2013/01/03 4.995 5.035 4.946 4.987 16765000.00 103338528.00
2013/01/04 4.942 4.999 4.804 4.982 16685003.00 101655856.00
2013/01/07 4.932 5.443 4.916 5.370 29731528.00 193521392.00
2013/01/08 5.315 5.534 5.218 5.526 24853610.00 165463376.00
2013/01/09 5.510 5.851 5.429 5.705 42061000.00 294737472.00
2013/01/10 5.703 5.776 5.346 5.452 19604500.00 134481472.00
2013/01/11 5.461 5.534 5.170 5.364 23555020.00 153254192.00
2013/01/14 5.459 5.750 5.386 5.669 21532406.00 150144112.00
2013/01/15 5.660 5.774 5.539 5.652 15081004.00 105469360.00
2013/01/16 5.673 5.730 5.487 5.625 13414000.00 93138472.00
2013/01/17 5.587 5.651 5.368 5.433 14509000.00 98196904.00
2013/01/18 5.448 5.723 5.448 5.707 20761400.00 144259120.00
2013/01/21 5.710 5.880 5.686 5.823 21500700.00 154410640.00
2013/01/22 5.345 5.507 5.321 5.386 405503104.00 2716153600.00
2013/01/23 5.424 5.472 5.343 5.415 44863568.00 300208832.00
2013/01/24 5.458 5.482 5.369 5.385 19620000.00 131455496.00
2013/01/25 5.395 5.444 5.006 5.014 34217304.00 218356848.00
2013/01/28 5.087 5.371 4.982 5.298 37222000.00 238082832.00
2013/01/29 5.266 5.420 5.266 5.388 19549400.00 128808824.00
2013/01/30 5.424 5.464 5.246 5.383 19380000.00 127650616.00
2013/01/31 5.334 5.366 5.091 5.107 21335000.00 136269312.00
2013/02/01 5.112 5.201 4.909 5.039 38869000.00 241770592.00
2013/02/04 5.098 5.146 4.911 4.976 13674000.00 84687552.00
2013/02/05 4.936 4.952 4.790 4.887 22744500.00 137058224.00
2013/02/06 4.947 5.085 4.817 4.849 25360000.00 154121600.00
2013/02/07 4.827 4.883 4.462 4.575 50737508.00 286957344.00
2013/02/08 4.574 4.688 4.510 4.574 20024000.00 113860488.00
2013/02/14 4.615 4.914 4.615 4.842 12982500.00 77035528.00
2013/02/15 4.866 4.995 4.801 4.979 10468000.00 63222104.00
2013/02/18 4.982 5.030 4.731 4.771 17638000.00 104697472.00
2013/02/19 4.780 4.844 4.456 4.464 26502000.00 148866624.00
2013/02/20 4.495 4.535 4.325 4.430 26161000.00 142536032.00
2013/02/21 4.376 4.660 4.352 4.587 33371000.00 187662432.00
2013/02/22 4.556 4.767 4.499 4.686 27289804.00 158241104.00
2013/02/25 4.719 4.743 4.516 4.581 12884012.00 72812928.00
2013/02/26 4.497 4.627 4.497 4.546 14426618.00 81386248.00
2013/02/27 4.552 4.641 4.495 4.625 19679008.00 111484864.00
2013/02/28 4.702 4.880 4.694 4.864 22807000.00 136030128.00
2013/03/01 4.866 4.883 4.696 4.745 13639120.00 80258680.00
2013/03/04 4.650 4.650 4.245 4.277 38092076.00 204674400.00
2013/03/05 4.307 4.413 4.283 4.356 19415040.00 104138344.00
2013/03/06 4.417 4.474 4.377 4.450 12627000.00 69316976.00
2013/03/07 4.452 4.493 4.379 4.452 9441918.00 51764956.00
2013/03/08 4.447 4.512 4.180 4.269 18108018.00 96412136.00
2013/03/11 4.248 4.273 4.062 4.070 26132000.00 133604288.00
2013/03/12 4.077 4.231 4.053 4.133 19694000.00 100406776.00
2013/03/13 4.132 4.132 3.784 3.825 50345000.00 241315248.00
2013/03/14 3.826 3.891 3.704 3.882 34597028.00 161769088.00
2013/03/15 3.881 3.881 3.622 3.711 32518000.00 150264848.00
2013/03/18 3.646 3.889 3.573 3.872 41005992.00 192363376.00
2013/03/19 3.954 4.366 3.946 4.213 48776000.00 251024704.00
2013/03/20 4.137 4.460 4.137 4.452 24720088.00 133448216.00
2013/03/21 4.404 4.582 4.364 4.421 18466000.00 102210648.00
2013/03/22 4.338 4.427 4.290 4.322 10961000.00 59131644.00
2013/03/25 4.426 4.644 4.426 4.587 15793000.00 89172552.00
2013/03/26 4.363 4.484 4.193 4.387 24819008.00 133683336.00
2013/03/27 4.487 4.697 4.414 4.681 28306000.00 159288960.00
2013/03/28 4.664 4.664 4.356 4.421 16681000.00 92214112.00
2013/04/02 4.410 4.571 4.410 4.555 16739203.00 93926032.00
2013/04/03 4.589 4.823 4.589 4.775 20075066.00 117998600.00
2013/04/05 4.775 4.775 4.364 4.420 20575372.00 113771504.00
2013/04/08 4.438 4.494 4.317 4.389 18533000.00 101124384.00
2013/04/09 4.438 4.542 4.421 4.518 7838016.00 43635624.00
2013/04/10 4.544 4.593 4.407 4.496 6321681.00 35269768.00
2013/04/11 4.579 4.636 4.491 4.555 12603006.00 71556088.00
2013/04/12 4.550 4.550 4.453 4.462 7292000.00 40751888.00
2013/04/15 4.442 4.562 4.385 4.514 9748001.00 54063352.00
2013/04/16 4.414 4.784 4.406 4.744 23991000.00 138527008.00
2013/04/17 4.843 4.980 4.658 4.674 21822000.00 132094176.00
2013/04/18 4.663 4.913 4.631 4.896 13257014.00 80097688.00
2013/04/19 4.926 5.119 4.830 5.079 21468512.00 134758416.00
2013/04/22 5.065 5.266 5.065 5.137 18391008.00 117867560.00
2013/04/23 5.100 5.140 4.883 4.972 12619002.00 77978256.00
2013/04/24 4.990 5.102 4.845 5.086 19346000.00 119823648.00
2013/04/25 5.095 5.135 5.007 5.047 11841000.00 74836984.00
2013/04/26 5.039 5.047 4.815 4.823 16298000.00 99427872.00
2013/04/29 4.863 5.088 4.847 5.064 18073000.00 112781664.00
2013/04/30 5.128 5.224 5.007 5.015 13042002.00 82653136.00
2013/05/02 5.008 5.136 4.968 5.056 15904203.00 100776640.00
2013/05/03 5.094 5.158 4.886 4.942 14654705.00 92017616.00
2013/05/06 5.003 5.116 4.979 5.091 18993000.00 119801872.00
2013/05/07 5.144 5.176 5.056 5.144 8894200.00 56752676.00
2013/05/08 5.151 5.215 4.951 5.055 15868000.00 100776224.00
2013/05/09 5.052 5.068 4.908 4.932 8057000.00 50086020.00
2013/05/10 4.987 5.035 4.915 4.987 8965000.00 55755632.00
2013/05/13 5.031 5.031 4.919 4.919 8974500.00 55602164.00
2013/05/14 4.892 4.996 4.844 4.964 9168348.00 56502392.00
2013/05/15 4.894 4.998 4.790 4.822 10983200.00 67156200.00
2013/05/16 4.840 4.840 4.648 4.720 10525000.00 62326968.00
2013/05/20 4.792 5.015 4.784 4.927 20405510.00 126026224.00
2013/05/21 4.841 4.905 4.402 4.570 50824500.00 288765888.00
2013/05/22 4.666 4.746 4.602 4.634 18195000.00 106141352.00
2013/05/23 4.637 4.709 4.437 4.637 14662220.00 84254176.00
2013/05/24 4.662 4.662 4.511 4.543 10984000.00 62648960.00
2013/05/27 4.546 4.626 4.387 4.475 8011000.00 45117228.00
2013/05/28 4.459 4.658 4.419 4.618 7282000.00 41839140.00
2013/05/29 4.621 4.645 4.517 4.557 5045300.00 28828076.00
2013/05/30 4.578 4.594 4.459 4.499 6520007.00 37003076.00
2013/05/31 4.497 4.577 4.394 4.450 6751002.00 38024060.00
2013/06/03 4.538 4.681 4.506 4.538 22268008.00 128623040.00
2013/06/04 4.589 4.780 4.589 4.724 27675124.00 163058896.00
2013/06/05 4.742 4.838 4.655 4.711 16979106.00 101334464.00
2013/06/06 4.662 4.734 4.566 4.638 11912000.00 69309248.00
2013/06/07 4.628 4.691 4.501 4.517 8384268.00 48455088.00
2013/06/10 4.588 4.588 4.318 4.445 17966756.00 99660424.00
2013/06/11 4.461 4.461 4.326 4.374 7206000.00 39723676.00
2013/06/13 4.348 4.348 4.094 4.134 18112002.00 95025496.00
2013/06/14 4.213 4.380 4.197 4.308 9989000.00 54281700.00
2013/06/17 4.294 4.445 4.294 4.429 10947000.00 60615488.00
2013/06/18 4.449 4.545 4.370 4.529 8579000.00 48109356.00
2013/06/19 4.547 4.547 4.293 4.372 9099821.00 49986716.00
2013/06/20 4.342 4.342 4.128 4.223 5804653.00 30849176.00
2013/06/21 4.142 4.142 4.006 4.110 26032000.00 133482296.00
2013/06/24 4.079 4.079 3.713 3.800 21394028.00 102501880.00
2013/06/25 3.750 3.861 3.304 3.599 55502032.00 250457584.00
2013/06/26 3.703 3.831 3.679 3.767 35512500.00 166503424.00
2013/06/27 3.744 3.911 3.744 3.799 13931100.00 66903364.00
2013/06/28 3.815 4.126 3.815 4.046 26793000.00 135487904.00
2013/07/02 4.102 4.102 3.911 3.966 19749718.00 99903376.00
2013/07/03 3.937 3.937 3.379 3.603 40215616.00 182178736.00
2013/07/04 3.672 3.831 3.520 3.727 17125000.00 79856200.00
2013/07/05 3.769 3.897 3.737 3.769 17598000.00 84016008.00
2013/07/08 3.818 3.969 3.603 3.921 14557604.00 68891656.00
2013/07/09 3.916 3.980 3.773 3.844 8983000.00 43430648.00
2013/07/10 3.799 3.950 3.744 3.934 12559000.00 61066816.00
2013/07/11 4.050 4.233 4.050 4.225 22989000.00 121218800.00
2013/07/12 4.291 4.291 4.124 4.172 20045000.00 105464200.00
2013/07/15 4.173 4.332 4.141 4.157 8307000.00 44374960.00
2013/07/16 4.159 4.246 3.984 4.103 10713000.00 55032100.00
2013/07/17 4.093 4.275 4.053 4.109 9129000.00 47870452.00
2013/07/18 4.177 4.233 4.153 4.217 6126000.00 32383292.00
2013/07/19 4.171 4.274 4.028 4.059 10612000.00 55191516.00
2013/07/22 4.097 4.113 3.899 3.906 11011000.00 54962072.00
2013/07/23 3.929 4.159 3.913 4.151 11882003.00 61224276.00
2013/07/24 4.136 4.295 4.112 4.279 8662000.00 45956304.00
2013/07/25 4.235 4.387 4.219 4.339 7415005.00 40260488.00
2013/07/26 4.376 4.392 4.265 4.272 6576168.00 35633104.00
2013/07/29 4.280 4.375 4.073 4.113 8999000.00 47665376.00
2013/07/30 4.117 4.236 4.117 4.213 6094000.00 32032500.00
2013/07/31 4.247 4.685 4.247 4.454 44440884.00 250071776.00
2013/08/01 4.541 4.684 4.517 4.604 19754520.00 114025712.00
2013/08/02 4.694 4.790 4.615 4.655 24449056.00 143763888.00
2013/08/05 4.699 4.802 4.619 4.675 9585400.00 56597420.00
2013/08/06 4.649 4.649 4.522 4.562 9196000.00 52752684.00
2013/08/07 4.592 4.655 4.369 4.385 20818000.00 118090296.00
2013/08/08 4.375 4.550 4.375 4.502 13986000.00 78658832.00
2013/08/09 4.580 4.651 4.540 4.596 14024200.00 80929176.00
2013/08/12 4.596 4.755 4.548 4.731 13850000.00 81647496.00
2013/08/13 4.718 5.036 4.670 4.957 40540000.00 251083568.00
2013/08/15 4.980 5.051 4.590 4.622 48697372.00 291760352.00
2013/08/16 4.605 4.724 4.485 4.589 25204372.00 144838976.00
2013/08/19 4.591 4.694 4.543 4.591 10109000.00 58929416.00
2013/08/20 4.591 4.662 4.352 4.408 15436000.00 87318704.00
2013/08/21 4.454 4.462 4.279 4.311 18513000.00 100708688.00
2013/08/22 4.264 4.423 4.177 4.400 14878063.00 80631248.00
2013/08/23 4.456 4.496 4.344 4.408 11856000.00 65647232.00
2013/08/26 4.470 4.470 4.366 4.374 7635000.00 42164912.00
2013/08/27 4.375 4.685 4.319 4.661 27119000.00 155898336.00
2013/08/28 4.524 4.532 4.277 4.317 36625944.00 200876256.00
2013/08/29 4.311 4.423 4.311 4.383 9630000.00 53102664.00
2013/08/30 4.400 4.416 4.305 4.337 6848000.00 37256700.00
2013/09/02 4.400 4.440 4.281 4.297 12285248.00 67006148.00
2013/09/03 4.346 4.409 4.330 4.370 12014000.00 66004120.00
2013/09/04 4.394 4.409 4.306 4.362 7262100.00 39844844.00
2013/09/05 4.336 4.336 4.097 4.113 48692000.00 254340944.00
2013/09/06 4.107 4.218 4.083 4.139 34432000.00 179784000.00
2013/09/09 4.157 4.292 4.157 4.276 20609884.00 110169744.00
2013/09/10 4.330 4.426 4.299 4.418 19689000.00 108309080.00
2013/09/11 4.464 4.472 4.242 4.305 15488005.00 84188304.00
2013/09/12 4.272 4.288 4.129 4.145 19719000.00 103734584.00
2013/09/13 4.129 4.145 3.923 4.090 21412000.00 108309464.00
2013/09/16 4.128 4.144 3.985 4.040 14893000.00 75525328.00
2013/09/17 4.073 4.105 3.986 4.002 9927000.00 50400488.00
2013/09/18 4.057 4.057 3.969 3.977 8851000.00 44553256.00
2013/09/19 4.160 4.160 4.009 4.049 19098520.00 98027336.00
2013/09/23 4.004 4.075 3.933 3.972 8918000.00 44829552.00
2013/09/24 3.965 3.997 3.925 3.933 10704300.00 53397136.00
2013/09/25 3.918 4.006 3.918 3.958 17126298.00 85879120.00
2013/09/26 3.996 3.996 3.830 3.837 16246000.00 79541624.00
2013/09/27 3.902 3.957 3.862 3.934 11925856.00 58891384.00
2013/09/30 3.925 3.996 3.814 3.988 13097000.00 64954852.00
2013/10/02 3.996 4.028 3.917 3.941 18694000.00 93419312.00
2013/10/03 3.948 4.083 3.948 4.059 17652000.00 90057184.00
2013/10/04 4.059 4.059 3.972 4.028 8600000.00 43756260.00
2013/10/07 4.036 4.044 3.980 4.004 10159886.00 51353724.00
2013/10/08 4.039 4.348 3.992 4.348 44150000.00 236373632.00
2013/10/09 4.326 4.326 4.231 4.278 19644000.00 106206592.00
2013/10/10 4.327 4.327 4.168 4.264 8069000.00 43317128.00
2013/10/11 4.327 4.343 4.240 4.288 12887005.00 69862536.00
2013/10/15 4.332 4.332 4.205 4.237 14719005.00 79246288.00
2013/10/16 4.237 4.245 4.070 4.150 13783006.00 72105944.00
2013/10/17 4.151 4.230 4.104 4.159 9370000.00 49178288.00
2013/10/18 4.163 4.163 4.060 4.116 7383500.00 38321296.00
2013/10/21 4.115 4.186 4.036 4.146 8229000.00 42947056.00
2013/10/22 4.189 4.229 4.134 4.150 5927000.00 31282424.00
2013/10/23 4.153 4.209 4.011 4.019 10664000.00 55008980.00
2013/10/24 3.979 4.027 3.932 3.971 11683000.00 58616596.00
2013/10/25 3.963 4.050 3.955 4.010 11878000.00 60163776.00
2013/10/28 4.027 4.074 4.019 4.027 15557386.00 79431096.00
2013/10/29 4.037 4.076 4.005 4.037 12483000.00 63818460.00
2013/10/30 4.055 4.214 4.048 4.174 18990000.00 98992600.00
2013/10/31 4.231 4.397 4.136 4.262 27646000.00 149792336.00
2013/11/01 4.264 4.399 4.264 4.391 23992000.00 131518976.00
2013/11/04 4.441 4.473 4.132 4.164 16264000.00 86691648.00
2013/11/05 4.170 4.217 4.098 4.106 16973000.00 88756272.00
2013/11/06 4.124 4.203 4.108 4.140 8567000.00 44928304.00
2013/11/07 4.138 4.194 4.083 4.130 3556000.00 18500380.00
2013/11/08 4.108 4.108 4.005 4.045 10770769.00 55281056.00
2013/11/11 4.039 4.094 4.015 4.079 5342457.00 27306534.00
2013/11/12 4.092 4.092 3.997 4.013 7704000.00 39250616.00
2013/11/13 4.011 4.035 3.956 3.980 9377000.00 47111596.00
2013/11/14 4.017 4.025 3.986 4.009 6349000.00 32107310.00
2013/11/15 4.043 4.146 4.028 4.099 7847000.00 40772992.00
2013/11/18 4.153 4.311 4.153 4.248 24351000.00 129924864.00
2013/11/19 4.247 4.287 4.089 4.105 17889600.00 94279584.00
2013/11/20 4.112 4.223 4.112 4.144 13477000.00 71132264.00
2013/11/21 4.148 4.148 4.022 4.077 14883000.00 76156192.00
2013/11/22 4.078 4.109 4.038 4.070 5018267.00 25761916.00
2013/11/25 4.130 4.130 3.988 4.035 22801000.00 115808528.00
2013/11/26 4.028 4.084 4.012 4.052 6515000.00 33332050.00
2013/11/27 4.035 4.106 3.987 4.090 11743000.00 59887040.00
2013/11/28 4.122 4.122 4.020 4.035 12220803.00 62609972.00
2013/11/29 4.034 4.090 4.026 4.066 9960000.00 51060920.00
2013/12/02 4.082 4.090 4.026 4.034 5884000.00 30149796.00
2013/12/03 4.020 4.052 3.941 3.973 13134020.00 66118064.00
2013/12/04 3.953 3.961 3.843 3.859 20143800.00 99112016.00
2013/12/05 3.851 3.993 3.819 3.954 8627300.00 42884552.00
2013/12/06 3.941 3.941 3.822 3.885 16040200.00 78250336.00
2013/12/09 3.918 3.918 3.784 3.831 6212000.00 30082902.00
2013/12/10 3.847 3.847 3.728 3.728 8091000.00 38676696.00
2013/12/11 3.727 3.735 3.672 3.680 13444000.00 63006744.00
2013/12/12 3.673 3.704 3.562 3.641 18477000.00 84982144.00
2013/12/13 3.691 3.778 3.651 3.778 5971700.00 28355936.00
2013/12/16 3.721 3.839 3.705 3.745 7145309.00 34244496.00
2013/12/17 3.744 3.830 3.728 3.775 8204000.00 39259700.00
2013/12/18 3.862 3.862 3.744 3.791 5956000.00 28649532.00
2013/12/19 3.820 3.859 3.733 3.741 5655000.00 27229156.00
2013/12/20 3.773 3.788 3.575 3.630 12025000.00 55141956.00
2013/12/23 3.620 3.683 3.597 3.620 4400000.00 20278960.00
2013/12/24 3.651 3.659 3.580 3.659 2402000.00 11070644.00
2013/12/27 3.637 3.668 3.582 3.613 5568000.00 25561210.00
2013/12/30 3.612 3.777 3.573 3.612 7549000.00 34654476.00
2013/12/31 3.609 3.656 3.522 3.656 11076000.00 50956440.00
2014/01/02 3.658 3.815 3.603 3.768 6601284.00 31163444.00
2014/01/03 3.716 3.716 3.605 3.676 5493000.00 25458014.00
2014/01/06 3.630 3.630 3.512 3.536 6792000.00 30644214.00
2014/01/07 3.542 3.574 3.534 3.534 2907000.00 13105151.00
2014/01/08 3.537 3.844 3.537 3.765 16690000.00 77369016.00
2014/01/09 3.806 4.019 3.775 3.956 36278000.00 181865584.00
2014/01/10 3.965 4.044 3.879 4.028 13841000.00 69560216.00
2014/01/13 4.064 4.087 3.914 3.993 9777000.00 49562132.00
2014/01/14 3.976 3.976 3.827 3.882 11419000.00 56158488.00
2014/01/15 3.894 3.942 3.863 3.879 8253000.00 40752096.00
2014/01/16 3.898 3.937 3.851 3.906 7123000.00 35315832.00
2014/01/17 3.912 3.920 3.778 3.786 6423000.00 31238416.00
2014/01/20 3.788 3.812 3.639 3.694 17751000.00 83283592.00
2014/01/21 3.653 3.740 3.645 3.669 15599000.00 73069128.00
2014/01/22 3.686 3.969 3.654 3.930 23211000.00 113624312.00
2014/01/23 3.962 4.017 3.828 3.852 8663000.00 42668308.00
2014/01/24 3.799 3.894 3.752 3.807 10868000.00 52727360.00
2014/01/27 3.757 3.773 3.647 3.670 7887000.00 36944636.00
2014/01/28 3.632 3.758 3.632 3.750 4312000.00 20427016.00
2014/01/29 3.800 3.831 3.729 3.776 3997000.00 19144360.00
2014/01/30 3.735 3.743 3.656 3.680 5156000.00 24209220.00
2014/02/04 3.680 3.680 3.562 3.593 6435400.00 29381304.00
2014/02/05 3.656 3.703 3.522 3.538 6439100.00 29202666.00
2014/02/06 3.538 3.648 3.538 3.609 9104800.00 41595328.00
2014/02/07 3.661 3.748 3.661 3.716 4226021.00 19928730.00
2014/02/10 3.724 3.756 3.653 3.653 4283000.00 20077820.00
2014/02/11 3.692 3.802 3.669 3.708 6236900.00 29671784.00
2014/02/12 3.740 3.898 3.740 3.882 13117600.00 64214008.00
2014/02/13 3.852 3.876 3.773 3.813 5479000.00 26492456.00
2014/02/14 3.803 3.835 3.748 3.764 4154000.00 19914636.00
2014/02/17 3.779 3.810 3.716 3.731 5883000.00 28003604.00
2014/02/18 3.717 3.772 3.686 3.749 5412197.00 25575004.00
2014/02/19 3.743 3.766 3.680 3.703 5450000.00 25648432.00
2014/02/20 3.745 3.745 3.642 3.666 3025000.00 14118710.00
2014/02/21 3.715 3.715 3.613 3.621 2904000.00 13437760.00
2014/02/24 3.613 3.613 3.195 3.314 42255000.00 176707168.00
2014/02/25 3.312 3.360 3.084 3.147 30346000.00 123527720.00
2014/02/26 3.185 3.320 3.138 3.312 21098000.00 86037392.00
2014/02/27 3.274 3.305 3.179 3.195 12490000.00 50828632.00
2014/02/28 3.258 3.281 3.195 3.242 15016000.00 61462148.00
2014/03/03 3.232 3.232 3.146 3.201 7228000.00 29235274.00
2014/03/04 3.212 3.259 3.172 3.219 10321000.00 42131204.00
2014/03/05 3.236 3.236 3.110 3.165 8372000.00 33606496.00
2014/03/06 3.196 3.275 3.125 3.228 20842000.00 84767336.00
2014/03/07 3.241 3.265 3.123 3.146 10380500.00 41658608.00
2014/03/10 3.026 3.144 3.002 3.081 9461600.00 36704720.00
2014/03/11 3.106 3.145 2.963 3.058 18427000.00 70818152.00
2014/03/12 3.059 3.161 2.948 3.074 11721691.00 45580552.00
2014/03/13 3.049 3.120 3.033 3.080 14041000.00 54841564.00
2014/03/14 3.026 3.081 2.947 3.049 9432500.00 36085896.00
2014/03/17 3.040 3.056 2.961 2.969 5326900.00 20131548.00
2014/03/18 2.970 2.994 2.915 2.970 6272000.00 23330580.00
2014/03/19 2.971 2.971 2.820 2.860 10340000.00 37475768.00
2014/03/20 2.818 2.936 2.818 2.912 6939000.00 25356276.00
2014/03/21 2.930 3.183 2.914 3.143 16515800.00 64334088.00
2014/03/24 3.168 3.184 3.057 3.168 9887500.00 39281048.00
2014/03/25 3.326 3.326 3.096 3.096 22648700.00 91820288.00
2014/03/26 3.129 3.398 3.105 3.398 25921144.00 108407880.00
2014/03/27 3.359 3.398 3.256 3.335 16713000.00 70024744.00
2014/03/28 3.337 3.408 3.313 3.392 10846000.00 46041352.00
2014/03/31 3.402 3.577 3.291 3.569 17807200.00 77976288.00
2014/04/01 3.536 3.631 3.465 3.623 11495800.00 51554088.00
2014/04/02 3.599 3.876 3.599 3.829 38048300.00 182645248.00
2014/04/03 3.815 3.855 3.720 3.767 19190000.00 91257384.00
2014/04/04 3.745 3.872 3.666 3.825 13115000.00 62173788.00
2014/04/07 3.761 3.849 3.674 3.722 10305000.00 48790448.00
2014/04/08 3.705 3.784 3.665 3.760 10342309.00 48857648.00
2014/04/09 3.727 3.886 3.727 3.806 10977500.00 52760164.00
2014/04/10 3.768 3.848 3.752 3.800 10048000.00 47964480.00
2014/04/11 3.728 3.831 3.632 3.640 9143500.00 42580288.00
2014/04/14 3.666 3.730 3.619 3.682 6191000.00 28715186.00
2014/04/15 3.708 3.724 3.486 3.542 11722000.00 52257380.00
2014/04/16 3.542 3.566 3.423 3.447 9357600.00 40823936.00
2014/04/17 3.446 3.621 3.446 3.613 7784895.00 34839276.00
2014/04/22 3.568 3.568 3.369 3.448 7354200.00 31755916.00
2014/04/23 3.496 3.496 3.393 3.401 5817000.00 25093504.00
2014/04/24 3.368 3.503 3.305 3.424 10701000.00 46155168.00
2014/04/25 3.439 3.439 3.256 3.272 9644000.00 40178688.00
2014/04/28 3.256 3.311 3.081 3.105 14106200.00 56403216.00
2014/04/29 3.160 3.216 3.112 3.200 8450300.00 33589824.00
2014/04/30 3.217 3.256 3.113 3.129 14197000.00 56184252.00
2014/05/02 3.161 3.225 3.121 3.201 7259305.00 28975662.00
2014/05/05 3.200 3.200 3.025 3.041 9414500.00 36201872.00
2014/05/07 3.056 3.080 2.874 2.937 20016400.00 73587640.00
2014/05/08 2.986 3.041 2.898 2.922 8121000.00 30432460.00
2014/05/09 2.939 2.955 2.884 2.916 10595600.00 38825312.00
2014/05/12 2.965 3.116 2.926 3.100 8730200.00 33648140.00
2014/05/13 3.141 3.355 3.101 3.324 15359000.00 62939964.00
2014/05/14 3.333 3.436 3.269 3.285 18870000.00 79279632.00
2014/05/16 3.220 3.220 3.013 3.069 32742000.00 126948736.00
2014/05/19 3.061 3.101 3.037 3.061 9043600.00 34833912.00
2014/05/20 3.076 3.076 2.997 3.005 16932200.00 64581040.00
2014/05/21 2.847 2.847 2.735 2.799 13297250.00 46943888.00
2014/05/22 2.823 2.863 2.752 2.799 11561000.00 40566108.00
2014/05/23 2.848 3.071 2.824 3.031 51103300.00 193821968.00
2014/05/26 3.064 3.119 2.960 3.016 15341000.00 58074336.00
2014/05/27 3.039 3.111 2.999 3.047 14446300.00 55179560.00
2014/05/28 3.072 3.127 3.056 3.088 20241950.00 78911992.00
2014/05/29 3.088 3.120 3.016 3.120 11255300.00 43334256.00
2014/05/30 3.143 3.223 3.080 3.183 12697000.00 50387196.00
2014/06/03 3.239 3.263 3.191 3.207 11298516.00 45708816.00
2014/06/04 3.151 3.223 3.095 3.151 7839000.00 31037620.00
2014/06/05 3.192 3.263 3.160 3.239 11036000.00 44734676.00
2014/06/06 3.259 3.338 3.251 3.299 10977000.00 45668700.00
2014/06/09 3.291 3.291 3.220 3.252 6558000.00 26901040.00
2014/06/10 3.330 3.330 3.242 3.290 9218613.00 38220220.00
2014/06/11 3.309 3.309 3.174 3.245 6051600.00 24659076.00
2014/06/12 3.230 3.309 3.174 3.222 6164000.00 25155150.00
2014/06/13 3.237 3.348 3.213 3.332 15167000.00 63256868.00
2014/06/16 3.334 3.469 3.302 3.406 14903000.00 64131840.00
2014/06/17 3.421 3.461 3.358 3.397 8272000.00 35504184.00
2014/06/18 3.351 3.470 3.351 3.399 8552000.00 36973632.00
2014/06/19 3.366 3.437 3.215 3.263 12269000.00 50810368.00
2014/06/20 3.247 3.326 3.215 3.263 10276600.00 42328556.00
2014/06/23 3.296 3.335 3.216 3.240 8999000.00 37096988.00
2014/06/24 3.263 3.295 3.176 3.232 5567000.00 22592090.00
2014/06/25 3.248 3.288 3.208 3.248 5637000.00 23055020.00
2014/06/26 3.287 3.311 3.215 3.295 6754000.00 27871544.00
2014/06/27 3.255 3.358 3.239 3.350 5622000.00 23410330.00
2014/06/30 3.334 3.548 3.334 3.485 13197000.00 57117960.00
2014/07/02 3.510 3.669 3.446 3.653 17028000.00 76636824.00
2014/07/03 3.496 3.655 3.480 3.631 253203632.00 1100174592.00
2014/07/04 3.658 3.873 3.635 3.857 54097000.00 256290672.00
2014/07/07 3.819 4.002 3.620 3.827 43925800.00 212560224.00
2014/07/08 3.801 3.856 3.658 3.729 27025636.00 126641704.00
2014/07/09 3.694 3.773 3.638 3.710 15490000.00 72568968.00
2014/07/10 3.766 3.853 3.710 3.774 19504008.00 93080944.00
2014/07/11 3.767 3.775 3.688 3.704 8833000.00 41571144.00
2014/07/14 3.697 3.816 3.689 3.808 12620000.00 59894108.00
2014/07/15 3.793 3.959 3.777 3.919 17800000.00 87351760.00
2014/07/16 3.922 3.986 3.875 3.962 13346000.00 66277456.00
2014/07/17 3.971 3.995 3.773 3.836 27606600.00 134682144.00
2014/07/18 3.813 3.972 3.773 3.972 20613236.00 101091632.00
2014/07/21 3.930 4.097 3.851 4.034 25403000.00 128489152.00
2014/07/22 4.057 4.208 3.994 4.168 28548912.00 149219712.00
2014/07/23 4.162 4.369 4.162 4.337 37685264.00 204504928.00
2014/07/24 4.378 4.648 4.362 4.568 62196020.00 354532576.00
2014/07/25 4.578 4.657 4.427 4.618 29728436.00 169895920.00
2014/07/28 4.620 4.930 4.604 4.922 47312120.00 284090496.00
2014/07/29 4.850 4.889 4.659 4.858 38034476.00 230900432.00
2014/07/30 4.852 4.884 4.669 4.749 43082000.00 257936352.00
2014/07/31 4.735 5.141 4.719 5.085 41687400.00 258982864.00
2014/08/01 5.054 5.205 4.942 5.014 28544200.00 182068144.00
2014/08/04 5.164 5.164 4.949 5.020 12228078.00 77421560.00
2014/08/05 5.020 5.020 4.710 4.813 39773000.00 239168752.00
2014/08/06 4.775 4.807 4.656 4.727 17404272.00 103464536.00
2014/08/07 4.695 4.870 4.591 4.687 19211456.00 114617792.00
2014/08/08 4.765 4.900 4.734 4.885 27489000.00 166504448.00
2014/08/11 4.921 5.397 4.905 5.334 50818096.00 337218144.00
2014/08/12 5.294 5.389 5.191 5.357 26390400.00 177576416.00
2014/08/13 5.343 5.422 5.120 5.319 38258000.00 255873008.00
2014/08/14 5.225 5.336 5.217 5.256 13946900.00 92851808.00
2014/08/15 5.224 5.335 5.153 5.176 19463600.00 128467160.00
2014/08/18 5.176 5.239 5.017 5.073 24509800.00 157142288.00
2014/08/19 5.027 5.154 4.939 5.027 19827000.00 125517328.00
2014/08/20 5.045 5.141 5.005 5.085 6878600.00 43995992.00
2014/08/21 5.288 5.320 5.057 5.073 10134000.00 65836024.00
2014/08/22 5.120 5.168 5.001 5.033 6122000.00 38917016.00
2014/08/25 4.980 5.004 4.765 4.908 18016000.00 110196032.00
2014/08/26 4.853 5.203 4.853 5.140 24912000.00 161092064.00
2014/08/27 5.052 5.052 4.901 5.012 17718200.00 110835872.00
2014/08/28 5.026 5.026 4.700 4.716 24528900.00 147523968.00
2014/08/29 4.725 4.836 4.629 4.781 9158000.00 54880116.00
2014/09/01 4.735 4.886 4.680 4.735 9978000.00 59809484.00
2014/09/02 4.775 4.839 4.688 4.752 12658000.00 75726808.00
2014/09/03 4.864 5.079 4.792 4.888 24700000.00 153540304.00
2014/09/04 4.925 5.259 4.917 5.227 29105400.00 188250256.00
2014/09/05 5.398 5.398 5.247 5.263 20170000.00 135232016.00
2014/09/08 5.311 5.414 5.199 5.215 9293351.00 61336812.00
2014/09/10 5.231 5.286 5.017 5.049 24822696.00 159586848.00
2014/09/11 5.067 5.178 5.051 5.083 8343182.00 53629500.00
2014/09/12 5.115 5.258 5.092 5.195 17662336.00 114942896.00
2014/09/15 5.114 5.114 4.932 4.987 13776993.00 87092472.00
2014/09/16 4.988 5.107 4.924 4.948 9893789.00 62369036.00
2014/09/17 4.979 5.050 4.860 4.868 13820635.00 85855360.00
2014/09/18 4.839 4.919 4.681 4.688 21754000.00 129975568.00
2014/09/19 4.797 4.805 4.614 4.622 26972264.00 158782416.00
2014/09/22 4.680 4.712 4.402 4.466 22051952.00 124813496.00
2014/09/23 4.449 4.750 4.449 4.536 37286512.00 217697920.00
2014/09/24 4.607 4.916 4.607 4.813 12217311.00 73838744.00
2014/09/25 4.823 4.982 4.815 4.839 13981962.00 85775104.00
2014/09/26 4.831 4.839 4.561 4.648 16137040.00 94805784.00
2014/09/29 4.559 4.646 4.448 4.583 14151000.00 81009128.00
2014/09/30 4.596 4.660 4.485 4.660 12714685.00 73344008.00
2014/10/03 4.739 5.246 4.739 5.230 50353980.00 319280192.00
2014/10/06 5.270 5.270 5.016 5.040 25711718.00 165970160.00
2014/10/07 5.135 5.175 4.953 5.032 17597240.00 111467424.00
2014/10/08 4.996 5.115 4.964 5.067 10582670.00 67251776.00
2014/10/09 5.143 5.214 5.071 5.151 15565807.00 101219760.00
2014/10/10 5.001 5.262 5.001 5.127 10439496.00 67974816.00
2014/10/13 5.069 5.149 4.856 5.006 12860812.00 80147728.00
2014/10/14 4.971 5.105 4.963 5.050 11461983.00 73020856.00
2014/10/15 5.150 5.150 5.070 5.094 5863003.00 37816440.00
2014/10/16 5.066 5.208 4.939 4.971 11704864.00 74862688.00
2014/10/17 5.019 5.098 4.955 5.050 5255011.00 33430020.00
2014/10/20 5.132 5.243 5.092 5.203 16134434.00 105702496.00
2014/10/21 5.248 5.248 5.066 5.121 4660120.00 30114916.00
2014/10/22 5.204 5.228 5.022 5.141 5080381.00 32858502.00
2014/10/23 5.119 5.182 4.849 4.984 14037559.00 87985608.00
2014/10/24 5.063 5.063 4.937 4.976 3082000.00 19409156.00
2014/10/27 4.974 4.974 4.792 4.856 14160000.00 86373016.00
2014/10/28 4.917 4.972 4.854 4.941 7741151.00 48152080.00
2014/10/29 4.971 5.082 4.908 4.955 13538000.00 84787696.00
2014/10/30 4.906 5.151 4.898 5.025 16922806.00 106577160.00
2014/10/31 5.072 5.334 5.033 5.318 25440800.00 165867328.00
2014/11/03 5.323 5.617 5.252 5.466 34213452.00 235580368.00
2014/11/04 5.556 5.588 5.374 5.390 13355019.00 91321688.00
2014/11/05 5.387 5.435 5.276 5.324 8902467.00 60074956.00
2014/11/06 5.353 5.369 5.170 5.218 13205400.00 87907024.00
2014/11/07 5.244 5.252 5.117 5.220 11515164.00 75467888.00
2014/11/10 5.281 5.542 5.201 5.510 23041208.00 159203136.00
2014/11/11 5.544 5.544 5.441 5.520 11327141.00 78747496.00
2014/11/12 5.538 5.538 5.332 5.371 6996000.00 47746660.00
2014/11/13 5.386 5.544 5.339 5.505 7999034.00 55053180.00
2014/11/14 5.542 5.542 5.415 5.495 8206780.00 56609780.00
2014/11/17 5.512 5.559 5.393 5.393 7932737.00 54873668.00
2014/11/18 5.482 5.482 5.022 5.038 11981270.00 77702512.00
2014/11/19 5.091 5.130 4.924 5.122 14546139.00 92208040.00
2014/11/20 5.140 5.140 4.783 4.839 15167150.00 94050792.00
2014/11/21 4.749 4.970 4.749 4.891 10161852.00 62906784.00
2014/11/24 5.376 5.717 5.147 5.701 58853144.00 409282336.00
2014/11/25 5.683 5.683 5.461 5.485 14540795.00 101616936.00
2014/11/26 5.491 5.775 5.491 5.696 22589796.00 162063920.00
2014/11/27 5.789 5.804 5.512 5.559 7880291.00 55877256.00
2014/11/28 5.570 5.760 5.420 5.713 17989000.00 128577376.00
2014/12/01 5.722 5.722 5.453 5.492 9662905.00 67968912.00
2014/12/02 5.512 5.614 5.282 5.361 29794292.00 202220656.00
2014/12/03 5.445 5.801 5.406 5.516 20783000.00 147519344.00
2014/12/04 5.608 5.608 5.394 5.449 11776169.00 81478160.00
2014/12/05 5.423 5.534 5.344 5.495 8405400.00 57905224.00
2014/12/08 5.582 5.764 5.495 5.764 16162000.00 116164456.00
2014/12/09 5.806 5.806 5.474 5.538 24243974.00 172655056.00
2014/12/10 5.509 5.604 5.375 5.525 20169698.00 141054752.00
2014/12/11 5.522 5.538 5.317 5.317 9735438.00 67125752.00
2014/12/12 5.367 5.517 5.320 5.399 4118000.00 28300200.00
2014/12/15 5.364 5.475 5.143 5.214 7165413.00 47297588.00
2014/12/16 5.193 5.264 5.129 5.248 4449000.00 29402130.00
2014/12/17 5.227 5.227 5.109 5.212 4047800.00 26516680.00
2014/12/18 5.263 5.366 5.184 5.232 4747508.00 31655248.00
2014/12/19 5.296 5.461 5.083 5.169 9209100.00 60657744.00
2014/12/22 5.266 5.527 5.013 5.511 11635782.00 78411288.00
2014/12/23 5.463 5.613 5.344 5.399 12645997.00 88106736.00
2014/12/24 5.400 5.511 5.337 5.416 3919000.00 26789840.00
2014/12/29 5.528 5.788 5.528 5.781 18544540.00 134826224.00
2014/12/30 5.793 6.140 5.793 6.077 23745468.00 181279632.00
2014/12/31 6.114 6.272 6.019 6.224 20887040.00 163074976.00
2015/01/02 6.153 6.824 6.137 6.429 46216128.00 387087232.00
2015/01/06 6.319 6.524 6.161 6.390 36263776.00 292748000.00
2015/01/07 6.439 6.542 5.958 6.029 26022166.00 202451728.00
2015/01/08 6.119 6.142 5.818 5.921 20937900.00 156575760.00
2015/01/09 5.952 6.063 5.794 5.841 33273254.00 247409936.00
2015/01/12 5.836 5.860 5.528 5.679 13054885.00 94289624.00
2015/01/13 5.580 5.746 5.565 5.612 19807900.00 141929696.00
2015/01/14 5.628 5.747 5.526 5.557 18698642.00 132504704.00
2015/01/15 5.524 5.666 5.390 5.651 27967320.00 196835056.00
2015/01/16 5.644 5.691 5.502 5.565 18975824.00 133785496.00
2015/01/19 5.569 5.569 5.119 5.190 17063176.00 113917000.00
2015/01/20 5.133 5.339 5.133 5.252 24984000.00 165985536.00
2015/01/21 5.295 5.627 5.200 5.580 19427752.00 134326736.00
2015/01/22 5.610 5.752 5.570 5.673 18988960.00 135772976.00
2015/01/23 5.736 5.863 5.649 5.713 15594239.00 113943552.00
2015/01/26 5.701 5.764 5.519 5.646 10776200.00 76582840.00
2015/01/27 5.699 5.715 5.525 5.612 6119067.00 43499348.00
2015/01/28 5.628 5.652 5.478 5.486 14682083.00 102863720.00
2015/01/29 5.538 5.578 5.309 5.491 14563399.00 101062912.00
2015/02/09 5.615 5.829 5.457 5.686 58631048.00 421934496.00
2015/02/10 5.653 5.716 5.534 5.645 22654000.00 160805088.00
2015/02/11 5.615 5.638 5.330 5.417 26508500.00 181401856.00
2015/02/12 5.363 5.481 5.252 5.473 19282616.00 130691584.00
2015/02/13 5.477 5.596 5.438 5.548 17562822.00 122594496.00
2015/02/16 5.554 5.696 5.554 5.657 6858284.00 48859996.00
2015/02/17 5.660 5.660 5.399 5.415 14144000.00 97727736.00
2015/02/18 5.454 5.494 5.233 5.391 6346636.00 43021648.00
2015/02/23 5.415 5.470 5.343 5.375 9515790.00 64889072.00
2015/02/24 5.454 5.549 5.383 5.494 7426875.00 51546404.00
2015/02/25 5.532 5.532 5.398 5.453 6589049.00 45393780.00
2015/02/26 5.540 5.658 5.413 5.611 16126357.00 113391024.00
2015/02/27 5.604 5.755 5.588 5.691 18510000.00 132636824.00
2015/03/02 5.767 5.767 5.497 5.632 20793926.00 146392864.00
2015/03/03 5.690 5.730 5.603 5.642 16982080.00 121374696.00
2015/03/04 5.712 5.712 5.633 5.656 12151053.00 87042672.00
2015/03/05 5.657 5.744 5.593 5.649 13855956.00 98569904.00
2015/03/06 5.712 5.712 5.482 5.625 7774778.00 54661504.00
2015/03/09 5.611 5.611 5.468 5.515 6786000.00 47060824.00
2015/03/10 5.515 5.515 5.253 5.308 13890898.00 93226352.00
2015/03/11 5.279 5.382 5.175 5.294 10290700.00 68751600.00
2015/03/12 5.292 5.316 5.062 5.125 26780520.00 174169040.00
2015/03/13 5.092 5.203 5.092 5.139 18168880.00 117590032.00
2015/03/16 5.118 5.261 5.102 5.134 8762640.00 57091688.00
2015/03/17 5.195 5.354 5.187 5.298 22161000.00 148126176.00
2015/03/18 5.313 5.313 5.123 5.186 17817180.00 116245776.00
2015/03/19 5.150 5.245 5.095 5.118 17986244.00 116649760.00
2015/03/20 5.073 5.231 4.938 4.985 38281084.00 245787008.00
2015/03/23 5.062 5.292 5.054 5.276 18163694.00 119290304.00
2015/03/24 5.304 5.367 5.114 5.153 24104620.00 158697152.00
2015/03/25 5.131 5.202 5.036 5.076 14934000.00 96217192.00
2015/03/26 5.049 5.065 4.852 4.859 27101488.00 168163344.00
2015/03/27 4.838 5.226 4.838 5.186 56536012.00 365304864.00
2015/03/30 5.187 5.575 5.068 5.543 42497952.00 288864864.00
2015/03/31 5.822 6.075 5.323 5.331 38114000.00 272570400.00
2015/04/01 5.451 5.451 5.276 5.324 19587804.00 132731440.00
2015/04/02 5.377 5.535 5.274 5.520 17469870.00 119828560.00
2015/04/08 5.610 5.966 5.610 5.863 36671968.00 270985152.00
2015/04/09 5.936 6.569 5.864 6.411 86102416.00 681107520.00
2015/04/10 6.335 6.723 6.303 6.707 51312480.00 420325824.00
2015/04/13 6.599 7.035 6.496 6.955 44562212.00 385784128.00
2015/04/14 6.885 7.210 6.584 6.671 35491900.00 310069376.00
2015/04/15 6.663 6.980 6.568 6.679 22960224.00 196874928.00
2015/04/16 6.802 7.000 6.581 7.000 20785644.00 180976304.00
2015/04/17 6.916 7.003 6.726 6.821 18343638.00 160356432.00
2015/04/20 6.812 6.931 6.402 6.496 24093000.00 202022768.00
2015/04/21 6.563 6.721 6.389 6.618 12154954.00 100358744.00
2015/04/22 6.841 7.426 6.683 7.339 46033780.00 424385376.00
2015/04/23 7.512 8.065 7.354 7.551 32181748.00 310863232.00
2015/04/24 7.586 7.705 7.151 7.594 17107876.00 161618096.00
2015/04/27 7.591 7.789 7.331 7.497 15875000.00 152228544.00
2015/04/28 7.645 7.645 7.226 7.250 14956424.00 139112912.00
2015/04/29 7.245 7.577 7.103 7.514 21811800.00 204727024.00
2015/04/30 7.573 8.093 7.423 8.062 37816120.00 375642528.00
2015/05/04 8.144 8.475 7.986 8.428 25241086.00 267097792.00
2015/05/05 8.444 8.491 7.820 8.144 19168936.00 197789488.00
2015/05/06 8.363 8.379 7.874 7.890 17059836.00 175545968.00
2015/05/07 8.041 8.041 7.489 7.679 10924256.00 106579704.00
2015/05/08 7.878 8.407 7.847 8.265 13613000.00 140226736.00
2015/05/11 8.436 8.499 7.592 7.734 29497592.00 294802976.00
2015/05/12 7.857 7.920 7.494 7.510 25177400.00 242370416.00
2015/05/13 7.727 8.074 7.585 7.948 42715268.00 427542784.00
2015/05/14 8.102 8.133 7.826 7.881 14029574.00 141904112.00
2015/05/28 7.844 8.128 7.023 7.260 55687728.00 519368416.00
2015/05/29 7.348 7.380 6.890 7.190 144972400.00 1310476800.00
2015/06/01 7.058 7.358 6.837 7.279 50129928.00 452797088.00
2015/06/02 7.272 7.335 7.043 7.208 21172000.00 191519008.00
2015/06/03 7.328 7.328 7.091 7.107 19006930.00 173476208.00
2015/06/04 7.305 7.715 7.108 7.163 22145744.00 205063408.00
2015/06/05 7.324 7.364 7.095 7.269 12945000.00 117943664.00
2015/06/08 7.263 7.263 7.026 7.263 7240750.00 65650152.00
2015/06/09 7.268 7.324 7.000 7.024 15210146.00 136492720.00
2015/06/10 7.101 7.196 6.785 6.825 7759467.00 68332136.00
2015/06/11 6.981 7.115 6.633 6.712 14965269.00 127904136.00
2015/06/12 6.825 7.180 6.714 7.148 12749520.00 113993408.00
2015/06/15 7.179 7.179 6.919 7.037 6717400.00 59894164.00
2015/06/16 7.139 7.139 6.831 6.887 9761000.00 85284984.00
2015/06/17 6.990 7.163 6.942 7.069 12781632.00 114060096.00
2015/06/18 7.033 7.159 7.002 7.104 7373000.00 66039328.00
2015/06/19 7.220 7.291 7.054 7.172 15188144.00 137766832.00
2015/06/22 7.015 7.180 7.007 7.094 4563907.00 40933424.00
2015/06/23 7.175 7.562 7.168 7.451 17590912.00 164348464.00
2015/06/24 7.539 7.539 7.113 7.255 20244500.00 188277216.00
2015/06/25 7.217 7.351 7.146 7.193 5073000.00 46392120.00
2015/06/26 7.398 7.398 6.814 6.909 9288000.00 81388392.00
2015/06/29 6.912 6.943 6.383 6.525 15786316.00 131665776.00
2015/06/30 6.404 6.900 6.388 6.695 13605616.00 114770184.00
2015/07/02 6.636 6.746 6.439 6.518 11212000.00 93727992.00
2015/07/03 6.469 6.580 6.107 6.217 12802600.00 101816624.00
2015/07/06 6.312 6.494 5.302 5.571 21188000.00 152325232.00
2015/07/07 5.617 5.838 5.270 5.373 15896057.00 109301512.00
2015/07/08 5.104 5.601 4.575 5.001 29045858.00 185176448.00
2015/07/09 4.701 5.600 4.701 5.506 16524462.00 113633568.00
2015/07/10 5.522 5.932 5.491 5.838 21719200.00 158668608.00
2015/07/13 5.726 5.899 5.600 5.836 14554509.00 107118608.00
2015/07/14 5.926 5.934 5.729 5.792 7856000.00 57623928.00
2015/07/15 5.688 5.767 5.522 5.554 5030689.00 35744480.00
2015/07/16 5.469 5.919 5.469 5.896 14477000.00 105744944.00
2015/07/17 5.992 6.150 5.945 6.087 10784000.00 82534248.00
2015/07/20 6.159 6.301 6.009 6.088 6040100.00 46688156.00
2015/07/21 6.016 6.159 5.930 6.001 7554000.00 57740816.00
2015/07/22 5.943 6.014 5.730 5.801 7872135.00 58028480.00
2015/07/23 5.880 6.038 5.730 5.896 7464000.00 55881384.00
2015/07/24 5.808 5.887 5.682 5.706 5295400.00 38567916.00
2015/07/27 5.683 5.683 5.312 5.343 10140400.00 69968888.00
2015/07/28 5.334 5.594 5.286 5.310 12994734.00 89281936.00
2015/07/29 5.302 5.483 5.207 5.254 7995250.00 53688256.00
2015/07/30 5.342 5.413 5.256 5.287 4543000.00 30667194.00
2015/07/31 5.263 5.476 5.232 5.476 7346821.00 50075836.00
2015/08/03 5.460 5.460 5.286 5.397 4311745.00 29327862.00
2015/08/04 5.326 5.484 5.311 5.445 5274599.00 36090808.00
2015/08/05 5.453 5.508 5.366 5.382 4528100.00 31202860.00
2015/08/06 5.461 5.461 5.288 5.312 3171050.00 21432794.00
2015/08/07 5.288 5.461 5.288 5.367 4796500.00 32624598.00
2015/08/10 5.412 5.609 5.317 5.428 4221000.00 29170756.00
2015/08/11 5.553 5.754 5.424 5.497 6449106.00 44612500.00
2015/08/12 5.482 5.482 5.058 5.172 11487000.00 73711720.00
2015/08/13 5.275 5.341 5.118 5.184 16517632.00 103994960.00
2015/08/14 5.232 5.323 5.191 5.306 3212600.00 20529552.00
2015/08/17 5.279 5.304 5.130 5.180 4256000.00 26774280.00
2015/08/18 5.279 5.329 5.032 5.040 4127950.00 25808224.00
2015/08/19 5.032 5.131 4.842 4.900 7573658.00 45502484.00
2015/08/20 4.757 4.988 4.732 4.773 8853600.00 52004932.00
2015/08/21 4.713 4.713 4.408 4.474 15783000.00 85809912.00
2015/08/24 4.152 4.473 4.119 4.176 15799155.00 81717128.00
2015/08/25 4.053 4.325 3.681 3.690 36412280.00 173387408.00
2015/08/26 3.693 3.883 3.288 3.305 55220100.00 238126432.00
2015/08/27 3.514 3.580 3.357 3.473 73860280.00 308762528.00
2015/08/28 3.633 3.699 3.435 3.476 81069200.00 350556544.00
2015/08/31 3.504 3.512 3.322 3.454 26378612.00 109080840.00
2015/09/01 3.373 3.463 3.290 3.373 18407464.00 75561736.00
2015/09/02 3.407 3.620 3.308 3.448 19173314.00 81112704.00
2015/09/04 3.382 3.563 3.316 3.382 22018668.00 90365584.00
2015/09/07 3.364 3.520 3.323 3.503 7498700.00 31231236.00
2015/09/09 3.530 3.555 3.144 3.382 129713072.00 532163840.00
2015/09/10 3.200 3.316 3.192 3.266 38863000.00 152968096.00
2015/09/11 3.264 3.354 3.239 3.305 32970560.00 133387408.00
2015/09/14 3.403 3.485 3.329 3.370 34343976.00 141470544.00
2015/09/15 3.401 3.409 3.343 3.401 19790868.00 81336736.00
2015/09/16 3.412 3.510 3.403 3.486 22745946.00 95750040.00
2015/09/17 3.516 3.524 3.417 3.426 19372000.00 81652624.00
2015/09/18 3.381 3.472 3.381 3.406 21777634.00 91188744.00
2015/09/21 3.451 3.632 3.410 3.591 62445896.00 271303296.00
2015/09/22 3.618 3.864 3.560 3.725 34043000.00 154833024.00
2015/09/23 3.703 3.703 3.440 3.481 45609000.00 196271648.00
2015/09/24 3.523 3.523 3.383 3.441 21087000.00 87608856.00
2015/09/25 3.391 3.481 3.391 3.440 13302600.00 55449476.00
2015/09/29 3.351 3.351 3.220 3.245 16164075.00 64414456.00
2015/09/30 3.291 3.365 3.226 3.316 16801100.00 67751792.00
2015/10/02 3.439 3.776 3.415 3.751 31406000.00 138520384.00
2015/10/05 3.940 4.071 3.768 3.800 37715000.00 175914304.00
2015/10/06 3.899 3.923 3.726 3.792 17686708.00 81570936.00
2015/10/07 3.751 4.096 3.710 4.088 20340000.00 98851992.00
2015/10/08 3.958 4.023 3.884 3.933 18930200.00 90911736.00
2015/10/09 3.982 4.072 3.949 3.982 15008946.00 73304616.00
2015/10/12 4.009 4.074 3.952 4.017 15889307.00 78226016.00
2015/10/13 4.030 4.136 3.916 3.973 15930000.00 78583760.00
2015/10/14 3.952 3.993 3.862 3.903 11231043.00 53700492.00
2015/10/15 3.968 4.066 3.894 4.041 12942426.00 63518528.00
2015/10/16 4.093 4.158 3.913 3.994 28089632.00 137503536.00
2015/10/19 4.033 4.049 3.943 4.017 12971158.00 63322280.00
2015/10/20 4.030 4.096 3.989 4.030 8611622.00 42416432.00
2015/10/22 3.982 4.113 3.933 4.080 11295000.00 55970352.00
2015/10/23 4.152 4.201 4.045 4.177 15817112.00 79689176.00
2015/10/26 4.264 4.264 4.034 4.116 28287512.00 142864368.00
2015/10/27 4.129 4.129 3.982 4.072 17390324.00 85995984.00
2015/10/28 4.083 4.099 3.820 3.845 19529226.00 93244840.00
2015/10/29 3.857 3.922 3.808 3.816 18383000.00 86521600.00
2015/10/30 3.883 3.982 3.793 3.916 18767578.00 89001904.00
2015/11/02 3.854 4.001 3.830 3.879 11602282.00 55764776.00
2015/11/03 3.905 4.052 3.905 4.035 14462093.00 71083192.00
2015/11/04 4.054 4.274 4.029 4.242 23414628.00 120190584.00
2015/11/05 4.244 4.293 4.171 4.212 11895000.00 61413728.00
2015/11/06 4.176 4.372 4.167 4.356 10699000.00 56300200.00
2015/11/09 4.388 4.429 4.249 4.323 8977000.00 47270880.00
2015/11/10 4.258 4.275 4.168 4.184 11808000.00 60653156.00
2015/11/11 4.193 4.317 4.120 4.169 6009484.00 30513964.00
2015/11/12 4.203 4.302 4.154 4.220 5815000.00 29828324.00
2015/11/13 4.156 4.189 4.082 4.123 9165668.00 46036388.00
2015/11/16 4.030 4.113 3.981 4.039 9312000.00 45795396.00
2015/11/17 4.063 4.243 4.046 4.153 10070000.00 50948600.00
2015/11/18 4.115 4.379 4.107 4.297 17378946.00 90689128.00
2015/11/19 4.354 4.428 4.272 4.305 7049000.00 37151468.00
2015/11/20 4.288 4.403 4.255 4.378 5765300.00 30397780.00
2015/11/23 4.433 4.433 4.335 4.351 7715000.00 40986860.00
2015/11/24 4.410 4.410 4.295 4.320 5900972.00 30962748.00
2015/11/25 4.335 4.352 4.245 4.344 6805480.00 35639144.00
2015/11/26 4.353 4.378 4.254 4.279 2329974.00 12176075.00
2015/11/27 4.264 4.330 4.132 4.156 8984000.00 45808448.00
2015/11/30 4.184 4.300 4.110 4.267 11577446.00 59370624.00
2015/12/01 4.300 4.680 4.234 4.605 23545384.00 127770408.00
2015/12/02 4.653 4.975 4.554 4.827 40715508.00 239843728.00
2015/12/03 4.714 4.846 4.697 4.722 8466261.00 48646696.00
2015/12/04 4.614 4.820 4.614 4.811 8221300.00 47418240.00
2015/12/07 4.896 4.896 4.764 4.830 11431000.00 66784100.00
2015/12/08 4.770 4.770 4.613 4.704 13770039.00 78309840.00
2015/12/09 4.734 4.841 4.684 4.792 4997000.00 28793664.00
2015/12/10 4.799 4.799 4.525 4.583 8057668.00 44981516.00
2015/12/11 4.625 4.625 4.368 4.434 11467836.00 61224992.00
2015/12/14 4.377 4.452 4.227 4.443 9681791.00 50920444.00
2015/12/15 4.407 4.565 4.407 4.440 7934471.00 42720720.00
2015/12/16 4.486 4.586 4.461 4.536 12358034.00 67119536.00
2015/12/17 4.545 4.712 4.537 4.687 12946528.00 72058696.00
2015/12/18 4.565 4.799 4.565 4.757 10649843.00 60381860.00
2015/12/21 4.661 4.820 4.661 4.803 7753078.00 44377808.00
2015/12/22 4.777 4.886 4.777 4.861 6919054.00 40135820.00
2015/12/23 4.860 4.968 4.843 4.918 4975241.00 29311880.00
2015/12/24 4.963 4.988 4.888 4.904 4588220.00 27032994.00
2015/12/28 4.912 5.046 4.895 4.987 11349000.00 68047264.00
2015/12/29 4.996 5.005 4.921 4.954 3311800.00 19738074.00
2015/12/30 4.965 4.965 4.857 4.940 4274810.00 25109582.00
2015/12/31 4.968 5.035 4.884 5.027 3727571.00 22182064.00
2016/01/04 5.026 5.026 4.506 4.539 18027226.00 81831248.00
2016/01/05 4.549 4.793 4.498 4.616 12374384.00 57120056.00
2016/01/06 4.634 4.702 4.474 4.550 10455245.00 47573476.00
2016/01/07 4.573 4.573 4.149 4.183 21148136.00 88466720.00
2016/01/08 4.249 4.435 4.181 4.207 11035000.00 46420468.00
2016/01/11 4.134 4.168 3.906 3.948 12004082.00 47392332.00
2016/01/12 4.017 4.076 3.882 3.899 7539000.00 29391430.00
2016/01/13 3.992 4.102 3.874 3.891 7112793.00 27674256.00
2016/01/14 3.805 4.126 3.754 4.067 8980274.00 36519312.00
2016/01/15 4.085 4.094 3.807 3.807 9385912.00 35728604.00
2016/01/18 3.743 3.936 3.743 3.852 13193000.00 50818348.00
2016/01/19 3.800 4.136 3.800 4.111 9390000.00 38601588.00
2016/01/20 4.009 4.076 3.900 3.925 11464000.00 44994848.00
2016/01/21 4.011 4.078 3.843 3.860 13306379.00 51365656.00
2016/01/22 3.955 4.005 3.854 3.971 15947100.00 63333864.00
2016/01/25 3.994 4.044 3.935 3.968 7273800.00 28865942.00
2016/01/26 3.851 3.926 3.699 3.708 11252400.00 41721104.00
2016/01/27 3.811 3.853 3.677 3.836 11008729.00 42233596.00
2016/01/28 3.810 3.844 3.709 3.835 6675000.00 25600488.00
2016/01/29 3.851 4.036 3.784 4.020 11329000.00 45537480.00
2016/02/01 4.210 4.210 3.975 4.042 9346912.00 37779172.00
2016/02/02 4.017 4.118 4.000 4.026 5574300.00 22440816.00
2016/02/03 4.091 4.091 3.822 3.890 13443406.00 52288452.00
2016/02/04 3.955 3.955 3.863 3.880 7437000.00 28854294.00
2016/02/05 3.842 3.926 3.834 3.884 4137000.00 16068551.00
2016/02/11 3.649 3.775 3.641 3.750 5615000.00 21055594.00
2016/02/12 3.649 3.792 3.649 3.725 5247540.00 19545596.00
2016/02/15 3.796 3.896 3.763 3.888 8143015.00 31659700.00
2016/02/16 3.866 4.184 3.832 4.075 16109880.00 65647316.00
2016/02/17 4.010 4.111 3.893 3.918 12585673.00 49312464.00
2016/02/18 4.025 4.084 3.975 4.058 10407000.00 42236600.00
2016/02/19 4.031 4.173 3.964 4.165 18016136.00 75038264.00
2016/02/22 4.218 4.302 4.092 4.126 13347000.00 55069860.00
2016/02/23 4.167 4.167 4.016 4.024 8142293.00 32767180.00
2016/02/24 4.010 4.068 3.984 4.043 3922000.00 15857202.00
2016/02/25 4.087 4.087 3.902 3.910 8141920.00 31836034.00
2016/02/26 3.986 4.096 3.986 4.096 11149016.00 45663776.00
2016/02/29 4.108 4.226 4.100 4.209 11782536.00 49596228.00
2016/03/01 4.281 4.391 4.172 4.382 14025206.00 61463212.00
2016/03/02 4.465 4.751 4.465 4.717 25822040.00 121815376.00
2016/03/03 4.730 4.755 4.561 4.671 19271284.00 90009584.00
2016/03/04 4.697 4.832 4.638 4.806 12191062.00 58595836.00
2016/03/07 4.864 4.981 4.763 4.780 11205743.00 53562400.00
2016/03/08 4.799 4.841 4.564 4.640 11171818.00 51835680.00
2016/03/09 4.644 4.761 4.535 4.728 13615352.00 64371244.00
2016/03/10 4.747 4.781 4.512 4.579 4446395.00 20361628.00
2016/03/11 4.623 4.765 4.515 4.757 4901597.00 23316670.00
2016/03/14 4.810 4.985 4.793 4.935 20147852.00 99435512.00
2016/03/15 4.932 4.932 4.789 4.806 6088000.00 29258110.00
2016/03/16 4.846 4.846 4.602 4.686 6704000.00 31417378.00
2016/03/17 4.815 4.848 4.731 4.765 8812000.00 41985464.00
2016/03/18 4.816 4.983 4.766 4.925 13812490.00 68023792.00
2016/03/21 4.957 4.999 4.790 4.840 16785000.00 81240952.00
2016/03/22 4.860 4.877 4.659 4.726 17341792.00 81956016.00
2016/03/23 4.765 4.866 4.740 4.799 7892000.00 37871816.00
2016/03/24 4.786 4.811 4.568 4.610 7985908.00 36813784.00
2016/03/29 4.571 4.629 4.378 4.445 14808000.00 65819264.00
2016/03/30 4.439 4.464 4.222 4.331 29020914.00 125677496.00
2016/03/31 4.333 4.391 4.241 4.350 19772644.00 86002408.00
2016/04/01 4.381 4.389 4.172 4.197 21976100.00 92240552.00
2016/04/05 4.178 4.228 4.111 4.178 11877397.00 49619472.00
2016/04/06 4.283 4.408 4.191 4.333 13702173.00 59371888.00
2016/04/07 4.380 4.405 4.305 4.389 11107000.00 48745664.00
2016/04/08 4.363 4.363 4.271 4.338 11410000.00 49497128.00
2016/04/11 4.317 4.450 4.292 4.442 6108020.00 27129354.00
2016/04/12 4.541 4.541 4.349 4.366 6604428.00 28834722.00
2016/04/13 4.423 4.539 4.406 4.456 8029000.00 35777772.00
2016/04/14 4.551 4.559 4.434 4.475 11765324.00 52653688.00
2016/04/15 4.477 4.477 4.402 4.443 3877510.00 17229358.00
2016/04/18 4.378 4.419 4.361 4.411 3606360.00 15907527.00
2016/04/19 4.422 4.447 4.322 4.388 8154144.00 35782936.00
2016/04/20 4.355 4.413 4.330 4.388 6288390.00 27595192.00
2016/04/21 4.453 4.503 4.411 4.428 5691528.00 25202940.00
2016/04/22 4.442 4.442 4.350 4.392 12734000.00 55925628.00
2016/04/25 4.424 4.466 4.340 4.366 7784316.00 33982868.00
2016/04/26 4.350 4.383 4.216 4.266 12357881.00 52719944.00
2016/04/27 4.239 4.264 4.205 4.230 4996475.00 21135888.00
2016/04/28 4.287 4.329 4.179 4.220 5880000.00 24816220.00
2016/04/29 4.188 4.204 4.130 4.146 6052797.00 25096098.00
2016/05/03 4.185 4.269 4.136 4.169 5544000.00 23111944.00
2016/05/04 4.184 4.259 4.142 4.184 8101422.00 33893108.00
2016/05/05 4.162 4.279 4.162 4.262 5669000.00 24163398.00
2016/05/06 4.352 4.385 4.259 4.276 11786500.00 50400960.00
2016/05/09 4.270 4.279 4.161 4.161 8586590.00 35732152.00
2016/05/10 4.142 4.210 4.008 4.016 13710000.00 55065432.00
2016/05/11 4.050 4.067 3.932 3.941 11594406.00 45688740.00
2016/05/12 3.959 3.985 3.792 3.834 18042000.00 69169896.00
2016/05/13 3.800 3.850 3.783 3.792 9717579.00 36845632.00
2016/05/16 3.787 3.905 3.787 3.896 5317030.00 20717644.00
2016/05/17 3.897 3.973 3.864 3.964 4558158.00 18070248.00
2016/05/18 3.932 3.982 3.890 3.949 5967664.00 23563984.00
2016/05/19 3.949 3.965 3.873 3.873 8836899.00 34222436.00
2016/05/20 3.821 3.990 3.821 3.922 8410721.00 32987988.00
2016/05/23 3.725 3.885 3.725 3.843 6660579.00 25594686.00
2016/05/24 3.869 3.869 3.793 3.802 6995000.00 26591662.00
2016/05/25 3.865 3.916 3.857 3.891 3007000.00 11698860.00
2016/05/26 3.884 3.892 3.799 3.842 4578476.00 17588930.00
2016/05/27 3.879 3.997 3.854 3.980 6695000.00 26648934.00
2016/05/30 3.998 4.083 3.972 3.981 4370448.00 17398316.00
2016/05/31 3.955 4.107 3.955 4.090 7805463.00 31926572.00
2016/06/01 4.121 4.121 4.036 4.095 4267000.00 17474682.00
2016/06/02 4.092 4.100 4.067 4.075 3691000.00 15041080.00
2016/06/03 4.081 4.141 4.065 4.098 4758027.00 19500370.00
2016/06/06 4.072 4.140 4.047 4.131 2667000.00 11018668.00
2016/06/07 4.190 4.300 4.148 4.258 8403000.00 35776532.00
2016/06/08 4.223 4.290 4.181 4.214 3397000.00 14316501.00
2016/06/10 4.181 4.206 4.054 4.130 2714933.00 11212663.00
2016/06/13 4.069 4.069 3.882 3.959 10687411.00 42307388.00
2016/06/14 3.958 4.000 3.932 3.992 2753000.00 10989349.00
2016/06/15 3.971 4.005 3.954 3.971 3195440.00 12689671.00
2016/06/16 3.965 3.965 3.795 3.821 8024423.00 30658484.00
2016/06/17 3.875 3.875 3.807 3.850 9607364.00 36987148.00
2016/06/20 3.853 3.904 3.819 3.861 7709000.00 29767242.00
2016/06/21 3.858 3.960 3.858 3.934 12912000.00 50798120.00
2016/06/22 3.977 4.105 3.952 4.079 6139000.00 25041522.00
2016/06/23 4.096 4.105 4.020 4.029 5106002.00 20570416.00
2016/06/24 4.036 4.078 3.866 3.994 12197000.00 48710624.00
2016/06/27 3.960 4.037 3.951 4.011 5864000.00 23520398.00
2016/06/28 3.995 4.012 3.961 3.978 5384357.00 21419782.00
2016/06/29 3.975 4.018 3.949 3.966 11699000.00 46402500.00
2016/06/30 3.983 4.137 3.966 4.102 21678204.00 88933008.00
2016/07/04 4.113 4.293 4.113 4.233 11675395.00 49418336.00
2016/07/05 4.249 4.249 4.120 4.154 12463000.00 51777064.00
2016/07/06 4.145 4.317 4.136 4.291 19363012.00 83090872.00
2016/07/07 4.307 4.324 4.246 4.255 11143000.00 47412032.00
2016/07/08 4.274 4.283 4.222 4.274 9278039.00 39654636.00
2016/07/11 4.325 4.506 4.291 4.498 12369892.00 55634880.00
2016/07/12 4.539 4.539 4.367 4.436 18831194.00 83526944.00
2016/07/13 4.440 4.501 4.380 4.389 14844756.00 65147668.00
2016/07/14 4.387 4.387 4.249 4.275 19885000.00 85000960.00
2016/07/15 4.299 4.377 4.282 4.308 12296000.00 52968708.00
2016/07/18 4.335 4.335 4.240 4.283 28265034.00 121062216.00
2016/07/19 4.283 4.292 4.197 4.240 17551000.00 74421088.00
2016/07/20 4.212 4.238 4.212 4.230 34502000.00 145930736.00
2016/07/21 4.251 4.328 4.225 4.251 30660244.00 130328872.00
2016/07/22 4.238 4.264 4.195 4.212 28172000.00 118660208.00
2016/07/25 4.267 4.284 4.223 4.267 18657160.00 79601768.00
2016/07/26 4.261 4.365 4.236 4.236 51857496.00 219643968.00
2016/07/27 4.255 4.332 4.212 4.263 20543500.00 87581440.00
2016/07/28 4.259 4.302 4.250 4.259 10900750.00 46422544.00
2016/07/29 4.253 4.270 4.167 4.176 12574000.00 52509952.00
2016/08/01 4.178 4.255 4.135 4.152 20913250.00 86831712.00
2016/08/03 4.018 4.171 3.992 4.129 43283836.00 178698176.00
2016/08/04 4.188 4.436 4.136 4.419 48796288.00 215619392.00
2016/08/05 4.418 4.675 4.418 4.615 30154000.00 139154992.00
2016/08/08 4.613 4.759 4.604 4.716 23145000.00 109145928.00
2016/08/09 4.739 4.765 4.679 4.730 15656000.00 74059848.00
2016/08/10 4.717 4.795 4.623 4.666 17589052.00 82068552.00
2016/08/11 4.647 4.741 4.630 4.681 7312000.00 34226788.00
2016/08/12 4.710 4.719 4.581 4.710 15481000.00 72916064.00
2016/08/15 4.771 4.908 4.728 4.882 19577000.00 95579240.00
2016/08/16 4.881 4.941 4.796 4.804 15706558.00 75458344.00
2016/08/17 4.830 4.898 4.787 4.856 15828768.00 76857296.00
2016/08/18 4.923 5.196 4.880 5.136 28724700.00 147542880.00
2016/08/19 5.167 5.167 4.979 5.021 14997242.00 75307184.00
2016/08/22 5.115 5.141 4.960 5.055 9688000.00 48968632.00
2016/08/23 5.084 5.084 4.878 4.964 11392500.00 56549504.00
2016/08/24 4.926 4.951 4.729 4.780 18156128.00 86789256.00
2016/08/25 4.802 4.802 4.613 4.690 21722000.00 101873288.00
2016/08/26 4.681 4.733 4.655 4.673 8279000.00 38684556.00
2016/08/29 4.680 4.741 4.534 4.715 10586813.00 49913092.00
2016/08/30 4.721 4.807 4.583 4.695 22796000.00 107026240.00
2016/08/31 4.640 4.675 4.520 4.649 35860460.00 166710800.00
2016/09/01 4.641 4.641 4.520 4.555 24958000.00 113671992.00
2016/09/02 4.542 4.662 4.542 4.628 13456844.00 62275880.00
2016/09/05 4.622 4.872 4.604 4.854 18078000.00 87759064.00
2016/09/06 4.841 4.978 4.780 4.978 16095169.00 80125648.00
2016/09/07 4.969 5.029 4.892 4.900 18237758.00 89374008.00
2016/09/08 4.905 4.982 4.888 4.948 15724862.00 77803192.00
2016/09/09 4.943 5.235 4.943 5.063 34316000.00 173749488.00
2016/09/12 5.003 5.046 4.787 4.830 21127458.00 102052720.00
2016/09/13 4.920 4.928 4.645 4.662 18445000.00 85985832.00
2016/09/14 4.734 4.760 4.656 4.734 7972000.00 37736600.00
2016/09/15 4.760 4.785 4.716 4.725 6339382.00 29953710.00
2016/09/19 4.829 5.088 4.821 5.053 24937402.00 126010488.00
2016/09/20 5.030 5.073 4.910 5.030 22998958.00 115695304.00
2016/09/21 4.999 5.326 4.999 5.214 38242336.00 199384864.00
2016/09/22 5.300 5.317 5.112 5.215 20825336.00 108595224.00
2016/09/23 5.226 5.312 5.166 5.226 16504139.00 86258712.00
2016/09/26 5.189 5.223 4.982 4.991 22121400.00 110409544.00
2016/09/27 5.113 5.165 5.010 5.096 21994334.00 112080624.00
2016/09/28 5.090 5.090 4.970 4.987 14323127.00 71432960.00
2016/09/29 4.989 5.041 4.834 4.869 12067657.00 58756236.00
2016/09/30 4.864 4.908 4.796 4.804 13253607.00 63673144.00
2016/10/03 4.744 4.830 4.623 4.701 14714847.00 69172968.00
2016/10/04 4.684 4.804 4.675 4.761 12314590.00 58631784.00
2016/10/05 4.744 4.744 4.606 4.658 14232704.00 66293768.00
2016/10/06 4.632 4.649 4.537 4.580 18482668.00 84657280.00
2016/10/07 4.615 4.632 4.546 4.606 9541240.00 43948760.00
2016/10/11 4.618 4.696 4.411 4.488 46512000.00 208767616.00
2016/10/12 4.499 4.568 4.456 4.568 18265428.00 83444832.00
2016/10/13 4.554 4.572 4.493 4.511 18564500.00 83741560.00
2016/10/14 4.484 4.571 4.484 4.554 9969000.00 45396232.00
2016/10/17 4.533 4.603 4.473 4.481 16869804.00 75598736.00
2016/10/18 4.520 4.650 4.494 4.615 20137500.00 92935504.00
2016/10/19 4.642 4.694 4.599 4.599 11688632.00 53754416.00
2016/10/20 4.642 4.650 4.555 4.555 6791515.00 30935742.00
2016/10/24 4.590 4.659 4.546 4.642 11508000.00 53418520.00
2016/10/25 4.672 4.716 4.646 4.681 14417900.00 67488576.00
2016/10/26 4.696 4.696 4.583 4.653 8026000.00 37340996.00
2016/10/27 4.654 4.707 4.611 4.620 9530641.00 44027228.00
2016/10/28 4.664 4.734 4.603 4.612 10593216.00 48851316.00
2016/10/31 4.649 4.701 4.597 4.632 8914308.00 41287932.00
2016/11/01 4.664 4.804 4.655 4.690 13059875.00 61254980.00
2016/11/02 4.652 4.678 4.600 4.600 6446000.00 29648806.00
2016/11/03 4.639 4.673 4.595 4.621 5265734.00 24333940.00
2016/11/04 4.649 4.666 4.588 4.666 8068224.00 37647960.00
2016/11/07 4.689 4.759 4.654 4.741 7756000.00 36774044.00
2016/11/08 4.757 4.888 4.722 4.888 15948000.00 77954840.00
2016/11/09 4.898 4.898 4.645 4.837 13271034.00 64193200.00
2016/11/10 4.849 4.963 4.849 4.893 9107000.00 44562432.00
2016/11/11 4.883 4.944 4.813 4.865 14579000.00 70930968.00
2016/11/14 4.823 4.920 4.806 4.806 17121000.00 82281680.00
2016/11/15 4.900 4.936 4.839 4.856 28088000.00 136404736.00
2016/11/16 4.934 5.023 4.908 5.005 19548720.00 97839608.00
2016/11/17 5.021 5.056 4.959 4.977 10375351.00 51633040.00
2016/11/18 5.002 5.135 4.975 5.135 12712798.00 65280664.00
2016/11/21 5.158 5.256 5.114 5.194 10111756.00 52516708.00
2016/11/22 5.143 5.250 5.090 5.197 9027000.00 46910140.00
2016/11/23 5.251 5.304 5.242 5.295 17225888.00 91211808.00
2016/11/24 5.309 5.317 5.246 5.300 11266000.00 59706024.00
2016/11/25 5.288 5.315 5.226 5.262 7833059.00 41214116.00
2016/11/28 5.296 5.332 5.234 5.279 14714300.00 77670752.00
2016/11/29 5.303 5.303 5.161 5.223 24181000.00 126290920.00
2016/11/30 5.221 5.345 5.221 5.230 21538000.00 112643024.00
2016/12/01 5.290 5.343 5.246 5.335 20185000.00 107678904.00
2016/12/02 5.322 5.420 5.295 5.402 21732856.00 117398520.00
2016/12/05 5.408 5.408 5.292 5.319 11459549.00 60954028.00
2016/12/06 5.376 5.394 5.226 5.288 17665000.00 93409248.00
2016/12/07 5.306 5.341 5.252 5.341 16042285.00 85682880.00
2016/12/08 5.352 5.689 5.272 5.653 49376628.00 279148096.00
2016/12/09 5.727 5.949 5.700 5.860 30538024.00 178953600.00
2016/12/12 5.903 5.903 5.680 5.751 22097356.00 127092224.00
2016/12/13 5.749 6.006 5.624 5.971 22993658.00 137290240.00
2016/12/14 6.140 6.167 5.936 5.936 22313552.00 132443576.00
2016/12/15 5.984 6.082 5.904 5.939 12256000.00 72793872.00
2016/12/16 6.020 6.190 5.957 6.109 18078948.00 110447024.00
2016/12/19 6.034 6.078 5.793 5.819 23522000.00 136886080.00
2016/12/20 5.787 5.823 5.671 5.769 15416464.00 88936728.00
2016/12/21 5.816 5.932 5.753 5.861 9992600.00 58564064.00
2016/12/22 5.798 5.834 5.699 5.735 10733627.00 61558328.00
2016/12/23 5.799 5.799 5.656 5.755 5015663.00 28862776.00
2016/12/28 5.768 5.803 5.669 5.723 12983739.00 74304432.00
2016/12/29 5.787 5.787 5.671 5.769 6042069.00 34857572.00
2016/12/30 5.734 5.787 5.716 5.770 7407000.00 42735348.00
2017/01/03 5.769 5.984 5.671 5.904 12411000.00 73271040.00
2017/01/04 5.952 6.095 5.943 6.095 8996000.00 54834076.00
2017/01/05 6.131 6.131 5.979 6.033 7788162.00 46984520.00
2017/01/06 6.022 6.022 5.889 5.915 6224421.00 36819152.00
2017/01/09 6.055 6.269 5.966 6.243 17619000.00 109988880.00
2017/01/10 6.240 6.293 6.168 6.240 14190000.00 88543232.00
2017/01/11 6.276 6.401 6.250 6.375 15517000.00 98914544.00
2017/01/12 6.402 6.464 6.223 6.259 17169246.00 107461656.00
2017/01/13 6.274 6.496 6.211 6.478 15994336.00 103609616.00
2017/01/16 5.906 6.164 5.826 5.950 118420168.00 704647808.00
2017/01/17 5.960 6.058 5.907 5.951 44404956.00 264275680.00
2017/01/18 5.929 5.999 5.893 5.911 25617834.00 151427440.00
2017/01/19 5.967 5.967 5.667 5.799 44580128.00 258527808.00
2017/01/20 5.791 5.960 5.791 5.915 29893820.00 176830112.00
2017/01/23 5.958 6.117 5.905 6.055 30290000.00 183399392.00
2017/01/24 6.114 6.140 6.026 6.087 15602440.00 94975584.00
2017/01/25 6.111 6.146 6.066 6.119 6423000.00 39304624.00
2017/01/26 6.118 6.198 6.118 6.189 7537186.00 46648020.00
2017/01/27 6.224 6.224 6.118 6.118 5072576.00 31035634.00
2017/02/01 6.145 6.145 6.012 6.101 16190384.00 98771624.00
2017/02/02 6.145 6.224 6.136 6.145 8878420.00 54556492.00
2017/02/03 6.194 6.255 6.079 6.149 11708780.00 72002424.00
2017/02/06 6.164 6.199 5.934 5.978 35397200.00 211606960.00
2017/02/07 5.996 6.031 5.943 6.022 22698832.00 136700432.00
2017/02/08 5.972 6.478 5.972 6.469 46393008.00 300116384.00
2017/02/09 6.509 6.633 6.464 6.473 19723000.00 127669960.00
2017/02/10 6.600 6.644 6.511 6.618 20497340.00 135642016.00
2017/02/13 6.660 6.740 6.483 6.501 22522000.00 146406496.00
2017/02/14 6.526 6.562 6.331 6.331 24097830.00 152564272.00
2017/02/15 6.404 6.581 6.404 6.501 14997130.00 97499672.00
2017/02/16 6.544 6.544 6.411 6.509 6470440.00 42113000.00
2017/02/17 6.511 6.766 6.511 6.643 18611144.00 123633192.00
2017/02/20 6.670 6.776 6.608 6.634 10386000.00 68901944.00
