2014/12/11 2.588 2.872 2.580 2.856 1296135680.00 4553432576.00
2014/12/12 2.865 2.889 2.739 2.794 542766720.00 1930454400.00
2014/12/15 2.753 2.824 2.745 2.808 224801728.00 795160448.00
2014/12/16 2.801 2.817 2.683 2.746 318118304.00 1106573440.00
2014/12/17 2.728 2.736 2.594 2.673 325334016.00 1093813632.00
2014/12/18 2.707 2.762 2.659 2.730 198471808.00 682554688.00
2014/12/19 2.739 2.786 2.691 2.739 272625984.00 945134528.00
2014/12/22 2.724 2.763 2.708 2.740 132964504.00 460897824.00
2014/12/23 2.723 2.802 2.700 2.771 457525568.00 1603607680.00
2014/12/24 2.747 2.811 2.740 2.771 116980160.00 411816000.00
2014/12/29 2.800 2.815 2.721 2.736 129441424.00 452948000.00
2014/12/30 2.723 2.731 2.683 2.691 109836632.00 375916960.00
2014/12/31 2.682 2.690 2.635 2.658 115624184.00 388389824.00
2015/01/02 2.666 2.777 2.666 2.761 116328464.00 405231168.00
2015/01/05 2.756 2.780 2.701 2.740 94187608.00 327759872.00
2015/01/06 2.701 2.717 2.662 2.685 113455808.00 385599456.00
2015/01/07 2.655 2.710 2.631 2.647 162765712.00 548045888.00
2015/01/08 2.672 2.767 2.672 2.680 223367408.00 766444800.00
2015/01/09 2.703 2.719 2.656 2.672 99979000.00 340611168.00
2015/01/12 2.654 2.669 2.638 2.654 66505512.00 223194800.00
2015/01/13 2.628 2.652 2.597 2.613 132263440.00 438864704.00
2015/01/14 2.589 2.613 2.423 2.471 291634496.00 923601600.00
2015/01/15 2.446 2.525 2.446 2.525 72064856.00 228309616.00
2015/01/16 2.510 2.581 2.494 2.542 83730720.00 270783904.00
2015/01/19 2.528 2.536 2.409 2.441 94281944.00 293212800.00
2015/01/20 2.464 2.496 2.448 2.496 64046076.00 200882768.00
2015/01/21 2.497 2.537 2.497 2.505 63574984.00 202601232.00
2015/01/22 2.505 2.520 2.426 2.434 109456312.00 339477216.00
2015/01/23 2.461 2.484 2.421 2.477 92744832.00 288058336.00
2015/01/26 2.478 2.542 2.455 2.534 73048912.00 230768320.00
2015/01/27 2.533 2.557 2.501 2.533 58948132.00 188302192.00
2015/01/28 2.522 2.522 2.490 2.490 19765100.00 62698304.00
2015/01/29 2.476 2.643 2.468 2.603 167755504.00 551897536.00
2015/01/30 2.620 2.660 2.573 2.605 85355696.00 281479392.00
2015/02/02 2.573 2.581 2.526 2.565 53837448.00 173878656.00
2015/02/03 2.564 2.572 2.509 2.533 37506660.00 119933160.00
2015/02/04 2.546 2.554 2.475 2.515 49876648.00 158114144.00
2015/02/05 2.533 2.533 2.462 2.470 35648004.00 111825344.00
2015/02/06 2.473 2.505 2.458 2.473 23940620.00 75177560.00
2015/02/09 2.475 2.507 2.467 2.483 31104000.00 97844496.00
2015/02/10 2.482 2.498 2.459 2.474 23762000.00 74350384.00
2015/02/11 2.491 2.491 2.451 2.459 43756956.00 136340560.00
2015/02/12 2.460 2.531 2.460 2.507 51406000.00 162639984.00
2015/02/13 2.505 2.513 2.466 2.490 57288232.00 179887984.00
2015/02/16 2.489 2.497 2.441 2.449 66481672.00 206708208.00
2015/02/17 2.458 2.482 2.450 2.474 24332708.00 75977128.00
2015/02/18 2.474 2.482 2.458 2.474 19478900.00 60912488.00
2015/02/23 2.482 2.490 2.450 2.466 26762198.00 83432608.00
2015/02/24 2.466 2.474 2.442 2.458 58831628.00 182604416.00
2015/02/25 2.461 2.469 2.374 2.430 84130200.00 258572288.00
2015/02/26 2.429 2.461 2.429 2.453 52192884.00 161307904.00
2015/02/27 2.465 2.481 2.449 2.481 51564932.00 160229728.00
2015/03/02 2.491 2.499 2.435 2.467 54672760.00 169866720.00
2015/03/03 2.476 2.627 2.460 2.555 239328864.00 771299136.00
2015/03/04 2.602 2.634 2.562 2.594 153957856.00 504138208.00
2015/03/05 2.618 2.626 2.531 2.539 71349000.00 230167328.00
2015/03/06 2.563 2.610 2.547 2.610 50485624.00 163862688.00
2015/03/09 2.595 2.603 2.539 2.547 53579224.00 172784992.00
2015/03/10 2.555 2.555 2.484 2.491 74641896.00 237283200.00
2015/03/11 2.500 2.508 2.461 2.469 55864676.00 174414352.00
2015/03/12 2.483 2.579 2.475 2.555 57555000.00 183923408.00
2015/03/13 2.578 2.578 2.514 2.522 33625340.00 107665568.00
2015/03/16 2.515 2.547 2.499 2.523 24307830.00 77337616.00
2015/03/17 2.546 2.594 2.522 2.578 72430000.00 233547200.00
2015/03/18 2.569 2.593 2.545 2.561 74304072.00 241258816.00
2015/03/19 2.591 2.607 2.520 2.543 57837496.00 186043952.00
2015/03/20 2.544 2.560 2.505 2.528 160236128.00 511162272.00
2015/03/23 2.551 2.559 2.511 2.527 69386024.00 221103024.00
2015/03/24 2.533 2.533 2.501 2.501 41193016.00 130770840.00
2015/03/25 2.510 2.526 2.502 2.518 57618708.00 182931872.00
2015/03/26 2.517 2.572 2.501 2.556 72198472.00 232066816.00
2015/03/27 2.542 2.589 2.542 2.573 76302232.00 248025040.00
2015/03/30 2.581 2.653 2.574 2.645 143739088.00 476286400.00
2015/03/31 2.685 2.749 2.630 2.646 258893504.00 880024064.00
2015/04/01 2.654 2.710 2.646 2.694 90531288.00 307120704.00
2015/04/02 2.700 2.954 2.692 2.930 420910688.00 1504118784.00
2015/04/08 3.046 3.363 3.046 3.292 601595456.00 2474937600.00
2015/04/09 3.443 4.036 3.174 3.490 606166080.00 2731693568.00
2015/04/10 3.603 3.761 3.421 3.674 339810624.00 1544409344.00
2015/04/13 3.684 3.739 3.533 3.684 378564992.00 1736129536.00
2015/04/14 3.613 3.708 3.399 3.407 304858016.00 1370197376.00
2015/04/15 3.450 3.522 3.245 3.260 268460480.00 1151838080.00
2015/04/16 3.369 3.615 3.369 3.559 443227168.00 1972984320.00
2015/04/17 3.636 3.739 3.533 3.549 280301184.00 1288520192.00
2015/04/20 3.477 3.525 3.303 3.351 218042112.00 937988736.00
2015/04/21 3.463 3.479 3.289 3.360 199398736.00 843808256.00
2015/04/22 3.401 3.590 3.401 3.575 305529888.00 1354840832.00
2015/04/23 3.669 3.708 3.511 3.542 260161248.00 1190468224.00
2015/04/24 3.572 3.588 3.445 3.540 101876152.00 453980064.00
2015/04/27 3.539 3.618 3.539 3.594 124530000.00 564661248.00
2015/04/28 3.649 3.649 3.514 3.554 99067056.00 447078848.00
2015/04/29 3.512 3.528 3.441 3.512 77415640.00 342508640.00
2015/04/30 3.550 3.550 3.431 3.439 131108704.00 577412032.00
2015/05/04 3.440 3.456 3.346 3.393 105212176.00 451684032.00
2015/05/05 3.385 3.417 3.228 3.267 176556464.00 733901952.00
2015/05/06 3.251 3.266 3.101 3.132 160202064.00 646377536.00
2015/05/07 3.114 3.138 3.043 3.075 107843000.00 422270496.00
2015/05/08 3.147 3.289 3.147 3.257 112177608.00 459449440.00
2015/05/11 3.311 3.359 3.256 3.303 85950480.00 360082688.00
2015/05/12 3.329 3.487 3.321 3.392 176251008.00 766350528.00
2015/05/13 3.438 3.469 3.327 3.343 81630496.00 349388896.00
2015/05/14 3.413 3.499 3.373 3.460 172926528.00 755890944.00
2015/05/15 3.499 3.539 3.397 3.460 112152896.00 492747040.00
2015/05/18 3.522 3.578 3.483 3.554 148096704.00 665295360.00
2015/05/19 3.586 3.586 3.500 3.516 89767104.00 402111712.00
2015/05/20 3.524 3.572 3.469 3.509 95582032.00 427665632.00
2015/05/21 3.509 3.525 3.415 3.502 90136448.00 395214816.00
2015/05/22 3.532 3.548 3.446 3.517 69778136.00 309210304.00
2015/05/26 3.630 3.906 3.598 3.835 384651552.00 1821548160.00
2015/05/27 3.829 3.852 3.742 3.773 160947728.00 773300224.00
2015/05/28 3.804 3.930 3.614 3.662 267299440.00 1275556992.00
2015/05/29 3.670 3.891 3.607 3.820 285442848.00 1375841920.00
2015/06/01 3.853 4.058 3.837 4.026 318025056.00 1605191040.00
2015/06/02 4.027 4.121 3.869 4.027 212884848.00 1076666624.00
2015/06/03 4.007 4.031 3.865 3.960 158656800.00 790820864.00
2015/06/04 3.944 4.094 3.913 4.055 267335712.00 1364213120.00
2015/06/05 4.025 4.364 4.025 4.286 731986240.00 3939113216.00
2015/06/08 4.279 4.287 4.082 4.145 321968512.00 1710849792.00
2015/06/09 4.167 4.269 3.993 4.151 307510784.00 1603402752.00
2015/06/10 4.087 4.103 3.622 3.708 487647360.00 2360308224.00
2015/06/11 3.731 3.754 3.502 3.565 286004672.00 1302515712.00
2015/06/12 3.606 3.740 3.566 3.708 200438016.00 926985792.00
2015/06/15 3.637 3.669 3.495 3.511 122395424.00 552596032.00
2015/06/16 3.581 3.589 3.329 3.337 210816064.00 919863872.00
2015/06/17 3.369 3.463 3.345 3.455 154764736.00 668413184.00
2015/06/18 3.446 3.469 3.335 3.351 91647048.00 392647040.00
2015/06/19 3.405 3.413 3.295 3.310 101684384.00 432070016.00
2015/06/22 3.350 3.397 3.295 3.389 55788640.00 236784032.00
2015/06/23 3.391 3.414 3.280 3.359 106173520.00 452746112.00
2015/06/24 3.391 3.478 3.383 3.470 110450848.00 482011744.00
2015/06/25 3.494 3.494 3.360 3.384 86700256.00 375398016.00
2015/06/26 3.352 3.391 3.179 3.234 203341600.00 841417728.00
2015/06/29 3.251 3.290 2.943 3.156 237701184.00 938760768.00
2015/06/30 3.154 3.241 3.044 3.202 164689680.00 661546432.00
2015/07/02 3.235 3.251 2.983 3.054 185076832.00 724103168.00
2015/07/03 3.077 3.132 2.872 3.022 527305408.00 1963978368.00
2015/07/06 3.077 3.148 2.604 2.825 306591712.00 1090028544.00
2015/07/07 2.848 2.864 2.604 2.627 282079648.00 952383808.00
2015/07/08 2.414 2.540 2.288 2.445 387433152.00 1180381824.00
2015/07/09 2.461 2.824 2.445 2.737 374182080.00 1268409856.00
2015/07/10 2.761 2.982 2.761 2.943 235126480.00 868311168.00
2015/07/13 2.973 2.997 2.847 2.950 192928976.00 716095040.00
2015/07/14 2.935 2.959 2.809 2.856 90902824.00 331658240.00
2015/07/15 2.895 2.903 2.745 2.761 82220344.00 291770752.00
2015/07/16 2.794 2.897 2.699 2.841 82740512.00 296193120.00
2015/07/17 2.874 2.976 2.842 2.913 115048000.00 424599072.00
2015/07/20 2.929 2.969 2.858 2.906 48308912.00 178069040.00
2015/07/21 2.906 2.985 2.866 2.985 59872680.00 224065136.00
2015/07/22 2.944 2.944 2.873 2.920 91912056.00 337836000.00
2015/07/23 2.944 2.944 2.881 2.936 84516096.00 313216608.00
2015/07/24 2.896 2.928 2.833 2.857 63126000.00 229247136.00
2015/07/27 2.778 2.794 2.612 2.668 127529688.00 437557696.00
2015/07/28 2.627 2.738 2.604 2.683 71904144.00 244267808.00
2015/07/29 2.722 2.745 2.690 2.722 37242100.00 128169440.00
2015/07/30 2.762 2.778 2.722 2.738 56310000.00 196223232.00
2015/07/31 2.738 2.738 2.667 2.691 33204790.00 113438232.00
2015/08/03 2.667 2.691 2.564 2.683 56465024.00 188810688.00
2015/08/04 2.683 2.707 2.636 2.667 31852644.00 108086504.00
2015/08/05 2.667 2.762 2.667 2.722 67340000.00 233274288.00
2015/08/06 2.723 2.865 2.691 2.865 81168344.00 288174720.00
2015/08/07 2.857 2.975 2.841 2.881 95051144.00 350850400.00
2015/08/10 2.856 2.974 2.817 2.943 135900000.00 504736128.00
2015/08/11 3.054 3.070 2.885 2.901 85858208.00 316962048.00
2015/08/12 2.913 2.921 2.823 2.880 67346008.00 236917664.00
2015/08/13 2.922 2.972 2.873 2.955 59238704.00 211259920.00
2015/08/14 3.029 3.086 2.979 3.070 106847000.00 393384416.00
2015/08/17 3.093 3.101 3.019 3.093 63804008.00 237530912.00
2015/08/18 3.110 3.118 2.986 3.003 74592000.00 273376896.00
2015/08/19 3.019 3.027 2.887 2.986 43563732.00 156629648.00
2015/08/20 2.910 2.918 2.572 2.605 373036928.00 1221754880.00
2015/08/21 2.480 2.636 2.480 2.628 171875056.00 534315552.00
2015/08/24 2.521 2.537 2.405 2.488 160221168.00 482325248.00
2015/08/25 2.592 2.592 2.394 2.451 192005040.00 575254528.00
2015/08/26 2.479 2.553 2.413 2.512 100798928.00 304067712.00
2015/08/27 2.580 2.604 2.505 2.588 127972712.00 396437152.00
2015/08/28 2.625 2.650 2.559 2.592 101184720.00 319977088.00
2015/08/31 2.564 2.589 2.482 2.531 197174768.00 603254144.00
2015/09/01 2.501 2.501 2.427 2.451 75242352.00 225226048.00
2015/09/02 2.413 2.446 2.340 2.381 106814544.00 310001504.00
2015/09/04 2.381 2.413 2.331 2.381 64267432.00 185261008.00
2015/09/07 2.379 2.437 2.346 2.363 52844500.00 153580608.00
2015/09/08 2.381 2.480 2.365 2.447 56205496.00 166678800.00
2015/09/09 2.512 2.602 2.504 2.594 99664976.00 310709184.00
2015/09/10 2.534 2.616 2.518 2.575 78512032.00 244772816.00
2015/09/11 2.582 2.606 2.508 2.516 58603936.00 181882656.00
2015/09/14 2.548 2.565 2.491 2.540 42994300.00 132461496.00
2015/09/15 2.555 2.555 2.497 2.522 29610652.00 90936280.00
2015/09/16 2.557 2.672 2.548 2.639 88905488.00 283103584.00
2015/09/17 2.662 2.752 2.637 2.678 93752304.00 307488864.00
2015/09/18 2.684 2.815 2.676 2.766 210175152.00 708726336.00
2015/09/21 2.711 2.851 2.711 2.818 75795848.00 258877456.00
2015/09/22 2.845 2.845 2.713 2.722 72775592.00 246077152.00
2015/09/23 2.707 2.707 2.600 2.641 100221976.00 320817760.00
2015/09/24 2.642 2.667 2.601 2.659 33479000.00 107068864.00
2015/09/25 2.683 2.683 2.584 2.634 35169832.00 112388680.00
2015/09/29 2.546 2.628 2.546 2.612 42279428.00 133034992.00
2015/09/30 2.659 2.676 2.602 2.651 61809500.00 199189328.00
2015/10/02 2.750 2.750 2.684 2.692 63561640.00 210794256.00
2015/10/05 2.791 2.791 2.700 2.717 46998912.00 156393648.00
2015/10/06 2.742 2.750 2.676 2.684 34867072.00 114794176.00
2015/10/07 2.676 2.783 2.676 2.766 74288344.00 248205088.00
2015/10/08 2.786 2.860 2.737 2.786 89599808.00 305246464.00
2015/10/09 2.826 2.851 2.802 2.810 77556584.00 267065568.00
2015/10/12 2.823 2.880 2.782 2.806 106722608.00 369233152.00
2015/10/13 2.774 2.823 2.758 2.790 70834424.00 241981632.00
2015/10/14 2.790 2.815 2.774 2.790 43037148.00 146655296.00
2015/10/15 2.831 2.929 2.798 2.904 128156568.00 453100768.00
2015/10/16 2.947 2.947 2.857 2.906 128822920.00 455077920.00
2015/10/19 2.943 3.000 2.918 2.992 130529304.00 471862592.00
2015/10/20 2.988 2.988 2.873 2.914 95920352.00 340802304.00
2015/10/22 2.925 2.925 2.843 2.859 94638992.00 331220896.00
2015/10/23 2.929 2.929 2.774 2.831 93901360.00 324222720.00
2015/10/26 2.829 2.854 2.772 2.788 68740504.00 234615328.00
2015/10/27 2.786 2.802 2.745 2.786 43850672.00 148513440.00
2015/10/28 2.787 2.796 2.730 2.763 37160184.00 124931488.00
2015/10/29 2.806 2.806 2.733 2.749 38191412.00 128045984.00
2015/10/30 2.736 2.753 2.638 2.638 87397480.00 286525056.00
2015/11/02 2.616 2.648 2.534 2.559 87896728.00 279415104.00
2015/11/03 2.606 2.622 2.590 2.598 32125114.00 102310984.00
2015/11/04 2.615 2.722 2.615 2.689 62309456.00 204495296.00
2015/11/05 2.658 2.699 2.658 2.666 38610000.00 126290208.00
2015/11/06 2.653 2.694 2.645 2.685 27617444.00 90240096.00
2015/11/09 2.682 2.690 2.633 2.641 36075840.00 116934320.00
2015/11/10 2.609 2.650 2.609 2.617 35421604.00 113154112.00
2015/11/11 2.626 2.651 2.593 2.642 30109290.00 96180160.00
2015/11/12 2.668 2.701 2.660 2.685 52404000.00 171369152.00
2015/11/13 2.637 2.669 2.612 2.628 44761308.00 143258416.00
2015/11/16 2.599 2.624 2.583 2.599 68106104.00 215263664.00
2015/11/17 2.640 2.665 2.615 2.632 39922500.00 128173400.00
2015/11/18 2.650 2.667 2.617 2.634 29907256.00 95839680.00
2015/11/19 2.675 2.675 2.609 2.609 47094000.00 150069856.00
2015/11/20 2.592 2.642 2.592 2.625 46410032.00 147760752.00
2015/11/23 2.637 2.645 2.612 2.629 26498000.00 84478912.00
2015/11/24 2.638 2.638 2.597 2.621 23270904.00 73702928.00
2015/11/25 2.621 2.621 2.605 2.613 32502720.00 103061168.00
2015/11/26 2.630 2.671 2.605 2.613 21567396.00 68913664.00
2015/11/27 2.622 2.622 2.515 2.540 66786244.00 206859024.00
2015/11/30 2.509 2.550 2.459 2.476 108493672.00 328276000.00
2015/12/01 2.517 2.517 2.460 2.468 84360032.00 253577840.00
2015/12/02 2.500 2.500 2.401 2.426 95271976.00 280815936.00
2015/12/03 2.419 2.468 2.411 2.460 50356036.00 149196512.00
2015/12/04 2.414 2.422 2.356 2.356 138448880.00 400950880.00
2015/12/07 2.394 2.403 2.361 2.361 52874788.00 152207856.00
2015/12/08 2.381 2.381 2.331 2.365 47969944.00 136019664.00
2015/12/09 2.367 2.367 2.317 2.325 55503320.00 155974320.00
2015/12/10 2.329 2.346 2.238 2.246 86716392.00 238641728.00
2015/12/11 2.267 2.267 2.167 2.184 68493952.00 181338320.00
2015/12/14 2.147 2.238 2.097 2.222 94957064.00 247758336.00
2015/12/15 2.216 2.307 2.216 2.232 55805872.00 151298960.00
2015/12/16 2.268 2.326 2.268 2.318 56161488.00 155105312.00
2015/12/17 2.381 2.406 2.339 2.381 66100800.00 187907680.00
2015/12/18 2.358 2.366 2.316 2.366 37933972.00 106368632.00
2015/12/21 2.314 2.397 2.314 2.364 36599488.00 104099424.00
2015/12/22 2.389 2.389 2.364 2.372 19201636.00 54604360.00
2015/12/23 2.371 2.413 2.363 2.396 26940316.00 77166816.00
2015/12/24 2.415 2.431 2.398 2.406 16571600.00 47813708.00
2015/12/28 2.414 2.414 2.322 2.331 29339000.00 82965568.00
2015/12/29 2.335 2.377 2.335 2.360 21963200.00 61810616.00
2015/12/30 2.378 2.378 2.303 2.361 41721000.00 115990464.00
2015/12/31 2.363 2.438 2.346 2.430 30117912.00 86460560.00
2016/01/04 2.416 2.433 2.282 2.324 46262020.00 128611112.00
2016/01/05 2.337 2.354 2.270 2.295 47062644.00 128940712.00
2016/01/06 2.317 2.317 2.182 2.250 67397640.00 179852032.00
2016/01/07 2.244 2.252 2.159 2.193 80267544.00 208447104.00
2016/01/08 2.260 2.260 2.175 2.175 56845796.00 147769120.00
2016/01/11 2.147 2.173 2.122 2.139 62457032.00 158276336.00
2016/01/12 2.173 2.182 2.089 2.106 47365136.00 118761640.00
2016/01/13 2.148 2.182 2.106 2.123 47167944.00 119699096.00
2016/01/14 2.071 2.156 2.063 2.139 45213000.00 113395576.00
2016/01/15 2.135 2.169 2.051 2.076 42579264.00 105207480.00
2016/01/18 2.069 2.111 2.002 2.010 55740500.00 135350480.00
2016/01/19 2.043 2.135 2.009 2.127 43743000.00 108142928.00
2016/01/20 2.097 2.097 1.971 2.030 53934596.00 129527880.00
2016/01/21 2.048 2.081 1.930 1.947 50711832.00 120708960.00
2016/01/22 1.998 2.066 1.965 2.057 47483400.00 114221400.00
2016/01/25 2.085 2.085 1.967 1.984 63220696.00 151378800.00
2016/01/26 1.959 1.967 1.850 1.892 63187000.00 143034624.00
2016/01/27 1.943 1.943 1.826 1.842 83630600.00 184587936.00
2016/01/28 1.850 1.884 1.817 1.850 60873000.00 133596920.00
2016/01/29 1.858 1.934 1.833 1.917 86086520.00 194091728.00
2016/02/01 1.937 1.979 1.911 1.962 52714076.00 122050520.00
2016/02/02 1.962 2.013 1.946 1.979 25761704.00 60537000.00
2016/02/03 1.915 1.932 1.840 1.857 62150776.00 138283888.00
2016/02/04 1.890 1.898 1.856 1.856 45219656.00 101000888.00
2016/02/05 1.862 1.879 1.795 1.820 59689680.00 130087648.00
2016/02/11 1.745 1.778 1.703 1.762 32566132.00 67936160.00
2016/02/12 1.711 1.762 1.703 1.728 30251000.00 62434408.00
2016/02/15 1.756 1.814 1.747 1.798 45042568.00 96222056.00
2016/02/16 1.816 1.874 1.799 1.816 55823516.00 122378552.00
2016/02/17 1.833 1.875 1.825 1.842 46976848.00 103688736.00
2016/02/18 1.900 1.950 1.874 1.933 64347524.00 147744560.00
2016/02/19 1.902 1.961 1.902 1.936 44077072.00 102035576.00
2016/02/22 1.937 1.988 1.929 1.971 25194316.00 58849132.00
2016/02/23 1.991 2.000 1.924 1.949 37714000.00 87680168.00
2016/02/24 1.942 1.942 1.866 1.900 63730496.00 144054960.00
2016/02/25 1.900 1.926 1.850 1.875 43754748.00 98120928.00
2016/02/26 1.892 1.934 1.892 1.918 53913804.00 122830632.00
2016/02/29 1.919 1.962 1.869 1.886 33598184.00 75613664.00
2016/03/01 1.918 1.918 1.867 1.909 22519252.00 50801776.00
2016/03/02 1.954 1.997 1.929 1.971 56123196.00 131020528.00
2016/03/03 1.978 2.003 1.927 1.952 26901800.00 62475460.00
2016/03/04 1.958 2.017 1.933 2.008 60498012.00 142302784.00
2016/03/07 2.013 2.029 1.979 1.996 35933376.00 85872120.00
2016/03/08 1.993 1.993 1.935 1.960 30199000.00 70428736.00
2016/03/09 1.962 1.962 1.920 1.945 16261005.00 37578088.00
2016/03/10 1.954 1.971 1.879 1.904 25403026.00 58010160.00
2016/03/11 1.906 1.956 1.873 1.948 42444808.00 97070688.00
2016/03/14 1.991 1.991 1.949 1.957 29984320.00 70537456.00
2016/03/15 1.996 2.005 1.963 2.005 31218192.00 73908336.00
2016/03/16 2.016 2.024 1.948 1.965 32636000.00 76931240.00
2016/03/17 1.993 2.010 1.968 1.993 44761300.00 106225456.00
2016/03/18 1.992 2.117 1.975 2.092 116293936.00 289712000.00
2016/03/21 2.107 2.157 2.081 2.148 76458504.00 194208976.00
2016/03/22 2.170 2.170 2.103 2.128 49020016.00 124787624.00
2016/03/23 2.110 2.152 2.069 2.077 36127800.00 90470520.00
2016/03/24 2.057 2.133 2.040 2.082 33943000.00 84774848.00
2016/03/29 2.097 2.105 2.071 2.088 16369730.00 40676932.00
2016/03/30 2.123 2.132 2.090 2.123 36302076.00 91912136.00
2016/03/31 2.116 2.200 2.116 2.191 62821136.00 163780016.00
2016/04/01 2.199 2.199 2.132 2.165 41838644.00 108507296.00
2016/04/05 2.135 2.143 2.068 2.068 49139952.00 123498968.00
2016/04/06 2.087 2.121 2.079 2.104 22207552.00 55900924.00
2016/04/07 2.103 2.119 2.069 2.069 17707000.00 44225564.00
2016/04/08 2.036 2.111 2.027 2.102 18150010.00 44964420.00
2016/04/11 2.058 2.125 2.058 2.117 16895520.00 42642780.00
2016/04/12 2.108 2.158 2.091 2.150 22913600.00 58718776.00
2016/04/13 2.149 2.199 2.149 2.182 59658748.00 156012016.00
2016/04/14 2.217 2.233 2.150 2.167 41111000.00 107209528.00
2016/04/15 2.176 2.184 2.134 2.151 22440924.00 57618976.00
2016/04/18 2.139 2.155 2.105 2.139 27744400.00 70775384.00
2016/04/19 2.161 2.278 2.161 2.278 83952696.00 224545968.00
2016/04/20 2.282 2.298 2.190 2.240 53845256.00 144809104.00
2016/04/21 2.256 2.289 2.231 2.239 32907460.00 89055760.00
2016/04/22 2.217 2.234 2.183 2.192 30894748.00 81502416.00
2016/04/25 2.183 2.216 2.132 2.149 40312048.00 104051184.00
2016/04/26 2.158 2.175 2.100 2.125 40297312.00 102230024.00
2016/04/27 2.123 2.132 2.090 2.090 34362152.00 86471904.00
2016/04/28 2.119 2.127 2.052 2.060 55270776.00 136890096.00
2016/04/29 2.056 2.081 2.031 2.073 45014800.00 111725696.00
2016/05/03 2.072 2.097 2.039 2.064 45080832.00 112351464.00
2016/05/04 2.050 2.075 2.050 2.067 28672580.00 70638464.00
2016/05/05 2.056 2.072 2.031 2.039 28637036.00 70090120.00
2016/05/06 2.067 2.067 1.983 1.999 27468300.00 65835392.00
2016/05/09 2.030 2.030 1.955 2.005 30385496.00 72348104.00
2016/05/10 1.983 2.059 1.983 2.042 56069284.00 135789072.00
2016/05/11 2.050 2.075 2.042 2.067 30086204.00 73741488.00
2016/05/12 2.059 2.084 2.017 2.059 39740948.00 97873224.00
2016/05/13 2.102 2.135 2.035 2.051 99572392.00 247607088.00
2016/05/16 2.053 2.096 1.978 2.053 38959976.00 94999232.00
2016/05/17 2.041 2.100 2.041 2.100 48586000.00 120582776.00
2016/05/18 2.050 2.092 2.042 2.058 27376656.00 67227128.00
2016/05/19 2.050 2.101 2.050 2.067 21677580.00 53265536.00
2016/05/20 2.067 2.100 2.024 2.024 49136560.00 119725192.00
2016/05/23 2.014 2.039 1.989 2.006 27711592.00 66151436.00
2016/05/24 1.998 2.031 1.998 2.023 29394400.00 70412496.00
2016/05/25 2.089 2.089 2.013 2.021 36956924.00 89270968.00
2016/05/26 2.009 2.026 1.993 2.009 25602314.00 60886432.00
2016/05/27 2.016 2.016 1.948 1.965 60828488.00 141919440.00
2016/05/30 1.974 2.007 1.957 1.990 42622524.00 100081496.00
2016/05/31 1.990 2.041 1.973 1.999 165170528.00 390962720.00
2016/06/01 1.976 2.018 1.899 1.908 90567888.00 207926176.00
2016/06/02 1.919 1.953 1.902 1.936 42510096.00 97262256.00
2016/06/03 1.939 1.965 1.931 1.948 36031360.00 82967240.00
2016/06/06 1.939 1.948 1.906 1.931 44762752.00 102256064.00
2016/06/07 1.951 1.977 1.943 1.968 45368720.00 105561368.00
2016/06/08 1.959 2.035 1.951 2.019 32771962.00 77771232.00
2016/06/10 2.002 2.010 1.883 1.892 60452000.00 137100368.00
2016/06/13 1.865 1.882 1.797 1.822 36416096.00 78499648.00
2016/06/14 1.822 1.839 1.754 1.771 71640776.00 150673664.00
2016/06/15 1.769 1.820 1.735 1.794 53270444.00 111463328.00
2016/06/16 1.762 1.779 1.745 1.762 33608296.00 69782488.00
2016/06/17 1.798 1.815 1.772 1.789 30014840.00 63393900.00
2016/06/20 1.821 1.829 1.787 1.821 27181508.00 58225320.00
2016/06/21 1.827 1.827 1.802 1.819 24829300.00 53150640.00
2016/06/22 1.827 1.827 1.793 1.819 31423000.00 66923232.00
2016/06/23 1.811 1.820 1.794 1.811 17834204.00 38032624.00
2016/06/24 1.806 1.823 1.696 1.755 83466000.00 171955584.00
2016/06/27 1.753 1.805 1.728 1.787 25703000.00 53561384.00
2016/06/28 1.758 1.792 1.749 1.775 36816096.00 75928208.00
2016/06/29 1.795 1.804 1.769 1.778 33930096.00 70859920.00
2016/06/30 1.795 1.838 1.786 1.838 47232216.00 100784176.00
2016/07/04 1.851 1.876 1.825 1.859 25699306.00 55759140.00
2016/07/05 1.863 1.871 1.820 1.828 21985000.00 47164688.00
2016/07/06 1.827 1.827 1.784 1.801 31362632.00 65546704.00
2016/07/07 1.817 1.826 1.800 1.817 15020527.00 31572226.00
2016/07/08 1.810 1.818 1.792 1.818 16177919.00 33871848.00
2016/07/11 1.844 1.870 1.835 1.852 26807212.00 57654788.00
2016/07/12 1.873 1.881 1.855 1.873 32486588.00 70126744.00
2016/07/13 1.880 1.897 1.854 1.871 48406388.00 105233472.00
2016/07/14 1.879 1.896 1.836 1.879 30696608.00 66571852.00
2016/07/15 1.895 1.930 1.878 1.930 50489000.00 111832104.00
2016/07/18 1.934 1.934 1.891 1.926 27706872.00 61365648.00
2016/07/19 1.900 1.926 1.891 1.917 31939000.00 70528448.00
2016/07/20 1.908 1.908 1.873 1.899 40972200.00 90020632.00
2016/07/21 1.906 2.121 1.897 2.061 108370808.00 249591968.00
2016/07/22 1.986 2.011 1.934 1.943 107692200.00 246848240.00
2016/07/25 1.957 1.982 1.939 1.948 42048448.00 95443024.00
2016/07/26 1.946 1.997 1.920 1.954 60441516.00 138025280.00
2016/07/27 1.977 2.003 1.951 1.994 50814000.00 116874472.00
2016/07/28 1.983 1.992 1.958 1.983 34337000.00 78937584.00
2016/07/29 1.981 1.981 1.929 1.964 39644900.00 90262808.00
2016/08/01 1.931 1.973 1.931 1.948 32554552.00 74408480.00
2016/08/03 1.928 1.953 1.894 1.894 39031344.00 87709328.00
2016/08/04 1.910 1.935 1.910 1.918 15589255.00 34932692.00
2016/08/05 1.944 1.969 1.926 1.961 37635632.00 85865968.00
2016/08/08 1.976 2.019 1.958 2.010 51001000.00 118408176.00
2016/08/09 2.009 2.035 1.992 2.035 30609556.00 71749816.00
2016/08/10 2.033 2.033 1.990 2.007 28534260.00 66933700.00
2016/08/11 1.982 2.033 1.982 2.024 46432484.00 109537008.00
2016/08/12 2.050 2.128 2.042 2.111 85738568.00 208912432.00
2016/08/15 2.098 2.133 2.081 2.090 60880868.00 149592352.00
2016/08/16 2.077 2.129 2.077 2.111 70540552.00 173868464.00
2016/08/17 2.096 2.121 2.070 2.070 47937480.00 118137600.00
2016/08/18 2.077 2.102 2.051 2.077 36024000.00 87786888.00
2016/08/19 2.075 2.084 2.024 2.058 25874732.00 61964476.00
2016/08/22 2.054 2.063 1.994 2.020 50735716.00 119183800.00
2016/08/23 2.018 2.018 1.984 2.001 25992108.00 60523116.00
2016/08/24 2.005 2.022 1.987 2.022 22845000.00 53510400.00
2016/08/25 1.984 2.019 1.984 2.001 26353000.00 61334688.00
2016/08/26 1.981 2.006 1.972 1.998 28331000.00 65835240.00
2016/08/29 2.000 2.025 1.982 2.008 16475987.00 38400464.00
2016/08/30 1.999 1.999 1.930 1.956 78772000.00 178806432.00
2016/08/31 1.966 1.966 1.915 1.941 43680696.00 98219536.00
2016/09/01 1.937 1.963 1.937 1.946 41804512.00 94758880.00
2016/09/02 1.953 1.987 1.944 1.987 33036136.00 75669688.00
2016/09/05 2.000 2.035 2.000 2.018 29532452.00 69124416.00
2016/09/06 2.021 2.064 2.012 2.038 42984736.00 101713216.00
2016/09/07 2.034 2.068 2.017 2.025 41011000.00 97628552.00
2016/09/08 2.036 2.053 2.010 2.036 33037066.00 78382960.00
2016/09/09 2.055 2.166 2.046 2.106 152676000.00 377053024.00
2016/09/12 2.053 2.062 2.001 2.018 69996816.00 164241408.00
2016/09/13 2.038 2.047 1.961 1.970 38131376.00 88550448.00
2016/09/14 1.975 2.009 1.957 1.983 31264000.00 71881272.00
2016/09/15 2.000 2.052 1.983 2.026 49441800.00 115872600.00
2016/09/19 2.075 2.118 2.066 2.066 90207432.00 218736656.00
2016/09/20 2.077 2.086 2.035 2.043 37507000.00 89933800.00
2016/09/21 2.048 2.082 2.039 2.056 49163000.00 118015104.00
2016/09/22 2.093 2.093 2.033 2.050 38991672.00 93766136.00
2016/09/23 2.046 2.080 2.046 2.063 27242000.00 65307168.00
2016/09/26 2.048 2.065 1.988 2.014 51033000.00 119212624.00
2016/09/27 1.994 2.011 1.976 2.002 40934256.00 95319944.00
2016/09/28 1.995 2.012 1.986 1.995 25281364.00 58703776.00
2016/09/29 2.013 2.022 1.979 2.004 36368188.00 84595008.00
2016/09/30 2.015 2.058 1.972 1.972 57617516.00 134128368.00
2016/10/03 1.997 2.023 1.989 1.997 25777208.00 59820948.00
2016/10/04 2.015 2.015 1.963 1.980 38415384.00 88040928.00
2016/10/05 1.980 1.989 1.963 1.972 17478252.00 40179640.00
2016/10/06 1.980 1.997 1.963 1.980 33676084.00 77426032.00
2016/10/07 1.980 2.006 1.972 1.989 22448000.00 51901660.00
2016/10/11 1.998 2.032 1.998 2.006 37168000.00 86646152.00
2016/10/12 2.011 2.028 1.985 1.994 33137444.00 76451480.00
2016/10/13 1.978 2.004 1.943 1.960 64965864.00 147208144.00
2016/10/14 1.957 1.991 1.948 1.965 40564000.00 92506568.00
2016/10/17 1.971 1.989 1.945 1.954 25769000.00 58327472.00
2016/10/18 1.969 1.995 1.961 1.987 28464062.00 64960080.00
2016/10/19 1.996 2.013 1.978 1.987 19850070.00 45677084.00
2016/10/20 2.004 2.013 1.996 2.004 18430074.00 42475828.00
2016/10/24 2.016 2.024 1.989 2.007 38530000.00 88853168.00
2016/10/25 2.017 2.026 2.000 2.009 21099000.00 48615448.00
2016/10/26 1.999 2.008 1.973 1.999 22060400.00 50361736.00
2016/10/27 1.991 2.008 1.965 2.008 35834000.00 81628808.00
2016/10/28 1.995 2.004 1.969 1.978 32491406.00 73508272.00
2016/10/31 1.954 1.989 1.954 1.980 16020900.00 36233968.00
2016/11/01 1.974 2.000 1.974 1.974 28300100.00 64354732.00
2016/11/02 1.960 1.969 1.934 1.951 33258980.00 74333336.00
2016/11/03 1.941 1.958 1.932 1.941 17127704.00 38211152.00
2016/11/04 1.933 1.950 1.924 1.933 29825008.00 66266040.00
2016/11/07 1.938 1.973 1.921 1.956 44817156.00 99990456.00
2016/11/08 1.967 2.002 1.959 2.002 41041000.00 93091000.00
2016/11/09 2.012 2.012 1.889 1.942 74380376.00 165600880.00
2016/11/10 1.970 1.987 1.961 1.970 29427720.00 66255356.00
2016/11/11 1.958 1.985 1.932 1.967 52158452.00 116244432.00
2016/11/14 1.954 1.989 1.945 1.954 55927272.00 124622168.00
2016/11/15 1.978 2.013 1.943 1.996 60446000.00 135133056.00
2016/11/16 2.007 2.016 1.990 1.998 28309000.00 63839928.00
2016/11/17 2.001 2.010 1.984 1.992 26329884.00 59284412.00
2016/11/18 1.995 2.004 1.978 1.987 22680856.00 50841732.00
2016/11/21 1.992 2.019 1.974 2.001 28300016.00 63679040.00
2016/11/22 2.004 2.031 1.986 2.022 42891800.00 97489320.00
2016/11/23 2.017 2.035 1.999 2.008 21947316.00 49713808.00
2016/11/24 2.013 2.013 1.977 1.986 26133000.00 58386104.00
2016/11/25 1.998 2.007 1.980 1.989 14728000.00 32953590.00
2016/11/28 2.003 2.021 2.003 2.003 28880700.00 65303580.00
2016/11/29 1.998 2.078 1.998 2.061 85921400.00 198633792.00
2016/11/30 2.078 2.087 2.060 2.069 58740660.00 136916832.00
2016/12/01 2.089 2.116 2.063 2.080 45219420.00 106331552.00
2016/12/02 2.076 2.111 2.067 2.084 57595376.00 135594144.00
2016/12/05 2.096 2.105 2.042 2.060 46588564.00 108078704.00
2016/12/06 2.060 2.069 2.025 2.034 26335834.00 60718276.00
2016/12/07 2.049 2.058 2.014 2.023 26366300.00 60192564.00
2016/12/08 2.029 2.056 2.011 2.038 44152528.00 101171328.00
2016/12/09 2.054 2.054 2.019 2.054 26893392.00 61666080.00
2016/12/12 2.057 2.057 1.977 1.985 44487400.00 99793584.00
2016/12/13 1.990 1.999 1.964 1.981 25302384.00 56281052.00
2016/12/14 1.993 2.002 1.967 1.976 19335180.00 43054772.00
2016/12/15 1.983 1.983 1.929 1.947 42379000.00 92365168.00
2016/12/16 1.953 1.971 1.935 1.953 38934920.00 76031280.00
