2010/07/19 2.816 2.825 2.790 2.799 900592960.00 2900761088.00
2010/07/20 2.791 2.817 2.791 2.799 299373984.00 961464384.00
2010/07/21 2.798 2.815 2.798 2.807 206937104.00 666039360.00
2010/07/22 2.819 2.889 2.810 2.880 701700736.00 2295102464.00
2010/07/23 2.912 3.052 2.904 3.034 1057991296.00 3619373568.00
2010/07/26 3.045 3.089 3.019 3.054 824827392.00 2881856000.00
2010/07/27 3.044 3.140 3.035 3.061 723292608.00 2566484736.00
2010/07/28 3.063 3.133 3.054 3.124 411649152.00 1464015360.00
2010/07/29 3.107 3.133 3.072 3.116 767800448.00 2733360640.00
2010/07/30 3.088 3.097 3.036 3.053 355167936.00 1249574400.00
2010/08/02 3.079 3.097 3.053 3.062 251011328.00 885571008.00
2010/08/03 3.079 3.096 3.044 3.061 200434592.00 704183680.00
2010/08/04 3.054 3.062 3.019 3.028 193354016.00 673071168.00
2010/08/05 3.046 3.055 3.003 3.011 126837552.00 440157408.00
2010/08/06 3.001 3.019 2.940 2.992 225648608.00 770961088.00
2010/08/09 2.964 3.008 2.964 2.991 106317752.00 363528448.00
2010/08/10 3.011 3.011 2.959 2.967 147534176.00 502939840.00
2010/08/11 2.968 2.968 2.889 2.906 265492000.00 887179328.00
2010/08/12 2.890 2.960 2.881 2.951 279639008.00 929394752.00
2010/08/13 2.969 2.978 2.934 2.969 175796992.00 594326784.00
2010/08/16 2.942 2.951 2.907 2.933 185245360.00 618851968.00
2010/08/17 2.921 2.956 2.912 2.947 93374520.00 312979808.00
2010/08/18 2.944 2.997 2.944 2.997 190506672.00 648478208.00
2010/08/19 3.006 3.015 2.954 2.997 140903008.00 481568896.00
2010/08/20 2.988 3.049 2.979 3.031 186900880.00 643589824.00
2010/08/23 3.035 3.061 3.000 3.061 113508096.00 393257920.00
2010/08/24 3.044 3.052 2.991 3.017 108914544.00 377012160.00
2010/08/25 3.017 3.026 2.982 2.991 95459000.00 327663360.00
2010/08/26 3.036 3.132 3.001 3.089 510567872.00 1801199360.00
2010/08/27 3.095 3.113 3.069 3.095 219901616.00 777298880.00
2010/08/30 3.104 3.122 3.017 3.034 223098000.00 781457536.00
2010/08/31 3.020 3.107 3.002 3.081 303838144.00 1065748800.00
2010/09/01 3.100 3.109 3.056 3.091 157082848.00 553258816.00
2010/09/02 3.105 3.122 3.070 3.096 123805000.00 437979744.00
2010/09/03 3.104 3.122 3.078 3.122 112005296.00 398488640.00
2010/09/06 3.143 3.213 3.143 3.204 291591200.00 1064334272.00
2010/09/07 3.203 3.203 3.177 3.195 105911416.00 386870752.00
2010/09/08 3.172 3.181 3.146 3.155 82331504.00 298074304.00
2010/09/09 3.185 3.273 3.168 3.264 402775008.00 1496510080.00
2010/09/10 3.281 3.308 3.247 3.299 351811968.00 1325178368.00
2010/09/13 3.303 3.424 3.294 3.407 456059744.00 1777000832.00
2010/09/14 3.400 3.400 3.331 3.348 199866464.00 774705216.00
2010/09/15 3.360 3.394 3.351 3.369 225760960.00 880508864.00
2010/09/16 3.339 3.347 3.200 3.278 506473824.00 1903813632.00
2010/09/17 3.278 3.313 3.200 3.287 240378512.00 903107200.00
2010/09/20 3.284 3.284 3.224 3.241 121937496.00 458728352.00
2010/09/21 3.236 3.339 3.236 3.314 191854336.00 730077248.00
2010/09/22 3.348 3.391 3.331 3.365 591480064.00 2312391168.00
2010/09/24 3.365 3.365 3.314 3.339 174899520.00 675948736.00
2010/09/27 3.365 3.399 3.313 3.321 144679232.00 560328064.00
2010/09/28 3.301 3.344 3.301 3.327 156181760.00 601154304.00
2010/09/29 3.365 3.434 3.322 3.425 279926592.00 1096397568.00
2010/09/30 3.411 3.497 3.394 3.471 525458912.00 2100076160.00
2010/10/04 3.532 3.540 3.480 3.497 330545728.00 1343931264.00
2010/10/05 3.497 3.540 3.437 3.540 183835312.00 742682112.00
2010/10/06 3.618 3.618 3.532 3.540 262116608.00 1085083520.00
2010/10/07 3.583 3.601 3.540 3.601 250984224.00 1037499776.00
2010/10/08 3.576 3.628 3.550 3.593 260448000.00 1083357952.00
2010/10/11 3.613 3.639 3.501 3.536 241775120.00 1004854656.00
2010/10/12 3.537 3.545 3.485 3.502 305846432.00 1244893568.00
2010/10/13 3.507 3.516 3.447 3.473 340740224.00 1379431936.00
2010/10/14 3.492 3.509 3.389 3.483 585521664.00 2359830784.00
2010/10/15 3.454 3.514 3.411 3.462 1132111104.00 4571155456.00
2010/10/18 3.465 3.473 3.413 3.422 398166976.00 1603839104.00
2010/10/19 3.432 3.509 3.432 3.475 250840864.00 1014703168.00
2010/10/20 3.441 3.579 3.432 3.553 388457408.00 1588478208.00
2010/10/21 3.590 3.590 3.496 3.539 228480864.00 941050368.00
2010/10/22 3.534 3.551 3.482 3.500 137367504.00 562035264.00
2010/10/25 3.490 3.524 3.473 3.481 128769800.00 524398176.00
2010/10/26 3.511 3.520 3.468 3.494 94971848.00 386124000.00
2010/10/27 3.509 3.570 3.466 3.492 182986960.00 745981632.00
2010/10/28 3.531 3.557 3.497 3.505 145654976.00 593955136.00
2010/10/29 3.519 3.545 3.467 3.528 190500816.00 773048832.00
2010/11/01 3.572 3.598 3.537 3.572 157702896.00 651044224.00
2010/11/02 3.548 3.609 3.539 3.600 155283584.00 643920448.00
2010/11/03 3.638 3.724 3.594 3.706 428263424.00 1826286464.00
2010/11/04 3.709 3.761 3.692 3.727 227767616.00 984185920.00
2010/11/05 3.773 3.781 3.738 3.781 249836016.00 1093169280.00
2010/11/08 3.786 3.880 3.760 3.863 253722080.00 1132642176.00
2010/11/09 3.839 3.865 3.779 3.779 182440704.00 811345152.00
2010/11/10 3.737 3.797 3.694 3.720 203448992.00 886848448.00
2010/11/11 3.709 3.769 3.709 3.743 133697136.00 585003712.00
2010/11/12 3.691 3.726 3.657 3.674 177898112.00 766962176.00
2010/11/15 3.738 3.738 3.601 3.610 147330704.00 630759936.00
2010/11/16 3.582 3.617 3.514 3.531 205540000.00 853963392.00
2010/11/17 3.515 3.592 3.506 3.566 146937760.00 609347392.00
2010/11/18 3.642 3.667 3.582 3.659 133039632.00 562752064.00
2010/11/19 3.666 3.666 3.546 3.606 103003808.00 433819200.00
2010/11/22 3.579 3.630 3.579 3.587 109893504.00 461348672.00
2010/11/23 3.573 3.582 3.436 3.453 268483264.00 1094940800.00
2010/11/24 3.485 3.528 3.467 3.476 136599600.00 556192960.00
2010/11/25 3.517 3.534 3.492 3.500 75758000.00 310252704.00
2010/11/26 3.499 3.534 3.499 3.508 49163176.00 201387856.00
2010/11/29 3.522 3.539 3.479 3.514 90137200.00 367218464.00
2010/11/30 3.534 3.534 3.465 3.482 150277472.00 609117888.00
2010/12/01 3.500 3.569 3.457 3.552 194649248.00 797022016.00
2010/12/02 3.581 3.667 3.572 3.649 222230672.00 934951104.00
2010/12/03 3.670 3.730 3.619 3.670 655578304.00 2806683136.00
2010/12/06 3.667 3.684 3.547 3.564 270205280.00 1144906496.00
2010/12/07 3.542 3.627 3.542 3.602 120894184.00 505014144.00
2010/12/08 3.569 3.595 3.500 3.517 139693200.00 574467648.00
2010/12/09 3.561 3.561 3.510 3.518 125579888.00 516864096.00
2010/12/10 3.497 3.523 3.463 3.480 208494720.00 846338624.00
2010/12/13 3.504 3.522 3.444 3.462 154874656.00 627572544.00
2010/12/14 3.464 3.490 3.456 3.481 95315688.00 386887072.00
2010/12/15 3.493 3.502 3.425 3.433 157378000.00 637220672.00
2010/12/16 3.445 3.522 3.419 3.496 193752016.00 785215424.00
2010/12/17 3.460 3.631 3.425 3.562 149269680.00 607692352.00
2010/12/20 3.538 3.538 3.435 3.461 161321184.00 653093952.00
2010/12/21 3.459 3.494 3.434 3.468 115468336.00 467236832.00
2010/12/22 3.475 3.492 3.433 3.450 86759664.00 350669984.00
2010/12/23 3.452 3.452 3.281 3.298 507826976.00 1988184576.00
2010/12/24 3.251 3.285 3.251 3.268 197943536.00 757574720.00
2010/12/28 3.235 3.295 3.235 3.278 139202048.00 534406560.00
2010/12/29 3.278 3.295 3.261 3.261 158757136.00 611119488.00
2010/12/30 3.276 3.302 3.251 3.285 112687592.00 434376320.00
2010/12/31 3.302 3.344 3.285 3.319 72478400.00 282528704.00
2011/01/03 3.336 3.395 3.310 3.395 112545528.00 445235040.00
2011/01/04 3.434 3.443 3.409 3.426 113135048.00 454417664.00
2011/01/05 3.430 3.473 3.413 3.464 114413504.00 461677568.00
2011/01/06 3.465 3.473 3.439 3.465 88269776.00 357336864.00
2011/01/07 3.439 3.465 3.396 3.405 132334704.00 531642944.00
2011/01/10 3.414 3.431 3.337 3.346 118784880.00 469685120.00
2011/01/11 3.338 3.423 3.338 3.406 130828984.00 519989856.00
2011/01/12 3.393 3.444 3.385 3.427 128138712.00 514116384.00
2011/01/13 3.464 3.464 3.388 3.396 150801296.00 609597632.00
2011/01/14 3.390 3.407 3.356 3.365 140545856.00 561448000.00
2011/01/17 3.365 3.390 3.314 3.322 167735744.00 661390016.00
2011/01/18 3.322 3.364 3.322 3.330 81843824.00 323078720.00
2011/01/19 3.363 3.397 3.329 3.363 124254336.00 494451520.00
2011/01/20 3.346 3.354 3.303 3.312 123568672.00 484585024.00
2011/01/21 3.284 3.335 3.275 3.292 107214624.00 418807616.00
2011/01/24 3.290 3.298 3.230 3.239 127524512.00 490627104.00
2011/01/25 3.237 3.304 3.237 3.279 164341056.00 636143616.00
2011/01/26 3.290 3.298 3.247 3.281 92310896.00 357341568.00
2011/01/27 3.292 3.335 3.267 3.284 106082200.00 413994304.00
2011/01/28 3.267 3.284 3.242 3.250 87972144.00 339360224.00
2011/01/31 3.205 3.264 3.196 3.247 139870576.00 532215744.00
2011/02/01 3.261 3.261 3.210 3.236 85543760.00 328182656.00
2011/02/02 3.244 3.286 3.244 3.278 68717616.00 265976336.00
2011/02/07 3.253 3.278 3.202 3.210 124427200.00 475202528.00
2011/02/08 3.210 3.227 3.177 3.193 115294152.00 436573728.00
2011/02/09 3.181 3.206 3.122 3.138 235599120.00 880661824.00
2011/02/10 3.104 3.112 3.070 3.078 252836192.00 923057856.00
2011/02/11 3.082 3.099 3.040 3.056 173096880.00 626492608.00
2011/02/14 3.082 3.183 3.082 3.149 127212384.00 474292768.00
2011/02/15 3.164 3.240 3.147 3.172 123586432.00 467794048.00
2011/02/16 3.169 3.211 3.135 3.194 76363664.00 287211328.00
2011/02/17 3.211 3.295 3.194 3.270 128906336.00 494793312.00
2011/02/18 3.294 3.337 3.286 3.294 148222640.00 580319168.00
2011/02/21 3.284 3.300 3.233 3.275 74216672.00 287435712.00
2011/02/22 3.252 3.252 3.176 3.202 108034920.00 409791744.00
2011/02/23 3.202 3.210 3.168 3.176 64381712.00 242824384.00
2011/02/24 3.165 3.241 3.140 3.157 84213120.00 317600192.00
2011/02/25 3.172 3.206 3.147 3.197 69074592.00 261031696.00
2011/02/28 3.197 3.282 3.189 3.256 126751416.00 488117120.00
2011/03/01 3.273 3.307 3.248 3.290 98886616.00 385138240.00
2011/03/02 3.248 3.350 3.248 3.350 150288288.00 588677696.00
2011/03/03 3.356 3.406 3.339 3.381 229018016.00 917958208.00
2011/03/04 3.423 3.440 3.398 3.423 210900864.00 855158976.00
2011/03/07 3.422 3.431 3.380 3.389 72011768.00 290640672.00
2011/03/08 3.416 3.441 3.374 3.433 114632016.00 464679200.00
2011/03/09 3.460 3.503 3.452 3.494 215762912.00 887007104.00
2011/03/10 3.502 3.510 3.459 3.502 163731312.00 677249024.00
2011/03/11 3.469 3.469 3.393 3.410 167627744.00 680605440.00
2011/03/14 3.407 3.450 3.374 3.450 113834096.00 460510304.00
2011/03/15 3.422 3.456 3.321 3.448 281101824.00 1128744960.00
2011/03/16 3.516 3.524 3.423 3.474 209426976.00 861282368.00
2011/03/17 3.418 3.443 3.368 3.401 157457456.00 635528832.00
2011/03/18 3.451 3.451 3.401 3.409 103472416.00 420754240.00
2011/03/21 3.467 3.467 3.416 3.442 84480592.00 345239328.00
2011/03/22 3.449 3.466 3.432 3.457 76282608.00 313045920.00
2011/03/23 3.476 3.476 3.433 3.433 71414072.00 292395456.00
2011/03/24 3.486 3.494 3.452 3.460 138222256.00 569731200.00
2011/03/25 3.525 3.533 3.508 3.533 293958720.00 1231245824.00
2011/03/28 3.552 3.577 3.502 3.544 234895136.00 988727296.00
2011/03/29 3.534 3.551 3.467 3.475 168463232.00 701815872.00
2011/03/30 3.543 3.577 3.518 3.568 382761888.00 1615433472.00
2011/03/31 3.689 3.748 3.639 3.714 654237056.00 2872930304.00
2011/04/01 3.740 3.749 3.673 3.740 264860560.00 1170923008.00
2011/04/04 3.791 3.791 3.749 3.774 251607232.00 1127897728.00
2011/04/06 3.775 3.775 3.725 3.741 192274352.00 855793152.00
2011/04/07 3.763 3.763 3.721 3.746 122332648.00 543118336.00
2011/04/08 3.771 3.872 3.738 3.855 417748576.00 1885486080.00
2011/04/11 3.856 3.872 3.780 3.814 212648064.00 964318464.00
2011/04/12 3.789 3.797 3.688 3.738 178803728.00 792266368.00
2011/04/13 3.742 3.817 3.683 3.800 188787008.00 845134528.00
2011/04/14 3.823 3.924 3.789 3.882 323094816.00 1495015296.00
2011/04/15 3.897 3.947 3.847 3.905 189269952.00 878999296.00
2011/04/18 3.864 3.923 3.788 3.822 145144720.00 665891456.00
2011/04/19 3.779 3.779 3.720 3.779 163342272.00 728681152.00
2011/04/20 3.812 3.946 3.803 3.929 162451968.00 750462208.00
2011/04/21 3.970 3.979 3.920 3.970 156066480.00 734897984.00
2011/04/26 3.950 3.975 3.883 3.950 88601112.00 415047520.00
2011/04/27 3.979 4.062 3.920 3.945 280656672.00 1339188352.00
2011/04/28 3.985 4.036 3.935 3.969 248313440.00 1180096640.00
2011/04/29 3.923 3.964 3.814 3.839 214155872.00 989347200.00
2011/05/03 3.799 3.916 3.782 3.816 209522112.00 962704320.00
2011/05/04 3.766 3.808 3.733 3.758 153965728.00 693847552.00
2011/05/05 3.757 3.840 3.732 3.748 176438400.00 798491904.00
2011/05/06 3.722 3.855 3.713 3.822 151384944.00 689197056.00
2011/05/09 3.838 3.864 3.788 3.838 91666904.00 420941664.00
2011/05/11 3.886 3.886 3.802 3.844 91192544.00 418789696.00
2011/05/12 3.805 3.822 3.763 3.772 76495568.00 346484704.00
2011/05/13 3.814 3.823 3.756 3.798 100762888.00 457252832.00
2011/05/16 3.785 3.785 3.718 3.735 133703528.00 599979328.00
2011/05/17 3.700 3.784 3.684 3.767 90111096.00 402978848.00
2011/05/18 3.775 3.884 3.775 3.867 94828600.00 435782752.00
2011/05/19 3.891 3.933 3.866 3.899 83289448.00 388749728.00
2011/05/20 3.921 3.929 3.870 3.870 47807044.00 222903856.00
2011/05/23 3.846 3.854 3.754 3.771 120781296.00 548333376.00
2011/05/24 3.771 3.847 3.771 3.830 62075056.00 283295104.00
2011/05/25 3.800 3.842 3.758 3.816 79263720.00 360815072.00
2011/05/26 3.845 3.845 3.804 3.820 52563344.00 240817104.00
2011/05/27 3.844 3.877 3.819 3.852 68311208.00 315942496.00
2011/05/30 3.876 3.901 3.851 3.893 74454912.00 347172608.00
2011/05/31 3.935 3.977 3.918 3.960 126948928.00 600448512.00
2011/06/01 3.943 3.960 3.852 3.852 158183920.00 739630336.00
2011/06/02 3.770 3.803 3.678 3.695 342753376.00 1534088320.00
2011/06/03 3.710 3.710 3.593 3.635 322802752.00 1411882240.00
2011/06/07 3.549 3.624 3.549 3.624 165140608.00 714195584.00
2011/06/08 3.648 3.648 3.532 3.540 245482000.00 1055693568.00
2011/06/09 3.491 3.491 3.357 3.407 302700256.00 1236633216.00
2011/06/10 3.417 3.425 3.342 3.400 216219344.00 875852928.00
2011/06/13 3.352 3.468 3.352 3.452 166255008.00 681130944.00
2011/06/14 3.406 3.531 3.381 3.481 226042960.00 941745216.00
2011/06/15 3.496 3.505 3.413 3.430 138348576.00 573092544.00
2011/06/16 3.385 3.394 3.327 3.344 264953280.00 1068377664.00
2011/06/17 3.343 3.367 3.301 3.334 169138688.00 680378496.00
2011/06/20 3.362 3.370 3.287 3.312 106611728.00 426489248.00
2011/06/21 3.313 3.329 3.163 3.271 341105376.00 1327393280.00
2011/06/22 3.272 3.289 3.172 3.197 277541920.00 1072677056.00
2011/06/23 3.167 3.183 3.108 3.133 296180352.00 1120399232.00
2011/06/24 3.150 3.333 3.150 3.324 348653568.00 1368864256.00
2011/06/27 3.283 3.416 3.283 3.375 280530976.00 1138152960.00
2011/06/28 3.424 3.424 3.341 3.366 205411456.00 836562240.00
2011/06/29 3.417 3.417 3.292 3.325 187723552.00 754471424.00
2011/06/30 3.351 3.418 3.343 3.401 230174384.00 937738496.00
2011/07/04 3.465 3.482 3.424 3.474 151321904.00 628392832.00
2011/07/05 3.482 3.482 3.424 3.474 112014128.00 466614944.00
2011/07/06 3.418 3.418 3.293 3.310 283018720.00 1134821888.00
2011/07/07 3.318 3.327 3.260 3.310 197601536.00 781661696.00
2011/07/08 3.326 3.359 3.326 3.350 120415080.00 484767616.00
2011/07/11 3.309 3.334 3.226 3.284 154560976.00 607682816.00
2011/07/12 3.250 3.259 3.167 3.175 153902816.00 594317760.00
2011/07/13 3.231 3.356 3.231 3.298 261790624.00 1041404352.00
2011/07/14 3.303 3.320 3.253 3.286 164068192.00 650320320.00
2011/07/15 3.287 3.287 3.254 3.279 98498552.00 388503936.00
2011/07/18 3.302 3.419 3.294 3.369 305374784.00 1244503168.00
2011/07/19 3.385 3.385 3.319 3.377 150844144.00 610069440.00
2011/07/20 3.407 3.423 3.365 3.407 168159600.00 689229056.00
2011/07/21 3.396 3.412 3.321 3.338 171347696.00 692542656.00
2011/07/22 3.369 3.393 3.360 3.393 136922720.00 559818112.00
2011/07/25 3.345 3.403 3.345 3.394 73358864.00 299648096.00
2011/07/26 3.409 3.467 3.392 3.458 161234336.00 670234752.00
2011/07/27 3.457 3.515 3.432 3.466 175977360.00 741787200.00
2011/07/28 3.457 3.531 3.432 3.506 197430896.00 832441024.00
2011/07/29 3.490 3.515 3.432 3.498 157529856.00 664537344.00
2011/08/01 3.545 3.554 3.521 3.521 129732920.00 554664704.00
2011/08/02 3.489 3.514 3.423 3.448 165962560.00 692526592.00
2011/08/03 3.372 3.405 3.323 3.389 421457344.00 1723105152.00
2011/08/04 3.394 3.410 3.295 3.336 229898592.00 934846144.00
2011/08/05 3.180 3.288 3.180 3.255 277729056.00 1084344960.00
2011/08/08 3.213 3.213 3.114 3.188 206212560.00 791497600.00
2011/08/09 3.015 3.254 2.999 3.097 347560576.00 1319847424.00
2011/08/10 3.206 3.239 3.124 3.140 170339216.00 660271680.00
2011/08/11 3.081 3.179 3.056 3.122 174293600.00 665611968.00
2011/08/12 3.160 3.193 3.111 3.119 152204032.00 583864832.00
2011/08/15 3.167 3.216 3.134 3.208 178882576.00 690041152.00
2011/08/16 3.233 3.258 3.151 3.159 166064784.00 648084672.00
2011/08/17 3.162 3.219 3.121 3.129 164400208.00 631659264.00
2011/08/18 3.127 3.168 3.078 3.078 119017976.00 452386720.00
2011/08/19 3.014 3.055 2.997 3.005 175922432.00 646902400.00
2011/08/22 3.003 3.077 2.954 3.028 219174704.00 800740224.00
2011/08/23 3.052 3.191 3.027 3.183 228198592.00 870266816.00
2011/08/24 3.188 3.188 3.098 3.131 105366528.00 403410720.00
2011/08/25 3.149 3.199 3.108 3.141 161485088.00 622241472.00
2011/08/26 3.134 3.166 3.060 3.076 187334864.00 709323968.00
2011/08/29 3.106 3.106 3.016 3.049 175516992.00 651076672.00
2011/08/30 3.089 3.154 3.023 3.048 341594880.00 1285193984.00
2011/08/31 3.031 3.088 3.023 3.072 235634160.00 878663744.00
2011/09/01 3.108 3.140 2.993 3.001 289548736.00 1081710208.00
2011/09/02 3.028 3.036 2.954 2.954 219100832.00 796531008.00
2011/09/05 2.912 2.945 2.863 2.871 176310800.00 622951168.00
2011/09/06 2.847 2.880 2.831 2.872 186859712.00 649391168.00
2011/09/07 2.881 2.971 2.840 2.922 225261184.00 798246272.00
2011/09/08 2.926 2.943 2.869 2.902 83639760.00 295848608.00
2011/09/09 2.903 2.936 2.813 2.821 176471504.00 614549248.00
2011/09/12 2.706 2.706 2.641 2.657 302200928.00 990838208.00
2011/09/14 2.680 2.704 2.532 2.598 342616928.00 1089594624.00
2011/09/15 2.597 2.638 2.523 2.540 287789952.00 905861504.00
2011/09/16 2.612 2.710 2.603 2.685 391626240.00 1278839808.00
2011/09/19 2.654 2.679 2.581 2.597 170770640.00 547111360.00
2011/09/20 2.630 2.638 2.540 2.630 127129816.00 403823552.00
2011/09/21 2.595 2.611 2.538 2.554 196140000.00 613540672.00
2011/09/22 2.472 2.480 2.349 2.358 286758624.00 838502016.00
2011/09/23 2.325 2.374 2.251 2.284 416069952.00 1165190912.00
2011/09/26 2.271 2.304 2.075 2.157 284260064.00 756259008.00
2011/09/27 2.249 2.355 2.216 2.347 246856608.00 686963008.00
2011/09/28 2.310 2.399 2.285 2.301 207716928.00 592680512.00
2011/09/30 2.242 2.283 2.071 2.104 418539264.00 1087866368.00
2011/10/03 2.038 2.038 1.843 1.932 415256192.00 980850240.00
2011/10/04 1.924 1.990 1.859 1.867 304170144.00 720747456.00
2011/10/06 2.006 2.014 1.932 1.990 372737536.00 899971328.00
2011/10/07 2.038 2.153 2.014 2.120 264746960.00 684165760.00
2011/10/10 2.149 2.165 2.075 2.165 129592832.00 336111264.00
2011/10/11 2.423 2.505 2.374 2.439 613027584.00 1823249024.00
2011/10/12 2.411 2.517 2.354 2.501 269787456.00 813525760.00
2011/10/13 2.532 2.614 2.515 2.614 266631888.00 832673920.00
2011/10/14 2.541 2.541 2.427 2.476 251025088.00 760498752.00
2011/10/17 2.523 2.556 2.449 2.498 142868784.00 435069824.00
2011/10/18 2.402 2.410 2.262 2.303 228621520.00 645973184.00
2011/10/19 2.335 2.385 2.311 2.360 146608000.00 420842592.00
2011/10/20 2.292 2.341 2.251 2.324 164258144.00 458978208.00
2011/10/21 2.339 2.347 2.282 2.323 165413584.00 469289376.00
2011/10/24 2.385 2.532 2.385 2.508 264250832.00 802248960.00
2011/10/25 2.512 2.618 2.504 2.610 315016960.00 996845312.00
2011/10/26 2.563 2.726 2.538 2.718 353336096.00 1144487936.00
2011/10/27 2.817 2.932 2.801 2.899 438907584.00 1536809216.00
2011/10/28 3.006 3.178 2.925 2.933 622973696.00 2326932736.00
2011/10/31 2.973 2.973 2.745 2.891 296771008.00 1033063168.00
2011/11/01 2.795 2.876 2.746 2.827 260539440.00 900501248.00
2011/11/02 2.794 2.916 2.745 2.891 249496352.00 867406400.00
2011/11/03 2.822 2.944 2.814 2.855 330171776.00 1166279168.00
2011/11/04 2.984 3.025 2.919 2.927 202296048.00 735429696.00
2011/11/07 2.946 2.994 2.897 2.921 143450400.00 520779200.00
2011/11/08 2.979 2.996 2.914 2.930 134837408.00 487921280.00
2011/11/09 3.010 3.026 2.961 2.986 209896704.00 770772096.00
2011/11/10 2.883 2.883 2.769 2.786 235308224.00 812553984.00
2011/11/11 2.824 2.905 2.808 2.881 132213504.00 465260160.00
2011/11/14 2.978 3.011 2.946 2.962 157665920.00 577520384.00
2011/11/15 2.934 2.975 2.894 2.926 113858464.00 409422400.00
2011/11/16 2.962 2.962 2.799 2.881 165120208.00 577856000.00
2011/11/17 2.825 2.857 2.776 2.833 166403056.00 574228672.00
2011/11/18 2.774 2.774 2.693 2.750 168828432.00 564935616.00
2011/11/21 2.659 2.675 2.593 2.610 221930400.00 710788928.00
2011/11/22 2.619 2.652 2.554 2.619 153329824.00 488929792.00
2011/11/23 2.575 2.575 2.477 2.510 228575216.00 703611136.00
2011/11/24 2.479 2.626 2.479 2.577 139386000.00 440101024.00
2011/11/25 2.535 2.568 2.486 2.503 108246000.00 334812512.00
2011/11/28 2.602 2.619 2.545 2.594 110097808.00 349317248.00
2011/11/29 2.610 2.659 2.578 2.618 119353080.00 383587072.00
2011/11/30 2.608 2.616 2.510 2.543 139929664.00 437283552.00
2011/12/01 2.771 2.779 2.706 2.771 430308768.00 1453262976.00
2011/12/02 2.770 2.852 2.722 2.827 183107744.00 625214912.00
2011/12/05 2.821 2.846 2.797 2.829 130144016.00 451764544.00
2011/12/06 2.787 2.811 2.738 2.779 110215640.00 374204864.00
2011/12/07 2.795 2.877 2.779 2.868 161093376.00 560469824.00
2011/12/08 2.818 2.875 2.802 2.859 115755616.00 403904960.00
2011/12/09 2.778 2.810 2.713 2.753 165556368.00 560729344.00
2011/12/12 2.790 2.815 2.717 2.766 142919104.00 486385696.00
2011/12/13 2.711 2.719 2.670 2.711 161019808.00 532152128.00
2011/12/14 2.681 2.738 2.673 2.689 127366296.00 422846752.00
2011/12/15 2.656 2.673 2.607 2.648 115783008.00 374197536.00
2011/12/16 2.622 2.720 2.622 2.671 211739024.00 696930176.00
2011/12/19 2.627 2.627 2.578 2.602 143078096.00 458138112.00
2011/12/20 2.629 2.662 2.572 2.597 130166424.00 417224160.00
2011/12/21 2.650 2.699 2.642 2.699 112965112.00 371363360.00
2011/12/22 2.683 2.723 2.658 2.699 62418928.00 206943232.00
2011/12/23 2.746 2.754 2.730 2.746 71293168.00 240911696.00
2011/12/28 2.720 2.736 2.671 2.679 51717232.00 171838912.00
2011/12/29 2.640 2.729 2.631 2.713 91428512.00 303974432.00
2011/12/30 2.724 2.732 2.692 2.708 35061328.00 117190160.00
2012/01/03 2.756 2.773 2.732 2.773 82569456.00 280735008.00
2012/01/04 2.774 2.782 2.725 2.725 70427680.00 238206304.00
2012/01/05 2.747 2.763 2.731 2.763 90104992.00 305124288.00
2012/01/06 2.717 2.749 2.684 2.701 82459320.00 273920768.00
2012/01/09 2.703 2.768 2.654 2.760 120704456.00 403014560.00
2012/01/10 2.758 2.823 2.741 2.798 181754096.00 622835520.00
2012/01/11 2.821 2.895 2.797 2.870 213836128.00 750858112.00
2012/01/12 2.865 2.931 2.857 2.898 168249024.00 599918656.00
2012/01/13 2.913 2.953 2.880 2.953 159765424.00 574705600.00
2012/01/16 2.918 2.950 2.885 2.934 121035384.00 434216960.00
2012/01/17 2.972 3.078 2.956 3.070 340045504.00 1268455424.00
2012/01/18 3.069 3.077 2.995 3.020 193667264.00 719610240.00
2012/01/19 3.044 3.085 3.036 3.076 177971872.00 669537472.00
2012/01/20 3.107 3.107 3.026 3.059 170598352.00 641354496.00
2012/01/26 3.107 3.156 3.075 3.148 202080224.00 774156928.00
2012/01/27 3.140 3.173 3.124 3.164 149298480.00 578172672.00
2012/01/30 3.138 3.163 3.041 3.049 173063008.00 656925568.00
2012/01/31 3.092 3.132 3.076 3.116 136508816.00 520463648.00
2012/02/01 3.132 3.149 3.075 3.092 79740208.00 304457216.00
2012/02/02 3.132 3.172 3.123 3.172 171894064.00 666989504.00
2012/02/03 3.165 3.206 3.149 3.189 134373088.00 525681696.00
2012/02/06 3.222 3.239 3.100 3.125 124354384.00 482455264.00
2012/02/07 3.134 3.174 3.093 3.126 91875888.00 352055008.00
2012/02/08 3.154 3.186 3.121 3.170 110012256.00 428248384.00
2012/02/09 3.120 3.169 3.104 3.145 143432704.00 553439488.00
2012/02/10 3.116 3.124 2.978 3.035 326309472.00 1224979968.00
2012/02/13 3.043 3.043 2.970 3.003 276935648.00 1024571904.00
2012/02/14 2.995 3.036 2.987 3.020 95150320.00 352764576.00
2012/02/15 3.037 3.085 2.988 3.069 184632096.00 694827648.00
2012/02/16 3.038 3.063 3.006 3.046 118242336.00 441796608.00
2012/02/17 3.069 3.085 3.028 3.061 101617848.00 381841280.00
2012/02/20 3.125 3.125 3.052 3.060 158946016.00 606985344.00
2012/02/21 3.053 3.069 3.012 3.061 120784960.00 452825728.00
2012/02/22 3.022 3.103 3.022 3.095 108710384.00 410929824.00
2012/02/23 3.056 3.080 3.040 3.048 104220208.00 391162432.00
2012/02/24 3.036 3.045 2.996 3.012 124228352.00 461084640.00
2012/02/27 2.997 3.038 2.973 2.989 116116544.00 429027296.00
2012/02/28 3.012 3.085 2.996 3.085 199817280.00 751130688.00
2012/02/29 3.099 3.140 3.067 3.132 261521824.00 1003644288.00
2012/03/01 3.120 3.128 3.047 3.055 81312040.00 308737600.00
2012/03/02 3.086 3.118 3.045 3.062 125335864.00 473521248.00
2012/03/05 3.035 3.075 3.010 3.026 92096680.00 342817088.00
2012/03/06 3.009 3.017 2.952 2.969 153955040.00 563620224.00
2012/03/07 2.964 2.989 2.932 2.948 97072496.00 352912672.00
2012/03/08 2.965 3.030 2.965 3.022 105655016.00 389516000.00
2012/03/09 3.049 3.081 3.032 3.049 179133984.00 672377216.00
2012/03/12 3.043 3.083 3.002 3.034 82942640.00 308295264.00
2012/03/13 3.050 3.082 3.042 3.050 58441480.00 219642288.00
2012/03/14 3.093 3.133 3.036 3.044 155602880.00 588417472.00
2012/03/15 3.020 3.061 3.012 3.036 85799432.00 318800096.00
2012/03/16 2.996 3.029 2.988 3.013 107107424.00 396104352.00
2012/03/19 3.007 3.007 2.925 2.942 109225984.00 398798784.00
2012/03/20 2.923 2.939 2.858 2.890 157796976.00 563567744.00
2012/03/21 2.893 2.917 2.844 2.893 177413120.00 629900608.00
2012/03/22 2.921 2.946 2.848 2.857 210683312.00 749341376.00
2012/03/23 2.794 2.794 2.721 2.762 407596768.00 1383311488.00
2012/03/26 2.735 2.735 2.662 2.695 339395840.00 1128827776.00
2012/03/27 2.726 2.775 2.726 2.767 170945088.00 582608000.00
2012/03/28 2.755 2.755 2.706 2.714 74526528.00 250732368.00
2012/03/29 2.675 2.699 2.634 2.651 207822400.00 681829632.00
2012/03/30 2.618 2.716 2.618 2.699 138118112.00 457224800.00
2012/04/02 2.708 2.724 2.667 2.708 69413960.00 230889328.00
2012/04/03 2.724 2.789 2.716 2.772 113583400.00 386476032.00
2012/04/05 2.695 2.736 2.679 2.703 141791936.00 472528768.00
2012/04/10 2.663 2.696 2.663 2.671 83002120.00 273380480.00
2012/04/11 2.646 2.694 2.605 2.686 90373768.00 296011680.00
2012/04/12 2.709 2.766 2.685 2.726 169225168.00 569762624.00
2012/04/13 2.835 2.908 2.794 2.884 368829120.00 1298370176.00
2012/04/16 2.840 2.921 2.816 2.856 199524480.00 703800320.00
2012/04/17 2.854 2.854 2.765 2.829 115741448.00 400860096.00
2012/04/18 2.864 2.920 2.831 2.872 164822672.00 584632256.00
2012/04/19 2.890 2.914 2.874 2.906 107713088.00 384245856.00
2012/04/20 2.899 2.924 2.867 2.916 61252624.00 218660976.00
2012/04/23 2.921 2.929 2.823 2.840 105807592.00 375746272.00
2012/04/24 2.841 2.882 2.817 2.849 90794072.00 319133888.00
2012/04/25 2.879 2.911 2.862 2.895 125998872.00 449609280.00
2012/04/26 2.907 2.947 2.882 2.931 123570568.00 445345088.00
2012/04/27 2.937 2.954 2.897 2.929 114303880.00 413431680.00
2012/04/30 2.970 2.986 2.962 2.986 116317056.00 427527328.00
2012/05/02 2.981 3.005 2.924 2.949 183046176.00 670889920.00
2012/05/03 2.933 2.933 2.853 2.877 121011864.00 432867936.00
2012/05/04 2.861 2.902 2.853 2.886 92392600.00 329119200.00
2012/05/07 2.826 2.850 2.810 2.834 114918968.00 401581184.00
2012/05/08 2.840 2.848 2.783 2.799 119650576.00 415449312.00
2012/05/09 2.770 2.786 2.754 2.770 85343320.00 291747456.00
2012/05/10 2.757 2.805 2.732 2.757 90474160.00 307567840.00
2012/05/11 2.725 2.733 2.684 2.709 150435216.00 501473280.00
2012/05/14 2.744 2.760 2.671 2.679 112993992.00 377603488.00
2012/05/15 2.682 2.731 2.649 2.706 121778752.00 404009504.00
2012/05/16 2.661 2.726 2.661 2.661 191566720.00 632905600.00
2012/05/17 2.711 2.711 2.670 2.686 106257704.00 350803520.00
2012/05/18 2.636 2.636 2.546 2.627 188404368.00 602475392.00
2012/05/21 2.617 2.649 2.568 2.601 150363728.00 479959968.00
2012/05/22 2.624 2.640 2.608 2.616 99440360.00 320844512.00
2012/05/23 2.605 2.629 2.564 2.605 90490200.00 289358464.00
2012/05/24 2.598 2.615 2.549 2.574 115514512.00 365194976.00
2012/05/25 2.583 2.583 2.510 2.534 172453664.00 536380864.00
2012/05/28 2.534 2.599 2.526 2.583 79098712.00 249485872.00
2012/05/29 2.575 2.673 2.575 2.648 105003584.00 339484160.00
2012/05/30 2.633 2.633 2.519 2.544 292541120.00 916877760.00
2012/05/31 2.472 2.586 2.472 2.562 436819712.00 1354929792.00
2012/06/01 2.520 2.552 2.520 2.536 178385152.00 555557952.00
2012/06/04 2.478 2.519 2.470 2.519 92310848.00 282662944.00
2012/06/05 2.559 2.559 2.518 2.534 80476024.00 251007504.00
2012/06/06 2.560 2.593 2.536 2.560 123068640.00 387263200.00
2012/06/07 2.605 2.622 2.565 2.573 108071680.00 343734720.00
2012/06/08 2.582 2.590 2.468 2.476 373367296.00 1145648640.00
2012/06/11 2.532 2.549 2.500 2.532 165637232.00 514151104.00
2012/06/12 2.382 2.406 2.366 2.390 133822192.00 391982944.00
2012/06/13 2.406 2.406 2.365 2.373 104643544.00 304525504.00
2012/06/14 2.386 2.403 2.346 2.378 106657216.00 311531200.00
2012/06/15 2.382 2.480 2.374 2.472 184560096.00 552399104.00
2012/06/18 2.517 2.533 2.468 2.485 118906064.00 365954400.00
2012/06/19 2.485 2.501 2.453 2.477 77205008.00 235333504.00
2012/06/20 2.485 2.509 2.477 2.485 91667200.00 281414464.00
2012/06/21 2.486 2.486 2.462 2.470 57328904.00 174480528.00
2012/06/22 2.421 2.462 2.421 2.437 62656000.00 188061904.00
2012/06/25 2.444 2.452 2.404 2.404 66905332.00 199146304.00
2012/06/26 2.403 2.419 2.395 2.419 63743920.00 188611200.00
2012/06/27 2.418 2.483 2.402 2.459 96667488.00 291878304.00
2012/06/28 2.468 2.492 2.427 2.427 74276336.00 222967136.00
2012/06/29 2.438 2.527 2.438 2.519 144261888.00 443871488.00
2012/07/03 2.557 2.606 2.541 2.590 194048976.00 614511616.00
2012/07/04 2.605 2.621 2.580 2.605 153723744.00 491100192.00
2012/07/05 2.591 2.624 2.567 2.600 67708240.00 216080352.00
2012/07/06 2.545 2.569 2.520 2.537 153544720.00 477192480.00
2012/07/09 2.490 2.530 2.457 2.481 123358880.00 375196320.00
2012/07/10 2.486 2.510 2.461 2.477 87816880.00 266781600.00
2012/07/11 2.462 2.462 2.413 2.462 77948896.00 233844320.00
2012/07/12 2.437 2.437 2.380 2.397 107089504.00 316299456.00
2012/07/13 2.413 2.438 2.365 2.389 157683792.00 463755456.00
2012/07/16 2.404 2.404 2.355 2.379 80512624.00 234668320.00
2012/07/17 2.378 2.435 2.378 2.411 102858448.00 304585984.00
2012/07/18 2.410 2.426 2.393 2.401 75131264.00 222359264.00
2012/07/19 2.417 2.482 2.417 2.474 115389448.00 347979840.00
2012/07/20 2.457 2.498 2.441 2.490 83963408.00 254277632.00
2012/07/23 2.447 2.455 2.423 2.439 84583880.00 252995568.00
2012/07/24 2.441 2.474 2.417 2.425 38582684.00 115203408.00
2012/07/25 2.428 2.469 2.420 2.453 75746512.00 227140496.00
2012/07/26 2.451 2.467 2.435 2.443 40845120.00 122375872.00
2012/07/27 2.481 2.514 2.481 2.506 145778944.00 446778048.00
2012/07/30 2.571 2.571 2.538 2.554 130090768.00 407206016.00
2012/07/31 2.547 2.588 2.539 2.580 157707888.00 494222048.00
2012/08/01 2.555 2.613 2.539 2.588 136487360.00 432371712.00
2012/08/02 2.599 2.608 2.542 2.575 75136560.00 236173392.00
2012/08/03 2.552 2.576 2.535 2.568 57067064.00 178113248.00
2012/08/06 2.623 2.623 2.590 2.606 100287280.00 320124224.00
2012/08/07 2.597 2.621 2.597 2.605 53131184.00 169891680.00
2012/08/08 2.623 2.632 2.599 2.615 49150704.00 157074656.00
2012/08/09 2.624 2.656 2.615 2.640 79661800.00 256631552.00
2012/08/10 2.634 2.642 2.552 2.601 98671752.00 312462080.00
2012/08/13 2.618 2.618 2.552 2.569 99106304.00 312062208.00
2012/08/14 2.593 2.609 2.560 2.601 62796144.00 198689392.00
2012/08/15 2.586 2.611 2.570 2.578 61560232.00 194367184.00
2012/08/16 2.578 2.587 2.529 2.554 85370616.00 266011632.00
2012/08/17 2.560 2.568 2.544 2.552 99999488.00 312153664.00
2012/08/20 2.553 2.553 2.512 2.529 72705008.00 224379616.00
2012/08/21 2.526 2.543 2.510 2.526 115434176.00 356147520.00
2012/08/22 2.515 2.524 2.483 2.499 78614552.00 240604976.00
2012/08/23 2.506 2.531 2.506 2.531 113563440.00 350171936.00
2012/08/24 2.497 2.522 2.489 2.506 41407864.00 127035376.00
2012/08/27 2.501 2.509 2.460 2.468 70452064.00 213536320.00
2012/08/28 2.461 2.477 2.445 2.453 80529552.00 241886768.00
2012/08/29 2.468 2.468 2.419 2.427 86447760.00 257850288.00
2012/08/30 2.437 2.437 2.355 2.364 280990272.00 818074880.00
2012/08/31 2.364 2.364 2.323 2.340 198086560.00 566619840.00
2012/09/03 2.314 2.363 2.306 2.338 80780912.00 231356560.00
2012/09/04 2.321 2.338 2.297 2.297 78805792.00 223406048.00
2012/09/05 2.283 2.291 2.250 2.258 171182096.00 473660768.00
2012/09/06 2.249 2.282 2.225 2.249 134658496.00 369971904.00
2012/09/07 2.289 2.346 2.281 2.322 180689552.00 511702528.00
2012/09/10 2.329 2.337 2.296 2.304 100421744.00 283994240.00
2012/09/11 2.297 2.297 2.256 2.281 149248736.00 415573440.00
2012/09/12 2.296 2.320 2.288 2.304 103174496.00 290279680.00
2012/09/13 2.295 2.303 2.271 2.271 135677408.00 379641472.00
2012/09/14 2.327 2.401 2.327 2.392 313377088.00 911596288.00
2012/09/17 2.401 2.433 2.368 2.417 339208544.00 993811328.00
2012/09/18 2.403 2.411 2.370 2.386 86654504.00 253738656.00
2012/09/19 2.388 2.453 2.388 2.437 122151720.00 363316352.00
2012/09/20 2.444 2.477 2.436 2.461 263658992.00 793024192.00
2012/09/21 2.487 2.511 2.471 2.479 252649264.00 768594688.00
2012/09/24 2.462 2.486 2.437 2.470 81860312.00 246468192.00
2012/09/25 2.463 2.479 2.430 2.446 73583616.00 219681888.00
2012/09/26 2.414 2.430 2.397 2.414 104482384.00 307794784.00
2012/09/27 2.414 2.472 2.414 2.472 128651856.00 385141888.00
2012/09/28 2.453 2.503 2.437 2.470 131195664.00 397252256.00
2012/10/03 2.470 2.511 2.470 2.494 79868504.00 243415072.00
2012/10/04 2.478 2.511 2.470 2.494 56491128.00 172477664.00
2012/10/05 2.519 2.527 2.494 2.527 74823816.00 230020448.00
2012/10/08 2.520 2.520 2.479 2.495 59318500.00 181466704.00
2012/10/09 2.512 2.545 2.512 2.512 106554608.00 329599520.00
2012/10/10 2.496 2.537 2.480 2.537 56332748.00 173805008.00
2012/10/11 2.527 2.608 2.510 2.600 285515904.00 901409728.00
2012/10/12 2.611 2.660 2.603 2.628 210208464.00 677506112.00
2012/10/15 2.622 2.654 2.613 2.622 133519072.00 431112096.00
2012/10/16 2.613 2.630 2.565 2.589 138304224.00 440758496.00
2012/10/17 2.626 2.643 2.602 2.635 172252368.00 556558720.00
2012/10/18 2.650 2.683 2.642 2.675 168234816.00 551347904.00
2012/10/19 2.685 2.685 2.660 2.676 122519992.00 402649952.00
2012/10/22 2.677 2.751 2.653 2.726 178644672.00 594614720.00
2012/10/24 2.719 2.743 2.686 2.719 124369760.00 415387264.00
2012/10/25 2.701 2.725 2.644 2.676 175982000.00 578632512.00
2012/10/26 2.691 2.699 2.585 2.634 133950120.00 434986592.00
2012/10/29 2.658 2.723 2.641 2.715 216009840.00 718919488.00
2012/10/30 2.741 2.741 2.667 2.692 136846240.00 453582080.00
2012/10/31 2.748 2.748 2.707 2.731 123894976.00 414968672.00
2012/11/01 2.708 2.765 2.691 2.765 180696608.00 608816512.00
2012/11/02 2.806 2.823 2.782 2.815 220980240.00 761364992.00
2012/11/05 2.800 2.816 2.759 2.776 125741112.00 429746432.00
2012/11/06 2.800 2.832 2.759 2.816 120978296.00 416096064.00
2012/11/07 2.832 2.832 2.767 2.799 146399504.00 502643008.00
2012/11/08 2.750 2.783 2.742 2.750 101912928.00 345431072.00
2012/11/09 2.707 2.740 2.691 2.707 135655040.00 452355520.00
2012/11/12 2.719 2.728 2.695 2.703 93020584.00 310935968.00
2012/11/13 2.718 2.718 2.637 2.653 128560368.00 422211744.00
2012/11/14 2.669 2.742 2.661 2.734 144308080.00 483234880.00
2012/11/15 2.703 2.711 2.662 2.670 114126792.00 376632320.00
2012/11/16 2.672 2.696 2.647 2.680 68924552.00 226940272.00
2012/11/19 2.697 2.705 2.657 2.681 65757356.00 217029232.00
2012/11/20 2.711 2.719 2.663 2.671 73621792.00 243678848.00
2012/11/21 2.679 2.727 2.654 2.719 93174456.00 309635296.00
2012/11/22 2.711 2.728 2.695 2.719 99128664.00 331784544.00
2012/11/23 2.703 2.759 2.703 2.751 119478664.00 403868192.00
2012/11/26 2.767 2.767 2.726 2.742 57219212.00 193456784.00
2012/11/27 2.749 2.765 2.741 2.757 71869480.00 244114688.00
2012/11/28 2.727 2.735 2.695 2.719 108992312.00 363700896.00
2012/11/29 2.727 2.760 2.727 2.736 91591696.00 308928992.00
2012/11/30 2.743 2.775 2.743 2.759 116794960.00 396641984.00
2012/12/03 2.760 2.768 2.687 2.711 89673504.00 300633600.00
2012/12/04 2.673 2.689 2.649 2.689 108213000.00 360496576.00
2012/12/05 2.718 2.791 2.710 2.783 279078880.00 950808064.00
2012/12/06 2.792 2.801 2.752 2.784 114758920.00 392718208.00
2012/12/07 2.793 2.818 2.777 2.809 159984016.00 551566144.00
2012/12/10 2.817 2.866 2.817 2.858 164846208.00 579753536.00
2012/12/11 2.890 2.898 2.857 2.865 140635632.00 499015776.00
2012/12/12 2.897 3.002 2.889 3.002 332483296.00 1214102528.00
2012/12/13 3.043 3.059 2.978 3.010 266464384.00 993188224.00
2012/12/14 2.988 3.093 2.980 3.085 261535424.00 987780864.00
2012/12/17 3.084 3.084 3.003 3.027 152150832.00 568757824.00
2012/12/18 3.067 3.083 3.026 3.051 98292256.00 370010592.00
2012/12/19 3.074 3.123 3.058 3.099 142880160.00 545284736.00
2012/12/20 3.115 3.124 3.042 3.115 164458016.00 627639232.00
2012/12/21 3.140 3.140 3.026 3.059 199887632.00 757141248.00
2012/12/24 3.077 3.101 3.060 3.085 43992860.00 166685600.00
2012/12/27 3.127 3.135 3.086 3.111 60683856.00 232407104.00
2012/12/28 3.124 3.124 3.083 3.108 61342960.00 234676352.00
2012/12/31 3.097 3.122 3.081 3.106 25084768.00 96023696.00
2013/01/02 3.130 3.203 3.130 3.195 148432768.00 580066176.00
2013/01/03 3.219 3.219 3.162 3.211 117680384.00 463499168.00
2013/01/04 3.213 3.221 3.165 3.205 92692712.00 364293824.00
2013/01/07 3.228 3.236 3.172 3.196 85157056.00 335658304.00
2013/01/08 3.168 3.192 3.119 3.128 96861456.00 375943712.00
2013/01/09 3.120 3.217 3.120 3.201 123616720.00 487432416.00
2013/01/10 3.216 3.256 3.183 3.232 190131200.00 759765312.00
2013/01/11 3.252 3.277 3.188 3.212 95780768.00 381796032.00
2013/01/14 3.227 3.259 3.219 3.251 112539544.00 451176000.00
2013/01/15 3.243 3.275 3.235 3.259 71446912.00 287924736.00
2013/01/16 3.254 3.254 3.156 3.197 216481952.00 852606016.00
2013/01/17 3.214 3.222 3.149 3.174 135615856.00 532355616.00
2013/01/18 3.205 3.254 3.205 3.246 224382752.00 896113344.00
2013/01/21 3.256 3.296 3.248 3.288 184849440.00 748572096.00
2013/01/22 3.296 3.345 3.272 3.345 163088064.00 669202304.00
2013/01/23 3.359 3.384 3.335 3.367 211306240.00 875447680.00
2013/01/24 3.344 3.417 3.328 3.409 203689360.00 853573952.00
2013/01/25 3.443 3.443 3.362 3.418 220011488.00 921477376.00
2013/01/28 3.402 3.443 3.386 3.410 121548944.00 510908896.00
2013/01/29 3.403 3.411 3.346 3.370 133184560.00 553724416.00
2013/01/30 3.392 3.408 3.376 3.400 123790184.00 520024736.00
2013/01/31 3.375 3.424 3.335 3.416 154076000.00 645447360.00
2013/02/01 3.411 3.524 3.386 3.524 207604928.00 888763200.00
2013/02/04 3.533 3.598 3.509 3.550 159695088.00 701468992.00
2013/02/05 3.501 3.501 3.388 3.412 214150048.00 904009216.00
2013/02/06 3.446 3.446 3.406 3.422 76838464.00 324839872.00
2013/02/07 3.407 3.407 3.293 3.318 216909712.00 892026880.00
2013/02/08 3.279 3.336 3.263 3.319 132240896.00 539369664.00
2013/02/14 3.376 3.473 3.344 3.433 121498144.00 515037600.00
2013/02/15 3.481 3.481 3.417 3.425 68009824.00 288737536.00
2013/02/18 3.443 3.459 3.354 3.394 67445264.00 282767200.00
2013/02/19 3.370 3.427 3.330 3.330 78451704.00 325630880.00
2013/02/20 3.329 3.402 3.304 3.394 77742464.00 322428096.00
2013/02/21 3.347 3.363 3.250 3.290 195369872.00 793207232.00
2013/02/22 3.283 3.291 3.234 3.243 123058688.00 495189696.00
2013/02/25 3.268 3.292 3.235 3.243 66113932.00 265439408.00
2013/02/26 3.193 3.250 3.152 3.169 151608352.00 595928768.00
2013/02/27 3.191 3.216 3.135 3.167 85224000.00 333683744.00
2013/02/28 3.213 3.262 3.181 3.237 133393720.00 531761504.00
2013/03/01 3.215 3.255 3.206 3.215 71938392.00 286343872.00
2013/03/04 3.192 3.208 3.127 3.135 132963256.00 516421984.00
2013/03/05 3.150 3.190 3.142 3.150 114842384.00 448393952.00
2013/03/06 3.220 3.268 3.196 3.220 129900480.00 519351200.00
2013/03/07 3.197 3.222 3.165 3.181 83302144.00 328285888.00
2013/03/08 3.202 3.250 3.194 3.226 92763864.00 370650016.00
2013/03/11 3.237 3.253 3.188 3.213 92588272.00 368731136.00
2013/03/12 3.211 3.236 3.147 3.155 127631096.00 503856032.00
2013/03/13 3.146 3.154 3.081 3.089 142728192.00 547670720.00
2013/03/14 3.082 3.122 3.041 3.098 207897152.00 790072064.00
2013/03/15 3.105 3.153 3.048 3.072 185136208.00 707739008.00
2013/03/18 2.991 3.032 2.951 3.007 218106992.00 805805184.00
2013/03/19 2.976 3.024 2.968 3.000 104166624.00 386632832.00
2013/03/20 2.974 3.087 2.966 3.063 162858336.00 616321984.00
2013/03/21 3.111 3.119 3.063 3.079 140100224.00 535050592.00
2013/03/22 3.070 3.086 3.021 3.046 97846192.00 369274464.00
2013/03/25 3.069 3.101 3.061 3.077 92315576.00 351920864.00
2013/03/26 3.054 3.087 3.046 3.054 116763320.00 442398240.00
2013/03/27 3.072 3.104 3.064 3.072 114734752.00 437152000.00
2013/03/28 3.031 3.039 2.950 3.007 218300608.00 807215296.00
2013/04/02 2.999 3.064 2.902 2.943 185317504.00 680203200.00
2013/04/03 2.968 2.968 2.863 2.904 196658112.00 707286784.00
2013/04/05 2.912 2.912 2.823 2.831 148804064.00 524827744.00
2013/04/08 2.832 2.872 2.824 2.840 91554104.00 323816032.00
2013/04/09 2.872 2.888 2.856 2.856 113594112.00 403747040.00
2013/04/10 2.868 2.876 2.804 2.820 219864768.00 770395200.00
2013/04/11 2.838 2.886 2.830 2.846 200265696.00 711265856.00
2013/04/12 2.867 2.883 2.827 2.835 120956312.00 427937792.00
2013/04/15 2.808 2.840 2.784 2.792 109055336.00 379149344.00
2013/04/16 2.774 2.830 2.758 2.798 101496560.00 353500992.00
2013/04/17 2.795 2.811 2.723 2.731 274064320.00 938171456.00
2013/04/18 2.710 2.758 2.710 2.734 120494864.00 410117920.00
2013/04/19 2.741 2.861 2.732 2.837 185910640.00 650694784.00
2013/04/22 2.846 2.862 2.830 2.838 103587664.00 366448448.00
2013/04/23 2.851 2.851 2.739 2.771 182413072.00 627199232.00
2013/04/24 2.812 2.860 2.772 2.860 170442304.00 602346432.00
2013/04/25 2.897 2.953 2.865 2.913 241676736.00 878844800.00
2013/04/26 2.964 2.988 2.948 2.956 151143632.00 558822144.00
2013/04/29 2.948 2.964 2.900 2.916 150493440.00 548594432.00
2013/04/30 2.956 2.988 2.940 2.972 104265584.00 386200640.00
2013/05/02 2.960 2.968 2.920 2.960 87709648.00 323715584.00
2013/05/03 2.988 3.004 2.947 2.980 108816696.00 405560192.00
2013/05/06 3.026 3.034 2.994 3.010 61794524.00 232704112.00
2013/05/07 2.992 3.040 2.976 3.032 100399104.00 377671360.00
2013/05/08 3.059 3.075 3.027 3.067 128449736.00 491047680.00
2013/05/09 3.081 3.088 3.041 3.057 79960832.00 306668384.00
2013/05/10 3.069 3.109 3.053 3.093 128971336.00 497371840.00
2013/05/13 3.111 3.111 3.023 3.039 99377312.00 379156352.00
2013/05/14 3.061 3.069 2.989 3.005 98458176.00 370342432.00
2013/05/15 3.039 3.063 3.015 3.031 87818568.00 333475264.00
2013/05/16 3.024 3.040 2.984 3.000 77537792.00 291604064.00
2013/05/20 3.035 3.075 3.003 3.011 121809600.00 463130624.00
2013/05/21 2.983 2.991 2.959 2.983 139399616.00 519841984.00
2013/05/22 2.983 3.015 2.959 2.999 64866200.00 243457248.00
2013/05/23 2.993 2.993 2.921 2.929 119225000.00 439298688.00
2013/05/24 2.917 2.949 2.901 2.909 79357480.00 290969760.00
2013/05/27 2.898 2.914 2.874 2.906 93919216.00 341670528.00
2013/05/28 2.890 2.970 2.890 2.962 98501368.00 363820064.00
2013/05/29 2.932 2.956 2.916 2.924 79706952.00 293266784.00
2013/05/30 2.922 2.946 2.874 2.906 101265232.00 370303936.00
2013/05/31 2.905 2.929 2.874 2.897 114346624.00 415670432.00
2013/06/03 2.898 2.922 2.874 2.882 76324744.00 276838176.00
2013/06/04 2.879 2.887 2.839 2.871 95770648.00 344316192.00
2013/06/05 2.849 2.857 2.825 2.857 90518984.00 323251584.00
2013/06/06 2.824 2.856 2.800 2.816 94848976.00 336186944.00
2013/06/07 2.826 2.850 2.778 2.794 75465120.00 266009488.00
2013/06/10 2.802 2.826 2.770 2.786 70205232.00 247199312.00
2013/06/11 2.755 2.778 2.723 2.739 95966832.00 331187968.00
2013/06/13 2.722 2.722 2.642 2.666 177028944.00 594763840.00
2013/06/14 2.682 2.706 2.658 2.674 118701360.00 400937664.00
2013/06/17 2.707 2.730 2.683 2.722 113023320.00 387225024.00
2013/06/18 2.725 2.733 2.701 2.725 101716008.00 348173856.00
2013/06/19 2.727 2.743 2.679 2.687 173554784.00 589514240.00
2013/06/20 2.489 2.489 2.434 2.457 255893664.00 791900096.00
2013/06/21 2.405 2.493 2.381 2.453 455571040.00 1399170944.00
2013/06/24 2.430 2.438 2.374 2.382 215795552.00 647913984.00
2013/06/25 2.365 2.436 2.341 2.396 239284224.00 718904512.00
2013/06/26 2.477 2.533 2.445 2.501 335707104.00 1046649920.00
2013/06/27 2.525 2.589 2.485 2.517 169505744.00 539866368.00
2013/06/28 2.557 2.565 2.517 2.549 160562096.00 511948160.00
2013/07/02 2.588 2.588 2.493 2.509 153145968.00 485742112.00
2013/07/03 2.511 2.511 2.391 2.399 275785760.00 837548160.00
2013/07/04 2.429 2.453 2.397 2.413 144018960.00 437864320.00
2013/07/05 2.438 2.478 2.438 2.454 136221984.00 420441888.00
2013/07/08 2.423 2.447 2.391 2.415 145695696.00 442538528.00
2013/07/09 2.412 2.444 2.404 2.412 74706296.00 227015552.00
2013/07/10 2.424 2.464 2.408 2.448 116654584.00 358505600.00
2013/07/11 2.486 2.557 2.478 2.533 207418368.00 659609152.00
2013/07/12 2.543 2.551 2.487 2.503 150035392.00 474793280.00
2013/07/15 2.504 2.528 2.480 2.496 107711176.00 338930976.00
2013/07/16 2.505 2.521 2.465 2.497 68525024.00 215266080.00
2013/07/17 2.487 2.511 2.472 2.479 125571456.00 393495328.00
2013/07/18 2.498 2.506 2.466 2.482 147935600.00 461667584.00
2013/07/19 2.491 2.491 2.444 2.452 134690816.00 416282176.00
2013/07/22 2.458 2.466 2.419 2.435 98858800.00 302952864.00
2013/07/23 2.457 2.529 2.457 2.521 396334176.00 1248192896.00
2013/07/24 2.529 2.553 2.497 2.545 251710064.00 797978880.00
2013/07/25 2.540 2.556 2.524 2.540 112856896.00 359566528.00
2013/07/26 2.538 2.562 2.506 2.538 87991648.00 280534624.00
2013/07/29 2.530 2.530 2.498 2.498 90487904.00 285292096.00
2013/07/30 2.508 2.540 2.492 2.508 85162536.00 268811040.00
2013/07/31 2.494 2.526 2.470 2.502 121528872.00 380825376.00
2013/08/01 2.493 2.517 2.469 2.485 119316232.00 373565280.00
2013/08/02 2.511 2.527 2.471 2.511 148271888.00 464197664.00
2013/08/05 2.509 2.532 2.501 2.517 60591712.00 191504736.00
2013/08/06 2.484 2.524 2.468 2.516 96708888.00 303356352.00
2013/08/07 2.491 2.515 2.459 2.475 96848656.00 301885664.00
2013/08/08 2.490 2.490 2.466 2.466 39442100.00 122701024.00
2013/08/09 2.481 2.497 2.465 2.481 74883256.00 233127744.00
2013/08/12 2.489 2.592 2.473 2.576 208772464.00 671020608.00
2013/08/13 2.586 2.721 2.578 2.721 430510752.00 1449507072.00
2013/08/15 2.713 2.784 2.697 2.736 328745664.00 1136234112.00
2013/08/16 2.696 2.823 2.688 2.783 228854512.00 792651392.00
2013/08/19 2.761 2.785 2.737 2.745 93879608.00 325211648.00
2013/08/20 2.721 2.745 2.641 2.673 162686896.00 547750592.00
2013/08/21 2.680 2.688 2.601 2.640 114506120.00 380550528.00
2013/08/22 2.586 2.697 2.586 2.689 112133312.00 375825024.00
2013/08/23 2.705 2.745 2.666 2.674 100160896.00 340161248.00
2013/08/26 2.680 2.720 2.672 2.704 86629000.00 294086496.00
2013/08/27 2.673 2.696 2.633 2.657 88719864.00 296922496.00
2013/08/28 2.632 2.647 2.592 2.616 147145200.00 482864032.00
2013/08/29 2.649 2.705 2.649 2.673 147582624.00 495496640.00
2013/08/30 2.658 2.697 2.626 2.650 83677728.00 278912096.00
2013/09/02 2.681 2.737 2.681 2.713 193281152.00 658424768.00
2013/09/03 2.722 2.786 2.722 2.770 182716448.00 635057088.00
2013/09/04 2.730 2.802 2.714 2.786 218827616.00 760940032.00
2013/09/05 2.816 2.824 2.768 2.776 134938720.00 474777376.00
2013/09/06 2.770 2.794 2.754 2.778 81791920.00 285075360.00
2013/09/09 2.822 2.909 2.798 2.901 316654368.00 1145705600.00
2013/09/10 2.924 2.956 2.908 2.948 250770368.00 927944896.00
2013/09/11 2.971 2.979 2.892 2.915 136280800.00 501167488.00
2013/09/12 2.930 2.954 2.914 2.930 107448816.00 397345216.00
2013/09/13 2.907 2.914 2.835 2.875 121573400.00 439024416.00
2013/09/16 2.921 2.953 2.913 2.945 117236128.00 432784160.00
2013/09/17 2.954 2.954 2.890 2.914 103360752.00 379079264.00
2013/09/18 2.913 2.921 2.874 2.890 93140192.00 339290976.00
2013/09/19 2.953 2.977 2.945 2.961 198767088.00 740582720.00
2013/09/23 2.957 2.973 2.918 2.949 80759168.00 299853152.00
2013/09/24 2.966 2.966 2.902 2.926 94440712.00 348803776.00
2013/09/25 2.911 2.951 2.911 2.935 83991600.00 310113696.00
2013/09/26 2.957 2.957 2.902 2.918 86110792.00 316685600.00
2013/09/27 2.934 2.934 2.855 2.887 136360096.00 495596512.00
2013/09/30 2.838 2.854 2.799 2.831 111126464.00 396517824.00
2013/10/02 2.878 2.878 2.823 2.831 94211856.00 338775488.00
2013/10/03 2.854 2.886 2.838 2.886 49967028.00 180922368.00
2013/10/04 2.846 2.894 2.831 2.886 54292588.00 196863504.00
2013/10/07 2.870 2.886 2.838 2.878 64633120.00 233486224.00
2013/10/08 2.875 2.923 2.843 2.891 53111924.00 193915216.00
2013/10/09 2.844 2.884 2.844 2.876 55587344.00 201242448.00
2013/10/10 2.900 2.900 2.829 2.869 86294336.00 310675840.00
2013/10/11 2.924 2.940 2.885 2.893 73032000.00 267486528.00
2013/10/15 2.938 2.938 2.906 2.930 82609032.00 304961760.00
2013/10/16 2.938 2.938 2.890 2.914 77377672.00 283872224.00
2013/10/17 2.923 2.939 2.860 2.876 87771520.00 319967840.00
2013/10/18 2.897 2.897 2.857 2.889 134493280.00 488985472.00
2013/10/21 2.904 2.920 2.872 2.888 91633528.00 335892064.00
2013/10/22 2.914 2.914 2.867 2.890 87937504.00 320635616.00
2013/10/23 2.903 2.927 2.816 2.832 112547504.00 408572800.00
2013/10/24 2.808 2.808 2.769 2.793 170429872.00 600473408.00
2013/10/25 2.761 2.792 2.745 2.753 136636800.00 477220224.00
2013/10/28 2.737 2.785 2.737 2.753 73209872.00 255436400.00
2013/10/29 2.778 2.865 2.755 2.842 179336496.00 639718976.00
2013/10/30 2.875 2.962 2.844 2.923 290901056.00 1072057088.00
2013/10/31 2.923 2.971 2.916 2.955 195848768.00 725956928.00
2013/11/01 2.972 3.028 2.941 2.988 191672128.00 723915648.00
2013/11/04 3.014 3.030 2.990 2.990 101042400.00 383289408.00
2013/11/05 3.012 3.012 2.941 2.973 102993824.00 385915968.00
2013/11/06 2.966 2.982 2.918 2.934 133697112.00 497447584.00
2013/11/07 2.909 2.917 2.886 2.909 109550880.00 401615360.00
2013/11/08 2.873 2.921 2.873 2.889 83498400.00 305250880.00
2013/11/11 2.859 2.970 2.859 2.946 103802096.00 383053664.00
2013/11/12 2.960 2.960 2.928 2.936 72223040.00 268550336.00
2013/11/13 2.920 2.920 2.840 2.864 215739600.00 782281472.00
2013/11/14 2.879 2.902 2.863 2.886 78129720.00 285337728.00
2013/11/15 2.912 2.983 2.912 2.983 173540192.00 649535616.00
2013/11/18 3.053 3.140 3.053 3.132 410128128.00 1604526464.00
2013/11/19 3.164 3.235 3.108 3.140 439628448.00 1753225088.00
2013/11/20 3.148 3.187 3.140 3.148 119182016.00 474770240.00
2013/11/21 3.151 3.151 3.064 3.111 173604592.00 680981888.00
2013/11/22 3.159 3.159 3.096 3.127 119973392.00 473943200.00
2013/11/25 3.165 3.165 3.110 3.117 115521568.00 459096416.00
2013/11/26 3.110 3.142 3.094 3.102 76094888.00 299322688.00
2013/11/27 3.101 3.157 3.093 3.149 89767296.00 355831424.00
2013/11/28 3.165 3.197 3.102 3.133 93483824.00 372818112.00
2013/11/29 3.140 3.156 3.117 3.148 75790944.00 300503296.00
2013/12/02 3.148 3.212 3.125 3.164 153559280.00 615639360.00
2013/12/03 3.126 3.150 3.118 3.134 67615520.00 267896192.00
2013/12/04 3.084 3.147 3.060 3.107 99172392.00 391015648.00
2013/12/05 3.092 3.139 3.084 3.124 75405008.00 296695008.00
2013/12/06 3.080 3.151 3.080 3.127 112018000.00 442311264.00
2013/12/09 3.177 3.185 3.098 3.130 70907528.00 281586912.00
2013/12/10 3.137 3.145 3.082 3.098 78739760.00 310451168.00
2013/12/11 3.081 3.097 2.995 3.034 174460608.00 669561024.00
2013/12/12 3.019 3.058 3.003 3.027 135712704.00 520626464.00
2013/12/13 2.997 3.052 2.981 3.036 131788808.00 505219840.00
2013/12/16 3.035 3.067 3.019 3.067 131679984.00 509024800.00
2013/12/17 3.082 3.097 3.050 3.074 150965856.00 588778624.00
2013/12/18 3.050 3.098 3.027 3.082 119708432.00 467546624.00
2013/12/19 3.109 3.117 3.007 3.046 88420608.00 342590208.00
2013/12/20 3.039 3.054 2.952 2.960 179557632.00 678303296.00
2013/12/23 2.997 2.997 2.918 2.950 104836360.00 392323840.00
2013/12/24 2.981 3.020 2.965 2.989 65973040.00 250169408.00
2013/12/27 2.976 3.031 2.960 2.991 64472896.00 245573280.00
2013/12/30 3.030 3.030 2.967 2.975 80248816.00 304029792.00
2013/12/31 3.003 3.019 2.980 2.996 50890464.00 194533520.00
2014/01/02 3.005 3.028 2.950 2.973 55678568.00 210892320.00
2014/01/03 2.936 2.936 2.873 2.889 126445000.00 465178528.00
2014/01/06 2.866 2.866 2.811 2.819 146389072.00 526086240.00
2014/01/07 2.787 2.857 2.779 2.850 136070048.00 488532384.00
2014/01/08 2.836 2.859 2.804 2.836 133487856.00 480975296.00
2014/01/09 2.821 2.861 2.798 2.805 97327680.00 348954112.00
2014/01/10 2.777 2.824 2.777 2.809 58969528.00 209855424.00
2014/01/13 2.837 2.853 2.798 2.830 86556832.00 310998016.00
2014/01/14 2.789 2.837 2.789 2.797 79781696.00 284818304.00
2014/01/15 2.809 2.832 2.769 2.769 114785200.00 406531328.00
2014/01/16 2.803 2.803 2.701 2.748 179648944.00 625886976.00
2014/01/17 2.716 2.747 2.684 2.716 157597456.00 542744640.00
2014/01/20 2.686 2.701 2.662 2.670 112661928.00 382674816.00
2014/01/21 2.685 2.748 2.685 2.724 166614400.00 576157824.00
2014/01/22 2.701 2.756 2.685 2.748 128578096.00 445779872.00
2014/01/23 2.757 2.757 2.670 2.678 137503536.00 469318304.00
2014/01/24 2.643 2.682 2.643 2.667 141250800.00 478482720.00
2014/01/27 2.609 2.625 2.601 2.609 148629280.00 494632544.00
2014/01/28 2.634 2.665 2.602 2.618 129867328.00 434352064.00
2014/01/29 2.659 2.714 2.651 2.691 130989160.00 448411456.00
2014/01/30 2.642 2.673 2.618 2.665 102028000.00 342932928.00
2014/02/04 2.595 2.618 2.579 2.587 123681504.00 408616832.00
2014/02/05 2.618 2.626 2.563 2.587 72093704.00 237310208.00
2014/02/06 2.579 2.602 2.579 2.595 100701104.00 331645568.00
2014/02/07 2.614 2.614 2.582 2.614 97738960.00 323414720.00
2014/02/10 2.622 2.630 2.582 2.590 82515824.00 272919264.00
2014/02/11 2.590 2.716 2.590 2.677 286600480.00 969538176.00
2014/02/12 2.709 2.772 2.701 2.748 213046304.00 742198144.00
2014/02/13 2.726 2.741 2.702 2.710 83131920.00 286898720.00
2014/02/14 2.740 2.740 2.709 2.724 71171184.00 246041744.00
2014/02/17 2.747 2.771 2.732 2.763 69008800.00 241331968.00
2014/02/18 2.749 2.772 2.717 2.772 117125512.00 409790176.00
2014/02/19 2.734 2.774 2.718 2.750 118545936.00 413233600.00
2014/02/20 2.728 2.767 2.657 2.665 213123008.00 723998080.00
2014/02/21 2.706 2.706 2.619 2.642 240522272.00 808142336.00
2014/02/24 2.619 2.635 2.572 2.596 147950992.00 486179200.00
2014/02/25 2.618 2.626 2.579 2.595 95416816.00 315043072.00
2014/02/26 2.586 2.618 2.563 2.594 105226992.00 345210048.00
2014/02/27 2.587 2.658 2.580 2.651 98004984.00 325506144.00
2014/02/28 2.658 2.682 2.587 2.595 225327808.00 749299968.00
2014/03/03 2.562 2.594 2.554 2.578 123181000.00 402167232.00
2014/03/04 2.588 2.604 2.549 2.572 145136288.00 473552512.00
2014/03/05 2.589 2.597 2.534 2.542 113478592.00 367011744.00
2014/03/06 2.549 2.557 2.526 2.533 144200960.00 463482144.00
2014/03/07 2.523 2.563 2.516 2.523 130574712.00 419739616.00
2014/03/10 2.512 2.512 2.481 2.504 103792216.00 327719648.00
2014/03/11 2.489 2.544 2.489 2.497 64287372.00 204643776.00
2014/03/12 2.482 2.490 2.450 2.490 114355160.00 358019008.00
2014/03/13 2.504 2.559 2.480 2.480 247049008.00 785620928.00
2014/03/14 2.481 2.481 2.441 2.465 193434432.00 603209024.00
2014/03/17 2.479 2.487 2.448 2.455 87642280.00 273108864.00
2014/03/18 2.480 2.480 2.441 2.449 83117504.00 258669040.00
2014/03/19 2.449 2.465 2.433 2.449 181564528.00 561714752.00
2014/03/20 2.461 2.461 2.406 2.422 874266432.00 2661074176.00
2014/03/21 2.423 2.494 2.407 2.486 324055680.00 1008205248.00
2014/03/24 2.519 2.558 2.487 2.543 340678272.00 1085740672.00
2014/03/25 2.518 2.550 2.518 2.534 154605456.00 494265312.00
2014/03/26 2.574 2.646 2.574 2.622 509725280.00 1682338688.00
2014/03/27 2.622 2.638 2.590 2.614 240905216.00 795968064.00
2014/03/28 2.631 2.679 2.615 2.655 298020736.00 998793216.00
2014/03/31 2.665 2.681 2.641 2.681 191670928.00 643828288.00
2014/04/01 2.688 2.696 2.648 2.672 169434816.00 570510464.00
2014/04/02 2.679 2.687 2.616 2.624 188671824.00 630202624.00
2014/04/03 2.665 2.665 2.633 2.665 171068672.00 573294272.00
2014/04/04 2.690 2.690 2.650 2.666 88374944.00 296849600.00
2014/04/07 2.666 2.706 2.650 2.698 134875168.00 456847264.00
2014/04/08 2.697 2.777 2.697 2.761 308991392.00 1071098688.00
2014/04/09 2.776 2.807 2.744 2.776 187076768.00 653874048.00
2014/04/10 2.777 2.777 2.689 2.713 380764896.00 1305830912.00
2014/04/11 2.673 2.689 2.649 2.657 293076800.00 983755584.00
2014/04/14 2.674 2.690 2.635 2.674 118506632.00 399160512.00
2014/04/15 2.676 2.676 2.605 2.620 157881184.00 523717056.00
2014/04/16 2.621 2.669 2.613 2.629 104366144.00 347009088.00
2014/04/17 2.660 2.660 2.620 2.644 93010728.00 309040256.00
2014/04/22 2.614 2.630 2.606 2.630 109309440.00 360169600.00
2014/04/23 2.622 2.630 2.566 2.574 146242720.00 475662560.00
2014/04/24 2.582 2.590 2.566 2.582 77839024.00 252627984.00
2014/04/25 2.557 2.581 2.549 2.549 87554000.00 282130048.00
2014/04/28 2.557 2.581 2.549 2.565 59966800.00 194150960.00
2014/04/29 2.580 2.612 2.557 2.596 143196624.00 465425248.00
2014/04/30 2.581 2.605 2.565 2.581 127995800.00 416457472.00
2014/05/02 2.589 2.605 2.573 2.581 75759408.00 247136768.00
2014/05/05 2.597 2.597 2.557 2.581 49349484.00 160318528.00
2014/05/07 2.588 2.588 2.533 2.556 125088000.00 401521728.00
2014/05/08 2.565 2.596 2.557 2.581 85823736.00 279070464.00
2014/05/09 2.606 2.614 2.574 2.582 77043264.00 251338512.00
2014/05/12 2.600 2.655 2.568 2.639 139640704.00 461397536.00
2014/05/13 2.648 2.656 2.624 2.640 93826568.00 311345504.00
2014/05/14 2.664 2.712 2.641 2.680 177721264.00 599015424.00
2014/05/15 2.680 2.712 2.656 2.672 100734368.00 339888384.00
2014/05/16 2.647 2.679 2.631 2.679 96163568.00 321487328.00
2014/05/19 2.664 2.672 2.632 2.656 103068408.00 343394208.00
2014/05/20 2.679 2.687 2.623 2.639 109370056.00 364418560.00
2014/05/21 2.640 2.688 2.624 2.672 102424576.00 343451360.00
2014/05/22 2.696 2.736 2.680 2.712 217696400.00 741470144.00
2014/05/23 2.721 2.736 2.705 2.721 140498128.00 480944736.00
2014/05/26 2.729 2.737 2.706 2.714 105111640.00 359526240.00
2014/05/27 2.713 2.713 2.681 2.697 70344120.00 238311536.00
2014/05/28 2.721 2.737 2.690 2.737 174805680.00 599880512.00
2014/05/29 2.722 2.770 2.714 2.738 166710976.00 574739264.00
2014/05/30 2.737 2.777 2.737 2.753 215442240.00 746913920.00
2014/06/03 2.825 2.857 2.809 2.857 443425600.00 1582650112.00
2014/06/04 2.841 2.857 2.825 2.849 167359936.00 598152832.00
2014/06/05 2.834 2.881 2.818 2.873 227591856.00 816330048.00
2014/06/06 2.885 2.893 2.838 2.854 173044912.00 621689152.00
2014/06/09 2.863 2.879 2.839 2.879 179426736.00 648153856.00
2014/06/10 2.901 2.965 2.878 2.925 340496832.00 1256039680.00
2014/06/11 2.944 2.952 2.920 2.936 165128160.00 610847680.00
2014/06/12 2.944 2.960 2.928 2.944 141018784.00 523625920.00
2014/06/13 2.936 2.991 2.920 2.975 234697616.00 875784704.00
2014/06/16 2.961 2.993 2.953 2.993 169109840.00 633409728.00
2014/06/17 2.993 2.993 2.921 2.937 157923616.00 586077248.00
2014/06/18 2.954 2.962 2.907 2.938 132123392.00 489459488.00
2014/06/19 2.961 2.985 2.905 2.905 137432096.00 508678432.00
2014/06/20 2.921 2.937 2.905 2.921 124670496.00 458729152.00
2014/06/23 2.915 2.954 2.883 2.883 188242272.00 691522496.00
2014/06/24 2.906 2.922 2.890 2.898 138309728.00 505481056.00
2014/06/25 2.716 2.724 2.684 2.700 156019696.00 530467616.00
2014/06/26 2.715 2.739 2.707 2.723 110508992.00 378958944.00
2014/06/27 2.739 2.739 2.699 2.707 72432640.00 247731728.00
2014/06/30 2.723 2.738 2.683 2.715 113197736.00 386721568.00
2014/07/02 2.732 2.779 2.724 2.771 177521024.00 617043392.00
2014/07/03 2.789 2.837 2.773 2.821 154027456.00 546768064.00
2014/07/04 2.863 2.871 2.823 2.847 117045976.00 418639296.00
2014/07/07 2.864 2.864 2.824 2.840 102754224.00 367394656.00
2014/07/08 2.863 2.870 2.839 2.863 92018984.00 330304480.00
2014/07/09 2.852 2.860 2.780 2.796 142688768.00 503862624.00
2014/07/10 2.799 2.814 2.767 2.799 92638680.00 326326112.00
2014/07/11 2.784 2.800 2.768 2.784 95555256.00 335540288.00
2014/07/14 2.801 2.816 2.785 2.808 60599276.00 213911648.00
2014/07/15 2.825 2.833 2.777 2.793 105882072.00 373510208.00
2014/07/16 2.811 2.827 2.771 2.803 94104600.00 331653184.00
2014/07/17 2.820 2.820 2.772 2.788 104695240.00 367887936.00
2014/07/18 2.772 2.796 2.748 2.788 103565280.00 361990112.00
2014/07/21 2.811 2.811 2.779 2.787 72294208.00 254502480.00
2014/07/22 2.803 2.850 2.787 2.834 133201448.00 474969568.00
2014/07/23 2.836 2.891 2.836 2.883 193506240.00 698524672.00
2014/07/24 2.908 2.940 2.876 2.924 255521216.00 937522816.00
2014/07/25 2.957 2.972 2.901 2.933 167150272.00 616370752.00
2014/07/28 2.918 3.037 2.918 3.021 348282592.00 1317303680.00
2014/07/29 3.053 3.061 2.997 2.997 196910304.00 747922752.00
2014/07/30 3.007 3.046 2.983 2.991 207846480.00 787961920.00
2014/07/31 3.040 3.056 2.984 3.016 185321520.00 703130688.00
2014/08/01 3.000 3.016 2.961 2.985 189187072.00 710184448.00
2014/08/04 3.023 3.039 2.992 3.015 132775296.00 504602976.00
2014/08/05 3.031 3.031 2.983 2.999 103541952.00 389707104.00
2014/08/06 2.984 2.984 2.945 2.977 104880968.00 390569664.00
2014/08/07 2.984 2.992 2.952 2.960 94410464.00 352497760.00
2014/08/08 2.939 2.955 2.899 2.923 131572112.00 483809792.00
2014/08/11 2.953 2.976 2.937 2.968 83726096.00 312288768.00
2014/08/12 2.952 2.976 2.944 2.968 40565776.00 151439888.00
2014/08/13 2.993 3.009 2.953 3.001 118968000.00 446839072.00
2014/08/14 3.001 3.009 2.962 2.970 108470832.00 407447648.00
2014/08/15 2.985 3.009 2.969 2.985 66575356.00 250738800.00
2014/08/18 2.969 2.993 2.937 2.953 116058912.00 431437728.00
2014/08/19 2.986 2.986 2.946 2.962 58852560.00 219776048.00
2014/08/20 2.948 2.964 2.932 2.956 61646308.00 228722608.00
2014/08/21 2.958 2.958 2.894 2.910 155837472.00 570290560.00
2014/08/22 2.886 2.910 2.886 2.910 114777752.00 418974432.00
2014/08/25 2.896 2.927 2.880 2.911 109144432.00 398728512.00
2014/08/26 2.912 2.928 2.896 2.904 74263080.00 271150624.00
2014/08/27 2.888 2.920 2.864 2.880 135849520.00 493693440.00
2014/08/28 2.879 2.895 2.831 2.839 149711904.00 537672960.00
2014/08/29 2.832 2.872 2.832 2.848 109038872.00 391381632.00
2014/09/01 2.849 2.865 2.825 2.841 89482080.00 319043616.00
2014/09/02 2.833 2.833 2.794 2.818 216400000.00 764668032.00
2014/09/03 2.834 2.930 2.810 2.914 259103872.00 940430592.00
2014/09/04 2.904 2.936 2.896 2.928 119910648.00 440172928.00
2014/09/05 2.946 2.946 2.906 2.938 117218920.00 430149824.00
2014/09/08 2.922 2.954 2.914 2.930 81766600.00 301122304.00
2014/09/10 2.917 2.917 2.837 2.853 113947208.00 411528416.00
2014/09/11 2.862 2.878 2.823 2.839 74260248.00 266564432.00
2014/09/12 2.863 2.863 2.823 2.847 79315408.00 284439040.00
2014/09/15 2.823 2.846 2.815 2.846 76770176.00 274496224.00
2014/09/16 2.815 2.871 2.815 2.823 89641360.00 320010176.00
2014/09/17 2.862 2.886 2.846 2.854 128884264.00 465745408.00
2014/09/18 2.840 2.856 2.816 2.840 104495880.00 373566656.00
2014/09/19 2.862 2.870 2.823 2.838 179194192.00 643167936.00
2014/09/22 2.840 2.840 2.800 2.816 103542392.00 367093536.00
2014/09/23 2.815 2.839 2.791 2.799 97756264.00 345995264.00
2014/09/24 2.799 2.846 2.775 2.807 120315232.00 427395424.00
2014/09/25 2.816 2.840 2.777 2.800 104192952.00 367294592.00
2014/09/26 2.768 2.800 2.768 2.792 81867648.00 287913312.00
2014/09/29 2.759 2.775 2.720 2.743 135781152.00 470069920.00
2014/09/30 2.734 2.734 2.702 2.726 119373344.00 409396320.00
2014/10/03 2.679 2.758 2.679 2.734 129145992.00 442158848.00
2014/10/06 2.750 2.774 2.726 2.766 75973128.00 264479024.00
2014/10/07 2.766 2.789 2.758 2.782 74586416.00 260963536.00
2014/10/08 2.775 2.775 2.744 2.760 74122224.00 257765200.00
2014/10/09 2.773 2.805 2.766 2.781 68886728.00 242071072.00
2014/10/10 2.758 2.758 2.726 2.734 93962384.00 325184416.00
2014/10/13 2.709 2.749 2.693 2.733 91420104.00 313369536.00
2014/10/14 2.731 2.778 2.715 2.723 75529696.00 261755504.00
2014/10/15 2.749 2.773 2.725 2.741 58366200.00 202696624.00
2014/10/16 2.707 2.747 2.699 2.723 98011264.00 336890112.00
2014/10/17 2.707 2.747 2.691 2.723 159171872.00 547554688.00
2014/10/20 2.748 2.764 2.732 2.740 65208240.00 226240384.00
2014/10/21 2.731 2.763 2.723 2.739 45970304.00 159046336.00
2014/10/22 2.764 2.796 2.741 2.772 80885136.00 283068992.00
2014/10/23 2.773 2.797 2.773 2.797 70100544.00 246802544.00
2014/10/24 2.797 2.805 2.766 2.789 63918828.00 224796208.00
2014/10/27 2.788 2.788 2.749 2.772 56002916.00 196058640.00
2014/10/28 2.787 2.842 2.779 2.819 104733216.00 371996800.00
2014/10/29 2.850 2.850 2.826 2.834 78880760.00 283202400.00
2014/10/30 2.837 2.837 2.806 2.829 78061360.00 278481216.00
2014/10/31 2.829 2.869 2.829 2.853 133372144.00 480512096.00
2014/11/03 2.856 2.872 2.832 2.848 76906208.00 276136352.00
2014/11/04 2.858 2.873 2.834 2.842 98301432.00 353805280.00
2014/11/05 2.840 2.840 2.793 2.817 83200808.00 294875872.00
2014/11/06 2.811 2.819 2.795 2.811 44509544.00 157368208.00
2014/11/07 2.813 2.860 2.789 2.805 109224920.00 387418400.00
2014/11/10 2.834 2.842 2.795 2.795 184215008.00 654377024.00
2014/11/11 2.804 2.907 2.804 2.835 308729312.00 1115458176.00
2014/11/12 2.876 2.876 2.820 2.820 129934768.00 466808896.00
2014/11/13 2.828 2.867 2.820 2.851 124344712.00 446646400.00
2014/11/14 2.874 2.874 2.826 2.858 92235576.00 332277120.00
2014/11/17 2.867 2.867 2.795 2.819 109695432.00 390385792.00
2014/11/18 2.820 2.828 2.749 2.772 188229360.00 659953728.00
2014/11/19 2.771 2.779 2.739 2.763 89245384.00 310972256.00
2014/11/20 2.764 2.780 2.740 2.748 110476296.00 384420480.00
2014/11/21 2.746 2.770 2.731 2.739 154756064.00 536545184.00
2014/11/24 2.795 2.803 2.755 2.795 186040800.00 654406208.00
2014/11/25 2.810 2.818 2.778 2.778 111183760.00 392716832.00
2014/11/26 2.793 2.848 2.785 2.848 186272032.00 664155776.00
2014/11/27 2.863 2.886 2.831 2.839 114871360.00 415056256.00
2014/11/28 2.841 2.928 2.833 2.904 328520352.00 1202246528.00
2014/12/01 2.904 2.920 2.833 2.841 189885088.00 687402688.00
2014/12/02 2.831 2.918 2.831 2.894 225806832.00 823385088.00
2014/12/03 2.913 2.960 2.865 2.881 212364976.00 783433856.00
2014/12/04 2.883 2.946 2.875 2.923 292888160.00 1077680128.00
2014/12/05 2.937 3.032 2.929 3.024 532947072.00 2017909632.00
2014/12/08 3.028 3.099 3.004 3.075 414811040.00 1607908224.00
2014/12/09 3.041 3.041 2.907 2.947 458454976.00 1735411584.00
2014/12/10 2.936 2.984 2.913 2.960 132505312.00 494401344.00
2014/12/11 2.919 2.958 2.895 2.927 118902224.00 442009792.00
2014/12/12 2.936 2.968 2.905 2.920 139889904.00 519534432.00
2014/12/15 2.887 2.903 2.871 2.895 90450848.00 330833440.00
2014/12/16 2.880 2.896 2.857 2.865 159359520.00 579957056.00
2014/12/17 2.878 2.925 2.854 2.917 157633632.00 579815488.00
2014/12/18 2.935 2.967 2.904 2.920 128173560.00 476663360.00
2014/12/19 2.967 2.983 2.936 2.944 179907600.00 673195648.00
2014/12/22 2.953 3.071 2.953 3.000 388262176.00 1489561088.00
2014/12/23 3.055 3.063 3.000 3.023 249173088.00 957630528.00
2014/12/24 3.000 3.024 2.976 3.000 53702540.00 204079248.00
2014/12/29 3.076 3.115 3.068 3.091 280943456.00 1103797248.00
2014/12/30 3.094 3.101 3.046 3.070 119464000.00 464819648.00
2014/12/31 3.077 3.116 3.061 3.092 92304056.00 361599232.00
2015/01/02 3.108 3.148 3.100 3.148 144896032.00 574924800.00
2015/01/05 3.135 3.230 3.119 3.182 242461808.00 980660672.00
2015/01/06 3.167 3.238 3.144 3.175 242119968.00 978230848.00
2015/01/07 3.121 3.200 3.121 3.168 142136032.00 568703872.00
2015/01/08 3.162 3.194 3.146 3.186 165852288.00 666316032.00
2015/01/09 3.193 3.233 3.162 3.185 216442752.00 877572032.00
2015/01/12 3.183 3.191 3.112 3.167 101754560.00 405023648.00
2015/01/13 3.134 3.173 3.118 3.141 82263296.00 328194720.00
2015/01/14 3.118 3.173 3.094 3.118 150022144.00 593771008.00
2015/01/15 3.101 3.157 3.078 3.149 148195600.00 584341760.00
2015/01/16 3.126 3.149 3.102 3.118 127497072.00 505253568.00
2015/01/19 3.081 3.089 2.907 2.986 320740992.00 1210153600.00
2015/01/20 3.025 3.064 2.993 3.041 147875936.00 568046272.00
2015/01/21 3.035 3.098 3.035 3.082 145717696.00 568340352.00
2015/01/22 3.081 3.121 3.066 3.089 121125040.00 474497504.00
2015/01/23 3.117 3.157 3.102 3.109 171566144.00 676773632.00
2015/01/26 3.120 3.136 3.088 3.096 99681216.00 390652608.00
2015/01/27 3.095 3.119 3.039 3.047 143532912.00 554393088.00
2015/01/28 3.028 3.075 3.020 3.036 86854528.00 334123488.00
2015/01/29 3.006 3.022 2.959 2.999 180585120.00 681586880.00
2015/01/30 3.000 3.032 2.992 3.008 104916816.00 398502400.00
2015/02/02 2.969 2.977 2.945 2.969 138681616.00 518440672.00
2015/02/03 2.968 3.000 2.952 2.992 88811000.00 334375040.00
2015/02/04 2.997 3.029 2.981 2.989 129817304.00 493780256.00
2015/02/05 3.079 3.103 3.016 3.047 311642560.00 1207257344.00
2015/02/06 3.050 3.050 2.995 3.019 126426416.00 482874240.00
2015/02/09 3.005 3.029 2.989 3.013 60135336.00 228637264.00
2015/02/10 2.996 3.028 2.988 3.012 70508368.00 268890784.00
2015/02/11 3.045 3.045 2.981 2.989 66601416.00 253362656.00
2015/02/12 2.998 3.029 2.982 3.021 96137136.00 366610560.00
2015/02/13 3.043 3.043 3.019 3.035 85253784.00 326861312.00
2015/02/16 3.034 3.042 3.002 3.026 83803856.00 320514464.00
2015/02/17 3.019 3.051 3.019 3.043 55583176.00 213486576.00
2015/02/18 3.043 3.051 3.019 3.027 54858488.00 210155888.00
2015/02/23 3.019 3.027 2.996 3.012 115109712.00 437732064.00
2015/02/24 3.019 3.027 3.004 3.012 78072696.00 298084384.00
2015/02/25 3.039 3.039 3.007 3.031 84097640.00 321115776.00
2015/02/26 3.007 3.063 2.999 3.047 140886816.00 541349824.00
2015/02/27 3.052 3.075 3.044 3.052 80647808.00 311177472.00
2015/03/02 3.086 3.086 3.054 3.062 124370688.00 480905952.00
2015/03/03 3.063 3.071 3.000 3.008 120636976.00 459786464.00
2015/03/04 2.991 3.007 2.959 2.983 147704240.00 554403520.00
2015/03/05 2.959 2.975 2.928 2.936 132357080.00 491226976.00
2015/03/06 2.936 2.959 2.912 2.920 91131432.00 336142688.00
2015/03/09 2.912 2.960 2.881 2.952 137216272.00 505214752.00
2015/03/10 2.936 2.944 2.904 2.920 95757280.00 352531584.00
2015/03/11 2.905 2.937 2.897 2.905 147657808.00 542910016.00
2015/03/12 2.904 2.975 2.904 2.951 144437184.00 536578528.00
2015/03/13 2.942 3.006 2.942 2.998 164757072.00 621335232.00
2015/03/16 2.999 3.015 2.975 2.999 77943480.00 294609856.00
2015/03/17 3.006 3.022 2.982 2.998 82437608.00 312374080.00
2015/03/18 2.990 3.037 2.990 3.021 109628864.00 418037152.00
2015/03/19 3.035 3.050 3.019 3.042 112327280.00 430980384.00
2015/03/20 3.036 3.044 3.012 3.036 141648064.00 542193856.00
2015/03/23 3.034 3.050 3.018 3.034 95860952.00 366673504.00
2015/03/24 3.016 3.048 2.992 3.008 145746000.00 554966272.00
2015/03/25 2.977 3.001 2.969 2.977 187573904.00 706105920.00
2015/03/26 2.960 2.984 2.944 2.968 100949992.00 378217664.00
2015/03/27 2.953 2.993 2.953 2.977 123643400.00 464375968.00
2015/03/30 3.033 3.064 3.017 3.041 197531040.00 759870400.00
2015/03/31 3.081 3.089 3.034 3.042 190037904.00 735981888.00
2015/04/01 3.058 3.082 3.042 3.074 109016832.00 422062496.00
2015/04/02 3.088 3.096 3.065 3.081 203480240.00 792269184.00
2015/04/08 3.102 3.181 3.078 3.157 511712800.00 2026498688.00
2015/04/09 3.237 3.324 3.205 3.237 691780352.00 2844389376.00
2015/04/10 3.278 3.278 3.207 3.263 368362368.00 1511004800.00
2015/04/13 3.280 3.486 3.280 3.462 553462336.00 2361549824.00
2015/04/14 3.407 3.462 3.375 3.399 378509376.00 1631174144.00
2015/04/15 3.395 3.561 3.379 3.514 452497024.00 1989876864.00
2015/04/16 3.480 3.543 3.464 3.528 229918160.00 1017473856.00
2015/04/17 3.541 3.573 3.454 3.470 230939536.00 1027675584.00
2015/04/20 3.556 3.596 3.367 3.454 534161792.00 2361846784.00
2015/04/21 3.519 3.550 3.487 3.534 263900448.00 1175135104.00
2015/04/22 3.511 3.559 3.495 3.503 198306048.00 884113600.00
2015/04/23 3.519 3.550 3.471 3.487 233065664.00 1035505728.00
2015/04/24 3.516 3.516 3.406 3.477 221888992.00 969805888.00
2015/04/27 3.468 3.539 3.468 3.507 152322896.00 675934656.00
2015/04/28 3.491 3.593 3.483 3.562 291256768.00 1306598016.00
2015/04/29 3.544 3.544 3.457 3.488 222755776.00 984080064.00
2015/04/30 3.463 3.479 3.439 3.455 152003296.00 665304448.00
2015/05/04 3.472 3.496 3.433 3.464 84783952.00 371626464.00
2015/05/05 3.456 3.472 3.314 3.338 918065216.00 3914227968.00
2015/05/06 3.322 3.385 3.298 3.314 212967184.00 898852032.00
2015/05/07 3.280 3.319 3.272 3.280 139153696.00 580721984.00
2015/05/08 3.296 3.367 3.296 3.328 188544624.00 795473280.00
2015/05/11 3.367 3.367 3.311 3.335 121848024.00 515676416.00
2015/05/12 3.337 3.337 3.274 3.297 167752272.00 702129152.00
2015/05/13 3.312 3.335 3.272 3.296 124739456.00 523009056.00
2015/05/14 3.286 3.302 3.223 3.263 202765984.00 838855296.00
2015/05/15 3.271 3.310 3.215 3.294 188203536.00 780257984.00
2015/05/18 3.302 3.302 3.247 3.286 103635000.00 430277920.00
2015/05/19 3.271 3.374 3.271 3.326 128875072.00 545149312.00
2015/05/20 3.359 3.375 3.312 3.375 127770672.00 543225344.00
2015/05/21 3.344 3.367 3.320 3.352 75927776.00 322549312.00
2015/05/22 3.375 3.398 3.367 3.390 127410616.00 546451520.00
2015/05/26 3.456 3.488 3.425 3.440 224251440.00 979112384.00
2015/05/27 3.410 3.434 3.355 3.426 149181296.00 642472512.00
2015/05/28 3.464 3.464 3.275 3.346 282918176.00 1200893824.00
2015/05/29 3.339 3.347 3.252 3.323 341354816.00 1427287168.00
2015/06/01 3.316 3.371 3.276 3.355 148445712.00 628846208.00
2015/06/02 3.348 3.363 3.324 3.340 94962912.00 402260512.00
2015/06/03 3.337 3.345 3.305 3.337 116240848.00 491088096.00
2015/06/04 3.305 3.408 3.274 3.345 280361888.00 1190743040.00
2015/06/05 3.346 3.378 3.291 3.307 226351376.00 949436160.00
2015/06/08 3.292 3.395 3.284 3.355 264892144.00 1128040064.00
2015/06/09 3.354 3.378 3.283 3.299 232009360.00 974583040.00
2015/06/10 3.298 3.322 3.243 3.267 159597264.00 664160448.00
2015/06/11 3.297 3.305 3.258 3.273 128755304.00 534450016.00
2015/06/12 3.298 3.322 3.274 3.306 113851848.00 475945504.00
2015/06/15 3.298 3.306 3.250 3.258 102979296.00 426758880.00
2015/06/16 3.250 3.258 3.211 3.218 165456256.00 677621184.00
2015/06/17 3.219 3.250 3.203 3.234 134986176.00 552695232.00
2015/06/18 3.209 3.233 3.193 3.217 98836360.00 402659776.00
2015/06/19 3.224 3.271 3.200 3.239 136101568.00 558549312.00
2015/06/22 3.263 3.295 3.239 3.255 125782376.00 520224928.00
2015/06/23 3.272 3.343 3.272 3.320 164401792.00 690537088.00
2015/06/24 3.336 3.367 3.312 3.336 120384208.00 510435712.00
2015/06/25 3.368 3.384 3.321 3.336 184025040.00 780392640.00
2015/06/26 3.336 3.336 3.234 3.265 234410560.00 976001024.00
2015/06/29 3.274 3.314 3.172 3.235 399418208.00 1633003008.00
2015/06/30 3.257 3.320 3.225 3.289 324296448.00 1353104768.00
2015/07/02 3.156 3.156 3.077 3.109 165454832.00 651049728.00
2015/07/03 3.109 3.124 3.053 3.085 207735904.00 812916352.00
2015/07/06 3.109 3.125 2.975 3.046 357611936.00 1373191168.00
2015/07/07 3.053 3.093 2.974 2.998 313905856.00 1198376320.00
2015/07/08 2.934 2.934 2.706 2.832 568530176.00 2034061952.00
2015/07/09 2.800 2.926 2.753 2.832 452487904.00 1634523392.00
2015/07/10 2.856 2.958 2.848 2.927 302819264.00 1121326208.00
2015/07/13 2.910 2.989 2.887 2.965 208514064.00 780558464.00
2015/07/14 2.959 2.983 2.904 2.935 139820448.00 520701216.00
2015/07/15 2.935 2.958 2.872 2.911 182749264.00 671975424.00
2015/07/16 2.897 2.904 2.865 2.897 109809408.00 402290528.00
2015/07/17 2.905 2.937 2.897 2.905 148633648.00 549982080.00
2015/07/20 2.922 2.929 2.890 2.898 80555648.00 296421568.00
2015/07/21 2.913 2.913 2.882 2.898 67085992.00 246555968.00
2015/07/22 2.888 2.888 2.849 2.873 124505688.00 451864224.00
2015/07/23 2.873 2.912 2.849 2.889 95807520.00 350175616.00
2015/07/24 2.880 2.896 2.841 2.865 107582000.00 389670112.00
2015/07/27 2.841 2.849 2.762 2.802 248118592.00 879297856.00
2015/07/28 2.785 2.817 2.738 2.777 176255264.00 620020480.00
2015/07/29 2.785 2.801 2.745 2.769 192670656.00 675908480.00
2015/07/30 2.794 2.794 2.746 2.754 106224304.00 372225280.00
2015/07/31 2.754 2.778 2.730 2.762 144997920.00 506472992.00
2015/08/03 2.746 2.762 2.722 2.754 102733560.00 357004736.00
2015/08/04 2.746 2.762 2.730 2.754 83142096.00 289795872.00
2015/08/05 2.746 2.770 2.746 2.754 54369408.00 189938464.00
2015/08/06 2.747 2.770 2.731 2.762 50981600.00 177878496.00
2015/08/07 2.762 2.794 2.754 2.786 80292408.00 283059776.00
2015/08/10 2.785 2.785 2.746 2.761 95131856.00 333818176.00
2015/08/11 2.829 2.861 2.797 2.813 128952880.00 453932960.00
2015/08/12 2.831 2.847 2.758 2.798 209795168.00 720501248.00
2015/08/13 2.848 2.873 2.823 2.840 75716912.00 261600416.00
2015/08/14 2.863 2.863 2.839 2.855 55961000.00 193420016.00
2015/08/17 2.829 2.854 2.804 2.829 76787472.00 262869728.00
2015/08/18 2.838 2.854 2.788 2.796 95756160.00 326592640.00
2015/08/19 2.796 2.829 2.771 2.780 137148256.00 463684032.00
2015/08/20 2.754 2.770 2.712 2.737 173098000.00 575985024.00
2015/08/21 2.686 2.719 2.678 2.711 180659856.00 590623488.00
2015/08/24 2.636 2.652 2.554 2.587 299135808.00 942774464.00
2015/08/25 2.617 2.666 2.542 2.567 269703040.00 846329536.00
2015/08/26 2.586 2.644 2.545 2.578 171763744.00 540292800.00
2015/08/27 2.646 2.646 2.604 2.621 185998576.00 591539328.00
2015/08/28 2.650 2.658 2.543 2.543 245332176.00 768951040.00
2015/08/31 2.539 2.597 2.531 2.580 202192960.00 627691904.00
2015/09/01 2.550 2.566 2.509 2.525 150839072.00 464351200.00
2015/09/02 2.487 2.512 2.413 2.430 309261920.00 924007424.00
2015/09/04 2.438 2.446 2.381 2.397 207060016.00 605820864.00
2015/09/07 2.363 2.437 2.363 2.363 127153792.00 371382656.00
2015/09/08 2.357 2.488 2.357 2.439 183986464.00 544396608.00
2015/09/09 2.496 2.586 2.479 2.578 284883168.00 882790656.00
2015/09/10 2.509 2.550 2.493 2.526 153489120.00 469100800.00
2015/09/11 2.516 2.565 2.491 2.499 206550176.00 633999936.00
2015/09/14 2.515 2.532 2.466 2.507 118626360.00 360679904.00
2015/09/15 2.489 2.506 2.481 2.497 78225064.00 237241008.00
2015/09/16 2.524 2.581 2.507 2.540 111490304.00 344484192.00
2015/09/17 2.555 2.596 2.522 2.538 119348896.00 371275872.00
2015/09/18 2.536 2.577 2.520 2.528 125067112.00 386582880.00
2015/09/21 2.506 2.522 2.481 2.514 85013064.00 259197632.00
2015/09/22 2.516 2.557 2.500 2.508 75844984.00 233268256.00
2015/09/23 2.493 2.502 2.411 2.444 236762704.00 701301696.00
2015/09/24 2.453 2.461 2.403 2.436 99444504.00 293506432.00
2015/09/25 2.420 2.477 2.411 2.461 95030472.00 282712704.00
2015/09/29 2.390 2.407 2.366 2.382 184645168.00 534825504.00
2015/09/30 2.397 2.454 2.397 2.405 117690896.00 346351520.00
2015/10/02 2.421 2.446 2.413 2.438 148750864.00 441063776.00
2015/10/05 2.471 2.495 2.462 2.479 92135696.00 278023744.00
2015/10/06 2.512 2.520 2.462 2.479 108734824.00 329953920.00
2015/10/07 2.487 2.586 2.471 2.569 160165920.00 497576736.00
2015/10/08 2.581 2.581 2.532 2.557 126031344.00 392215904.00
2015/10/09 2.581 2.663 2.581 2.597 184956928.00 593863808.00
2015/10/12 2.602 2.651 2.602 2.626 90596304.00 291178112.00
2015/10/13 2.586 2.627 2.562 2.578 75923336.00 240787392.00
2015/10/14 2.577 2.594 2.545 2.553 83657464.00 262098064.00
2015/10/15 2.552 2.618 2.552 2.593 108062224.00 343640896.00
2015/10/16 2.627 2.652 2.611 2.627 104839512.00 336887104.00
2015/10/19 2.631 2.639 2.607 2.639 56203540.00 179937856.00
2015/10/20 2.627 2.651 2.610 2.643 100926712.00 324002176.00
2015/10/22 2.630 2.638 2.605 2.638 97748728.00 313283008.00
2015/10/23 2.675 2.683 2.650 2.667 85029944.00 276064096.00
2015/10/26 2.698 2.698 2.624 2.649 136686240.00 441716224.00
2015/10/27 2.654 2.654 2.613 2.638 83720992.00 268848512.00
2015/10/28 2.623 2.640 2.599 2.607 124723680.00 397458816.00
2015/10/29 2.642 2.642 2.585 2.593 84451616.00 267618512.00
2015/10/30 2.581 2.638 2.573 2.605 87235640.00 277684512.00
2015/11/02 2.551 2.583 2.518 2.526 127091352.00 397033728.00
2015/11/03 2.557 2.573 2.541 2.549 80306176.00 250882880.00
2015/11/04 2.566 2.640 2.558 2.599 183579088.00 585275136.00
2015/11/05 2.584 2.617 2.568 2.601 108886344.00 346546784.00
2015/11/06 2.579 2.595 2.563 2.579 92415088.00 291228512.00
2015/11/09 2.567 2.625 2.551 2.592 92321504.00 292882688.00
2015/11/10 2.593 2.609 2.543 2.543 106244008.00 331928416.00
2015/11/11 2.544 2.552 2.519 2.536 96957624.00 299242496.00
2015/11/12 2.545 2.586 2.520 2.561 151765840.00 471549600.00
2015/11/13 2.513 2.538 2.489 2.497 132380968.00 404362688.00
2015/11/16 2.468 2.492 2.459 2.476 149844880.00 450766240.00
2015/11/17 2.525 2.525 2.467 2.475 122222976.00 371293824.00
2015/11/18 2.486 2.502 2.478 2.494 53565188.00 162122368.00
2015/11/19 2.527 2.552 2.510 2.535 105935880.00 325351200.00
2015/11/20 2.543 2.559 2.510 2.535 109951000.00 338040352.00
2015/11/23 2.546 2.555 2.513 2.522 66640656.00 204267088.00
2015/11/24 2.523 2.523 2.481 2.498 90389168.00 273765984.00
2015/11/25 2.497 2.497 2.464 2.464 169956144.00 510377056.00
2015/11/26 2.490 2.515 2.465 2.473 103281592.00 311937600.00
2015/11/27 2.491 2.491 2.441 2.466 181643904.00 541904960.00
2015/11/30 2.435 2.476 2.435 2.451 209690112.00 623211712.00
2015/12/01 2.468 2.501 2.451 2.476 105306000.00 316537920.00
2015/12/02 2.483 2.508 2.459 2.500 131655920.00 396934496.00
2015/12/03 2.493 2.501 2.468 2.493 85825520.00 258485824.00
2015/12/04 2.455 2.472 2.447 2.447 131794120.00 392831008.00
2015/12/07 2.477 2.485 2.444 2.460 65668276.00 195452720.00
2015/12/08 2.447 2.447 2.422 2.447 104541400.00 307769504.00
2015/12/09 2.433 2.450 2.408 2.417 85253376.00 249867296.00
2015/12/10 2.420 2.445 2.395 2.404 113094320.00 329580928.00
2015/12/11 2.416 2.416 2.392 2.400 89945672.00 260602240.00
2015/12/14 2.371 2.413 2.363 2.388 105595696.00 303754208.00
2015/12/15 2.382 2.424 2.382 2.391 82807824.00 238793104.00
2015/12/16 2.410 2.452 2.410 2.435 150407520.00 439306720.00
2015/12/17 2.473 2.565 2.465 2.557 463452256.00 1408852992.00
2015/12/18 2.533 2.667 2.517 2.659 528623136.00 1657421440.00
2015/12/21 2.631 2.765 2.631 2.756 559773056.00 1816224768.00
2015/12/22 2.748 2.773 2.706 2.764 393582720.00 1295786368.00
2015/12/23 2.764 2.789 2.730 2.789 183702096.00 608720512.00
2015/12/24 2.791 2.799 2.774 2.791 62926000.00 210314320.00
2015/12/28 2.790 2.790 2.715 2.723 81600856.00 267422784.00
2015/12/29 2.720 2.745 2.703 2.720 68472096.00 222824064.00
2015/12/30 2.730 2.738 2.654 2.671 98923360.00 316057792.00
2015/12/31 2.656 2.681 2.647 2.656 52216608.00 165843168.00
2016/01/04 2.651 2.660 2.559 2.584 155880512.00 481345632.00
2016/01/05 2.573 2.615 2.539 2.564 104311752.00 319427808.00
2016/01/06 2.562 2.578 2.536 2.545 119455528.00 361617856.00
2016/01/07 2.532 2.540 2.464 2.490 201734576.00 595447104.00
2016/01/08 2.522 2.539 2.497 2.514 136603680.00 407585952.00
2016/01/11 2.460 2.477 2.426 2.435 193739840.00 560788352.00
2016/01/12 2.452 2.469 2.410 2.419 133736144.00 385320704.00
2016/01/13 2.470 2.495 2.428 2.436 204249616.00 594285312.00
2016/01/14 2.384 2.435 2.376 2.410 144750704.00 413293888.00
2016/01/15 2.397 2.414 2.363 2.372 149116720.00 420647040.00
2016/01/18 2.346 2.363 2.313 2.313 164806544.00 457255392.00
2016/01/19 2.312 2.388 2.312 2.371 151038416.00 422533440.00
2016/01/20 2.340 2.340 2.248 2.298 217084608.00 592644992.00
2016/01/21 2.308 2.325 2.257 2.266 151556304.00 412216448.00
2016/01/22 2.301 2.334 2.275 2.292 218052096.00 596720192.00
2016/01/25 2.228 2.287 2.228 2.279 225839568.00 609435200.00
2016/01/26 2.262 2.304 2.211 2.278 257314096.00 693172032.00
2016/01/27 2.305 2.314 2.263 2.272 283313120.00 771006784.00
2016/01/28 2.271 2.296 2.246 2.271 204072528.00 550431808.00
2016/01/29 2.262 2.329 2.254 2.313 234095152.00 639894208.00
2016/02/01 2.341 2.349 2.282 2.307 117283208.00 321131392.00
2016/02/02 2.291 2.299 2.266 2.282 102902776.00 278991456.00
2016/02/03 2.235 2.251 2.209 2.226 192584208.00 511026976.00
2016/02/04 2.234 2.259 2.209 2.242 141066992.00 375754208.00
2016/02/05 2.248 2.307 2.248 2.282 68911896.00 187197216.00
2016/02/11 2.164 2.215 2.148 2.173 104447856.00 271959456.00
2016/02/12 2.148 2.173 2.097 2.097 180916320.00 457912544.00
2016/02/15 2.124 2.166 2.115 2.157 166982368.00 429125504.00
2016/02/16 2.176 2.242 2.167 2.201 107637016.00 284169664.00
2016/02/17 2.202 2.244 2.177 2.185 92388912.00 243480864.00
2016/02/18 2.226 2.243 2.184 2.192 169843360.00 447556672.00
2016/02/19 2.179 2.212 2.154 2.171 126495232.00 329281568.00
2016/02/22 2.197 2.214 2.172 2.214 75979056.00 199315088.00
2016/02/23 2.226 2.235 2.193 2.210 60873128.00 160247904.00
2016/02/24 2.194 2.211 2.160 2.177 107578192.00 278987008.00
2016/02/25 2.186 2.186 2.127 2.153 96357160.00 246484256.00
2016/02/26 2.161 2.195 2.153 2.170 101419576.00 262115296.00
2016/02/29 2.172 2.189 2.147 2.155 86794576.00 222719872.00
2016/03/01 2.170 2.187 2.136 2.187 101555304.00 261180320.00
2016/03/02 2.224 2.275 2.216 2.241 177324368.00 473301952.00
2016/03/03 2.264 2.272 2.222 2.272 93902632.00 251645472.00
2016/03/04 2.286 2.311 2.260 2.302 158485888.00 431079232.00
2016/03/07 2.331 2.348 2.306 2.323 134667584.00 373095040.00
2016/03/08 2.303 2.320 2.261 2.278 116431648.00 316347616.00
2016/03/09 2.263 2.280 2.238 2.255 83673976.00 225408944.00
2016/03/10 2.265 2.290 2.239 2.256 72330120.00 195414176.00
2016/03/11 2.249 2.282 2.232 2.274 178280704.00 482404160.00
2016/03/14 2.300 2.334 2.292 2.317 167000064.00 462374912.00
2016/03/15 2.315 2.323 2.290 2.306 69063752.00 189957536.00
2016/03/16 2.318 2.326 2.284 2.318 60962940.00 167608912.00
2016/03/17 2.336 2.361 2.328 2.336 119765032.00 335322880.00
2016/03/18 2.325 2.367 2.325 2.358 155129168.00 437071808.00
2016/03/21 2.366 2.399 2.357 2.366 106078920.00 302139424.00
2016/03/22 2.396 2.396 2.355 2.371 62341356.00 176192208.00
2016/03/23 2.370 2.387 2.345 2.370 71891336.00 202929616.00
2016/03/24 2.351 2.376 2.318 2.326 108987560.00 303828416.00
2016/03/29 2.331 2.331 2.281 2.298 145255408.00 397228864.00
2016/03/30 2.316 2.366 2.307 2.349 110097304.00 309308800.00
2016/03/31 2.358 2.366 2.316 2.325 209677840.00 587414976.00
2016/04/01 2.332 2.357 2.315 2.332 191396960.00 535373504.00
2016/04/05 2.326 2.326 2.276 2.293 113915120.00 314893248.00
2016/04/06 2.288 2.313 2.271 2.296 107809600.00 296643200.00
2016/04/07 2.311 2.328 2.261 2.286 134832608.00 368986528.00
2016/04/08 2.252 2.311 2.252 2.294 93348968.00 255073968.00
2016/04/11 2.292 2.325 2.283 2.325 104355480.00 289916032.00
2016/04/12 2.316 2.350 2.308 2.325 135114880.00 378040480.00
2016/04/13 2.340 2.374 2.332 2.365 184300880.00 521859360.00
2016/04/14 2.392 2.418 2.376 2.384 234201312.00 669304896.00
2016/04/15 2.377 2.402 2.368 2.368 71583840.00 203454112.00
2016/04/18 2.356 2.356 2.322 2.339 98489520.00 275473088.00
2016/04/19 2.344 2.394 2.344 2.386 83428608.00 237201264.00
2016/04/20 2.373 2.381 2.332 2.357 116148000.00 328147840.00
2016/04/21 2.373 2.406 2.364 2.398 109360136.00 313157440.00
2016/04/22 2.376 2.393 2.367 2.384 77240640.00 220040064.00
2016/04/25 2.409 2.409 2.359 2.367 87172136.00 247145760.00
2016/04/26 2.351 2.367 2.325 2.359 89433936.00 250807328.00
2016/04/27 2.341 2.374 2.332 2.358 53536048.00 150884336.00
2016/04/28 2.370 2.395 2.345 2.361 106722664.00 301536512.00
2016/04/29 2.340 2.348 2.331 2.340 96956928.00 272232352.00
2016/05/03 2.330 2.338 2.288 2.297 110474200.00 305892352.00
2016/05/04 2.301 2.309 2.276 2.293 100204632.00 274224480.00
2016/05/05 2.282 2.307 2.274 2.282 74240272.00 202688224.00
2016/05/06 2.277 2.285 2.251 2.251 105957272.00 285776672.00
2016/05/09 2.257 2.274 2.248 2.257 88125232.00 237635136.00
2016/05/10 2.252 2.277 2.252 2.252 93300184.00 251357680.00
2016/05/11 2.269 2.277 2.243 2.252 91188504.00 245223984.00
2016/05/12 2.260 2.285 2.235 2.268 117454480.00 317642016.00
2016/05/13 2.278 2.287 2.253 2.262 90706408.00 244524064.00
2016/05/16 2.255 2.289 2.239 2.272 144946576.00 390948544.00
2016/05/17 2.276 2.293 2.243 2.285 116206224.00 313830272.00
2016/05/18 2.252 2.268 2.252 2.260 80067088.00 215319216.00
2016/05/19 2.270 2.278 2.253 2.261 67189000.00 180368288.00
2016/05/20 2.244 2.286 2.244 2.269 99488320.00 267627072.00
2016/05/23 2.267 2.301 2.258 2.275 75847576.00 205235552.00
2016/05/24 2.276 2.276 2.259 2.276 61534368.00 165695376.00
2016/05/25 2.309 2.368 2.309 2.360 150287872.00 416890112.00
2016/05/26 2.356 2.364 2.313 2.347 77760064.00 215433136.00
2016/05/27 2.344 2.370 2.328 2.361 115577248.00 322552608.00
2016/05/30 2.363 2.389 2.355 2.372 123244760.00 345810208.00
2016/05/31 2.380 2.422 2.371 2.405 182432720.00 518475616.00
2016/06/01 2.408 2.416 2.383 2.391 85248360.00 241063296.00
2016/06/02 2.393 2.410 2.376 2.401 82864024.00 235065520.00
2016/06/03 2.405 2.430 2.396 2.413 99469776.00 283436736.00
2016/06/06 2.403 2.428 2.378 2.428 108671016.00 310651552.00
2016/06/07 2.441 2.484 2.433 2.484 111433992.00 325145408.00
2016/06/08 2.492 2.517 2.483 2.508 99957888.00 295677664.00
2016/06/10 2.492 2.508 2.407 2.415 139656416.00 403562784.00
2016/06/13 2.382 2.399 2.365 2.373 146632832.00 411160224.00
2016/06/14 2.365 2.398 2.365 2.390 85895880.00 241914976.00
2016/06/15 2.373 2.415 2.364 2.390 128379064.00 360644384.00
2016/06/16 2.372 2.380 2.338 2.347 159484992.00 441942560.00
2016/06/17 2.374 2.383 2.357 2.366 112232688.00 313509984.00
2016/06/20 2.388 2.439 2.379 2.430 118306584.00 338085280.00
2016/06/21 2.437 2.487 2.437 2.479 130533800.00 379703744.00
2016/06/22 2.498 2.507 2.447 2.498 130824008.00 383563808.00
2016/06/23 2.497 2.505 2.480 2.497 83540408.00 246271536.00
2016/06/24 2.459 2.518 2.391 2.459 314111008.00 903776640.00
2016/06/27 2.446 2.523 2.446 2.497 160401952.00 467655840.00
2016/06/28 2.486 2.538 2.478 2.529 201233888.00 590373632.00
2016/06/29 2.402 2.402 2.368 2.385 134823440.00 376233440.00
2016/06/30 2.410 2.419 2.393 2.419 147622384.00 416158720.00
2016/07/04 2.451 2.468 2.416 2.459 95181936.00 272027584.00
2016/07/05 2.455 2.455 2.403 2.421 59958212.00 169559040.00
2016/07/06 2.404 2.413 2.378 2.387 80740504.00 224228976.00
2016/07/07 2.394 2.412 2.377 2.403 41291712.00 114836752.00
2016/07/08 2.378 2.396 2.370 2.387 46867436.00 129475240.00
2016/07/11 2.413 2.430 2.404 2.421 75685176.00 212270640.00
2016/07/12 2.434 2.459 2.416 2.451 96471880.00 272741632.00
2016/07/13 2.457 2.475 2.440 2.457 209538208.00 595681344.00
2016/07/14 2.430 2.473 2.430 2.473 91230664.00 260574864.00
2016/07/15 2.473 2.490 2.455 2.455 103067368.00 295692896.00
2016/07/18 2.470 2.478 2.461 2.478 51626256.00 147595984.00
2016/07/19 2.461 2.479 2.444 2.453 56206936.00 160066752.00
2016/07/20 2.443 2.469 2.443 2.469 70821128.00 201930528.00
2016/07/21 2.466 2.492 2.457 2.475 93103560.00 267527056.00
2016/07/22 2.458 2.467 2.450 2.450 63965512.00 182932352.00
2016/07/25 2.465 2.474 2.448 2.474 60700200.00 173383328.00
2016/07/26 2.454 2.514 2.445 2.471 132356680.00 382515552.00
2016/07/27 2.475 2.510 2.450 2.493 112351168.00 324668832.00
2016/07/28 2.481 2.490 2.456 2.473 65613076.00 188985792.00
2016/07/29 2.461 2.478 2.444 2.444 71219224.00 203943680.00
2016/08/01 2.452 2.495 2.452 2.495 99005088.00 288017088.00
2016/08/03 2.457 2.482 2.448 2.448 80322352.00 231809216.00
2016/08/04 2.466 2.492 2.458 2.475 60363928.00 174483296.00
2016/08/05 2.491 2.509 2.483 2.500 98149288.00 286306272.00
2016/08/08 2.517 2.534 2.508 2.525 64739816.00 190040928.00
2016/08/09 2.515 2.533 2.507 2.533 53873264.00 158530096.00
2016/08/10 2.539 2.547 2.530 2.547 60626788.00 179608576.00
2016/08/11 2.537 2.597 2.520 2.571 151373360.00 454644896.00
2016/08/12 2.608 2.617 2.582 2.600 163504864.00 495961856.00
2016/08/15 2.595 2.655 2.595 2.647 178085536.00 548587648.00
2016/08/16 2.641 2.667 2.624 2.641 130401656.00 402913472.00
2016/08/17 2.641 2.666 2.615 2.649 187527344.00 580926720.00
2016/08/18 2.658 2.709 2.658 2.684 220117552.00 692038016.00
2016/08/19 2.699 2.707 2.647 2.647 130105904.00 406081280.00
2016/08/22 2.665 2.691 2.648 2.691 114656904.00 356297568.00
2016/08/23 2.679 2.705 2.662 2.705 96834200.00 302698432.00
2016/08/24 2.698 2.698 2.639 2.681 90956688.00 282769504.00
2016/08/25 2.680 2.689 2.646 2.671 82148160.00 255413424.00
2016/08/26 2.666 2.684 2.658 2.684 67951888.00 211451600.00
2016/08/29 2.672 2.706 2.663 2.681 81978944.00 255491648.00
2016/08/30 2.679 2.722 2.679 2.714 102042352.00 320957728.00
2016/08/31 2.708 2.751 2.700 2.751 113773456.00 361891616.00
2016/09/01 2.738 2.807 2.712 2.798 226794384.00 732534848.00
2016/09/02 2.787 2.839 2.787 2.839 231444896.00 758382528.00
2016/09/05 2.871 2.889 2.854 2.871 167415104.00 558421184.00
2016/09/06 2.863 2.889 2.829 2.889 181597744.00 605119616.00
2016/09/07 2.884 2.927 2.884 2.918 226386448.00 767407552.00
2016/09/08 2.903 2.938 2.903 2.903 181606864.00 616981120.00
2016/09/09 2.906 2.983 2.897 2.957 251303296.00 861854144.00
2016/09/12 2.898 2.898 2.821 2.829 213328304.00 706055552.00
2016/09/13 2.847 2.873 2.795 2.813 105651072.00 347915744.00
2016/09/14 2.819 2.845 2.802 2.811 84711536.00 277058368.00
2016/09/15 2.828 2.845 2.811 2.828 88622464.00 290983232.00
2016/09/19 2.867 2.918 2.858 2.875 172110320.00 578120832.00
2016/09/20 2.876 2.902 2.841 2.884 98820312.00 331455360.00
2016/09/21 2.891 2.951 2.856 2.925 144469408.00 489868608.00
2016/09/22 2.959 2.985 2.882 2.925 248791392.00 850607040.00
2016/09/23 2.957 2.957 2.897 2.906 173921776.00 593016256.00
2016/09/26 2.900 2.917 2.857 2.866 106238968.00 356062240.00
2016/09/27 2.836 2.948 2.827 2.930 270234496.00 916202240.00
2016/09/28 2.906 2.958 2.863 2.932 315615040.00 1069098176.00
2016/09/29 2.951 2.951 2.908 2.933 97177912.00 330818144.00
2016/09/30 2.910 2.919 2.858 2.858 101771640.00 340722336.00
2016/10/03 2.893 2.927 2.876 2.893 46477372.00 156557392.00
2016/10/04 2.910 2.936 2.893 2.936 60663820.00 205754400.00
2016/10/05 2.901 2.962 2.901 2.927 61317620.00 209053728.00
2016/10/06 2.927 2.970 2.927 2.953 115771424.00 396660448.00
2016/10/07 2.936 2.962 2.936 2.945 63482680.00 217036192.00
2016/10/11 2.966 2.984 2.897 2.914 109105640.00 370217376.00
2016/10/12 2.913 2.913 2.826 2.835 140581232.00 461815264.00
2016/10/13 2.819 2.837 2.767 2.767 155078320.00 499956416.00
2016/10/14 2.770 2.814 2.762 2.814 125435000.00 403261472.00
2016/10/17 2.831 2.840 2.779 2.788 61555064.00 198168224.00
2016/10/18 2.802 2.854 2.785 2.845 102644976.00 334170048.00
2016/10/19 2.837 2.846 2.777 2.803 113424536.00 366372768.00
2016/10/20 2.820 2.837 2.802 2.811 64381380.00 209153712.00
2016/10/24 2.818 2.879 2.810 2.879 85585632.00 280264128.00
2016/10/25 2.856 2.891 2.847 2.882 53165096.00 175009104.00
2016/10/26 2.872 2.872 2.837 2.854 33266716.00 108622520.00
2016/10/27 2.873 2.873 2.803 2.821 67462184.00 218121552.00
2016/10/28 2.835 2.844 2.800 2.818 60905812.00 196124704.00
2016/10/31 2.800 2.870 2.800 2.852 71371600.00 233077104.00
2016/11/01 2.856 2.909 2.856 2.891 101589920.00 336434464.00
2016/11/02 2.849 2.857 2.814 2.822 60785804.00 197185168.00
2016/11/03 2.811 2.846 2.802 2.820 60186744.00 195074864.00
2016/11/04 2.803 2.838 2.794 2.829 58071352.00 188469344.00
2016/11/07 2.820 2.873 2.812 2.847 68881328.00 224765040.00
2016/11/08 2.877 2.877 2.842 2.868 45898744.00 150165184.00
2016/11/09 2.895 2.895 2.712 2.790 252763728.00 800786240.00
2016/11/10 2.836 2.862 2.810 2.810 104511600.00 337621856.00
2016/11/11 2.810 2.810 2.749 2.775 175185040.00 553752512.00
2016/11/14 2.755 2.773 2.729 2.737 120696624.00 376689344.00
2016/11/15 2.764 2.799 2.737 2.764 71187064.00 223240160.00
2016/11/16 2.768 2.794 2.750 2.750 59609632.00 186852864.00
2016/11/17 2.754 2.780 2.745 2.754 66393880.00 207249776.00
2016/11/18 2.758 2.785 2.749 2.767 51637656.00 161115104.00
2016/11/21 2.784 2.810 2.766 2.775 78467600.00 245730880.00
2016/11/22 2.785 2.829 2.776 2.820 78257136.00 248521488.00
2016/11/23 2.825 2.905 2.825 2.852 135229392.00 437491808.00
2016/11/24 2.859 2.859 2.824 2.850 64811900.00 206907040.00
2016/11/25 2.836 2.880 2.836 2.863 65683868.00 211026080.00
2016/11/28 2.857 2.920 2.857 2.911 121260448.00 396039520.00
2016/11/29 2.887 2.922 2.887 2.896 133981680.00 437473888.00
2016/11/30 2.886 2.921 2.877 2.886 145500368.00 474000640.00
2016/12/01 2.907 2.952 2.898 2.907 118867856.00 391061248.00
2016/12/02 2.883 2.901 2.865 2.874 107865504.00 350565280.00
2016/12/05 2.868 2.886 2.833 2.868 101509152.00 326201824.00
2016/12/06 2.874 2.883 2.856 2.865 51045516.00 165522240.00
2016/12/07 2.892 2.910 2.883 2.901 80694168.00 263878912.00
2016/12/08 2.933 2.960 2.906 2.924 117546696.00 388606528.00
2016/12/09 2.917 2.952 2.908 2.926 100135080.00 329524384.00
2016/12/12 2.929 2.938 2.885 2.902 99079024.00 323692800.00
2016/12/13 2.879 2.905 2.870 2.879 129345224.00 419774944.00
2016/12/14 2.910 2.910 2.865 2.874 86663408.00 280307648.00
2016/12/15 2.858 2.867 2.813 2.831 161330064.00 511113600.00
2016/12/16 2.822 2.902 2.822 2.849 139116032.00 396278752.00
