2010/12/17 4.513 4.539 4.496 4.504 92249000.00 485039904.00
2010/12/20 4.497 4.497 4.377 4.411 37490000.00 193568784.00
2010/12/21 4.384 4.461 4.359 4.393 82140920.00 420740032.00
2010/12/22 4.451 4.588 4.434 4.468 90846000.00 479343104.00
2010/12/23 4.503 4.512 4.409 4.418 24294000.00 127362176.00
2010/12/24 4.377 4.437 4.326 4.403 15108000.00 77470928.00
2010/12/28 4.385 4.385 4.325 4.351 9134000.00 46588312.00
2010/12/29 4.350 4.410 4.342 4.376 12090000.00 61935816.00
2010/12/30 4.391 4.391 4.332 4.357 11527000.00 59118848.00
2010/12/31 4.374 4.459 4.357 4.450 11939000.00 61978008.00
2011/01/03 4.467 4.569 4.425 4.527 46288000.00 246310896.00
2011/01/04 4.533 4.721 4.533 4.695 76084944.00 414670048.00
2011/01/05 4.693 4.710 4.540 4.565 178871296.00 953893760.00
2011/01/06 4.608 4.762 4.591 4.753 39931000.00 218412656.00
2011/01/07 4.753 5.026 4.736 4.907 125903000.00 723520576.00
2011/01/10 4.908 4.942 4.814 4.865 17640000.00 100483832.00
2011/01/11 4.828 4.930 4.734 4.879 21518000.00 122645248.00
2011/01/12 4.915 5.009 4.873 4.975 43743000.00 255030864.00
2011/01/13 4.967 5.010 4.823 4.874 47383476.00 272994144.00
2011/01/14 4.839 4.865 4.831 4.839 23700000.00 135474864.00
2011/01/17 4.848 4.890 4.704 4.721 23642448.00 133582960.00
2011/01/18 4.745 4.957 4.745 4.906 26196552.00 151192192.00
2011/01/19 4.905 4.930 4.803 4.913 18394430.00 105639344.00
2011/01/20 4.896 4.896 4.760 4.811 20094592.00 114367368.00
2011/01/21 4.773 4.807 4.630 4.723 32236000.00 179386912.00
2011/01/24 4.744 4.753 4.592 4.634 16366000.00 89869752.00
2011/01/25 4.563 4.631 4.437 4.563 58358500.00 313979520.00
2011/01/26 4.609 4.668 4.533 4.575 30076000.00 162935296.00
2011/01/27 4.570 4.587 4.494 4.545 18370000.00 98865400.00
2011/01/28 4.503 4.546 4.385 4.436 60589560.00 316598304.00
2011/01/31 4.397 4.465 4.329 4.465 13748000.00 71322632.00
2011/02/01 4.452 4.469 4.359 4.418 12421000.00 64812904.00
2011/02/02 4.461 4.663 4.435 4.613 29859980.00 161832160.00
2011/02/07 4.613 4.630 4.537 4.545 11254509.00 60850080.00
2011/02/08 4.545 4.579 4.494 4.503 10953607.00 58689456.00
2011/02/09 4.483 4.517 4.450 4.458 16667916.00 87901504.00
2011/02/10 4.398 4.482 4.355 4.381 31201000.00 162460352.00
2011/02/11 4.403 4.403 4.242 4.309 46718000.00 238099824.00
2011/02/14 4.352 4.479 4.292 4.436 15884000.00 82561888.00
2011/02/15 4.441 4.441 4.348 4.424 11697560.00 61099140.00
2011/02/16 4.411 4.453 4.369 4.436 15498370.00 80898224.00
2011/02/17 4.436 4.554 4.393 4.545 7630000.00 40594780.00
2011/02/18 4.545 4.747 4.519 4.739 40567000.00 223184160.00
2011/02/21 4.651 4.913 4.643 4.904 79429296.00 454244800.00
2011/02/22 4.731 5.026 4.680 4.773 61732000.00 352077440.00
2011/02/23 4.731 4.798 4.697 4.714 33303726.00 187421280.00
2011/02/24 4.727 4.912 4.693 4.820 35692000.00 203886016.00
2011/02/25 4.893 5.053 4.859 4.969 61557000.00 364261024.00
2011/02/28 4.961 5.138 4.944 5.129 38361000.00 230331968.00
2011/03/01 5.104 5.298 5.096 5.256 55284000.00 344204256.00
2011/03/02 5.172 5.189 5.045 5.088 18216284.00 111005520.00
2011/03/03 5.084 5.228 5.084 5.135 10833880.00 66217164.00
2011/03/04 5.186 5.186 5.009 5.093 11377100.00 68490680.00
2011/03/07 5.058 5.117 4.974 4.990 10623909.00 63678692.00
2011/03/08 4.977 5.145 4.943 5.120 16075000.00 96380760.00
2011/03/09 5.149 5.452 5.132 5.309 38594500.00 243030368.00
2011/03/10 5.307 5.324 5.198 5.240 23650488.00 147290912.00
2011/03/11 5.157 5.233 5.073 5.132 30193000.00 183746496.00
2011/03/14 5.069 5.128 5.060 5.111 14922000.00 90251776.00
2011/03/15 5.066 5.083 4.855 4.990 18098200.00 106700864.00
2011/03/16 5.059 5.227 5.017 5.160 21738000.00 132181432.00
2011/03/17 5.035 5.093 4.959 4.984 26502594.00 158956064.00
2011/03/18 5.008 5.076 4.941 4.966 14403000.00 85515328.00
2011/03/21 4.982 5.015 4.948 4.973 52252000.00 309276224.00
2011/03/22 5.014 5.106 4.997 5.056 29311000.00 175431648.00
2011/03/23 5.058 5.108 4.957 4.974 12219000.00 73017368.00
2011/03/24 5.052 5.262 5.043 5.195 43949232.00 271011072.00
2011/03/25 5.258 5.292 5.182 5.266 24105000.00 149927920.00
2011/03/28 5.269 5.295 5.008 5.118 24146000.00 147309904.00
2011/03/29 4.796 4.796 4.460 4.477 283717760.00 1537506816.00
2011/03/30 4.435 4.477 4.376 4.401 147875968.00 777581312.00
2011/03/31 4.430 4.557 4.430 4.498 105132096.00 562204032.00
2011/04/01 4.524 4.591 4.507 4.566 36536360.00 197033792.00
2011/04/04 4.582 4.608 4.515 4.549 65538856.00 355613696.00
2011/04/06 4.517 4.542 4.424 4.449 51147900.00 270940768.00
2011/04/07 4.462 4.546 4.445 4.529 40183248.00 215525104.00
2011/04/08 4.537 4.546 4.478 4.512 21597000.00 115453536.00
2011/04/11 4.529 4.554 4.445 4.479 36106000.00 192249008.00
2011/04/12 4.454 4.479 4.420 4.462 26221800.00 138409072.00
2011/04/13 4.431 4.524 4.423 4.515 25895628.00 137906624.00
2011/04/14 4.478 4.487 4.445 4.453 16539000.00 87752568.00
2011/04/15 4.451 4.502 4.451 4.460 17790000.00 94665032.00
2011/04/18 4.452 4.452 4.368 4.376 39688000.00 207677424.00
2011/04/19 4.359 4.367 4.300 4.367 22647000.00 116662272.00
2011/04/20 4.374 4.500 4.366 4.500 33035426.00 174838112.00
2011/04/21 4.499 4.566 4.482 4.524 44609600.00 241005744.00
2011/04/26 4.495 4.537 4.461 4.537 14658520.00 78550560.00
2011/04/27 4.540 4.540 4.473 4.531 21833000.00 117609528.00
2011/04/28 4.538 4.538 4.471 4.513 12663129.00 68271256.00
2011/04/29 4.508 4.525 4.483 4.508 10193459.00 54878372.00
2011/05/03 4.510 4.527 4.485 4.510 13355456.00 71968176.00
2011/05/04 4.503 4.503 4.377 4.394 7820000.00 41171796.00
2011/05/05 4.409 4.485 4.351 4.476 18081000.00 95451320.00
2011/05/06 4.457 4.466 4.407 4.441 10718000.00 56939944.00
2011/05/09 4.441 4.482 4.424 4.474 15452000.00 82231856.00
2011/05/11 4.496 4.546 4.454 4.530 45855940.00 247434528.00
2011/05/12 4.499 4.516 4.458 4.483 13142000.00 70480592.00
2011/05/13 4.509 4.534 4.408 4.509 18343000.00 97927008.00
2011/05/16 4.505 4.505 4.388 4.413 16356000.00 86244320.00
2011/05/17 4.437 4.496 4.412 4.420 39613000.00 209808640.00
2011/05/18 4.436 4.486 4.428 4.486 24171428.00 129107608.00
2011/05/19 4.602 4.794 4.560 4.577 42208000.00 232057728.00
2011/05/20 4.598 4.614 4.547 4.598 30160000.00 165458544.00
2011/05/23 4.582 4.598 4.498 4.548 26291000.00 142996800.00
2011/05/24 4.549 4.574 4.482 4.557 15788300.00 85554784.00
2011/05/25 4.551 4.593 4.501 4.560 13352000.00 72815888.00
2011/05/26 4.588 4.588 4.554 4.579 13135200.00 71889240.00
2011/05/27 4.586 4.644 4.561 4.628 17104000.00 94055120.00
2011/05/30 4.659 4.751 4.626 4.718 46177956.00 261027024.00
2011/05/31 4.694 4.827 4.610 4.635 147519072.00 830492160.00
2011/06/01 4.619 4.635 4.444 4.469 68338984.00 373404640.00
2011/06/02 4.420 4.453 4.378 4.445 29974620.00 159098384.00
2011/06/03 4.419 4.435 4.269 4.285 46472000.00 241774432.00
2011/06/07 4.249 4.399 4.208 4.399 24638324.00 128159136.00
2011/06/08 4.381 4.389 4.273 4.306 13436000.00 69944368.00
2011/06/09 4.290 4.332 4.182 4.190 23598400.00 119661440.00
2011/06/10 4.192 4.242 4.042 4.083 19048000.00 94122928.00
2011/06/13 4.002 4.044 3.910 4.027 33131782.00 157957056.00
2011/06/14 3.997 4.122 3.955 4.055 26029970.00 127092840.00
2011/06/15 4.087 4.121 4.004 4.021 13261000.00 64716192.00
2011/06/16 4.009 4.009 3.909 3.959 15413000.00 72819688.00
2011/06/17 3.956 4.081 3.907 3.923 8950000.00 42867200.00
2011/06/20 3.935 3.976 3.661 3.678 35353000.00 159039808.00
2011/06/21 3.719 3.935 3.595 3.910 46622424.00 210177808.00
2011/06/22 3.895 3.928 3.654 3.671 34732000.00 156083744.00
2011/06/23 3.674 3.682 3.574 3.649 26994048.00 117988784.00
2011/06/24 3.657 3.823 3.649 3.798 29614624.00 134422448.00
2011/06/27 3.757 3.873 3.715 3.823 13773000.00 63359984.00
2011/06/28 3.848 3.873 3.748 3.765 11132000.00 50766356.00
2011/06/29 3.807 3.841 3.741 3.749 11151468.00 50916880.00
2011/06/30 3.776 3.825 3.776 3.809 6951771.00 31743532.00
2011/07/04 3.906 4.055 3.881 4.055 32382700.00 154140704.00
2011/07/05 4.055 4.055 3.914 3.964 12392000.00 58964148.00
2011/07/06 3.950 3.950 3.892 3.909 13146584.00 61698636.00
2011/07/07 3.934 3.992 3.909 3.926 59669000.00 283627552.00
2011/07/08 3.941 3.982 3.932 3.957 22798000.00 108334936.00
2011/07/11 3.958 3.958 3.833 3.866 14541000.00 68450048.00
2011/07/12 3.791 3.807 3.624 3.641 25716000.00 113904752.00
2011/07/13 3.696 3.763 3.655 3.680 14306000.00 63718916.00
2011/07/14 3.693 3.693 3.660 3.693 6805000.00 30210328.00
2011/07/15 3.685 3.685 3.635 3.644 4765000.00 20975110.00
2011/07/18 3.651 3.684 3.593 3.626 6431500.00 28190812.00
2011/07/19 3.609 3.609 3.460 3.526 17337880.00 73248928.00
2011/07/20 3.564 3.614 3.531 3.597 17391500.00 75394408.00
2011/07/21 3.595 3.653 3.595 3.653 7383100.00 32413096.00
2011/07/22 3.675 3.791 3.675 3.782 8305739.00 37597452.00
2011/07/25 3.717 3.725 3.659 3.684 4788629.00 21284486.00
2011/07/26 3.649 3.765 3.641 3.748 6200000.00 27897580.00
2011/07/27 3.697 3.780 3.697 3.755 3491000.00 15773425.00
2011/07/28 3.721 3.721 3.655 3.696 6658000.00 29554294.00
2011/07/29 3.697 3.738 3.647 3.730 8257000.00 36988392.00
2011/08/01 3.752 3.909 3.752 3.876 19425000.00 90859536.00
2011/08/02 3.878 3.878 3.770 3.820 3416000.00 15742450.00
2011/08/03 3.736 3.753 3.662 3.736 16557000.00 74359152.00
2011/08/04 3.724 3.765 3.584 3.633 18858000.00 82976816.00
2011/08/05 3.387 3.527 3.337 3.519 14505000.00 60401680.00
2011/08/08 3.386 3.460 3.312 3.378 17953768.00 73135120.00
2011/08/09 3.172 3.287 3.048 3.180 17452000.00 67548320.00
2011/08/10 3.297 3.305 3.001 3.042 18006000.00 68141056.00
2011/08/11 2.966 2.999 2.868 2.942 25906812.00 92710216.00
2011/08/12 3.004 3.053 2.914 2.963 23176000.00 84796192.00
2011/08/15 3.069 3.208 3.036 3.184 29614958.00 112321616.00
2011/08/16 3.233 3.454 3.233 3.381 37027000.00 152912080.00
2011/08/17 3.408 3.417 3.318 3.343 20293236.00 83286800.00
2011/08/18 3.348 3.357 3.184 3.225 8624000.00 34088896.00
2011/08/19 3.120 3.137 3.005 3.096 15345000.00 57117460.00
2011/08/22 3.028 3.118 2.889 3.020 8878000.00 32522630.00
2011/08/23 3.011 3.044 2.888 3.019 9889887.00 35887824.00
2011/08/24 3.040 3.106 2.942 2.975 10886723.00 40226016.00
2011/08/25 3.026 3.133 3.002 3.100 9615000.00 35982680.00
2011/08/26 3.068 3.134 3.002 3.035 6093000.00 22676730.00
2011/08/29 3.049 3.057 3.008 3.016 2750000.00 10151150.00
2011/08/30 3.056 3.138 3.040 3.056 12594000.00 47539072.00
2011/08/31 3.080 3.088 3.023 3.072 13801625.00 51530168.00
2011/09/01 3.099 3.206 3.058 3.157 40199084.00 153766432.00
2011/09/02 3.151 3.201 3.077 3.127 9671800.00 36793952.00
2011/09/05 3.052 3.068 2.978 2.986 5716000.00 20976204.00
2011/09/06 2.921 2.970 2.790 2.921 11745102.00 41160344.00
2011/09/07 2.930 2.996 2.922 2.979 3219418.00 11620184.00
2011/09/08 2.992 2.992 2.828 2.853 15604480.00 54712212.00
2011/09/09 2.846 2.895 2.805 2.813 9575000.00 33191136.00
2011/09/12 2.739 2.772 2.542 2.583 15888300.00 50879256.00
2011/09/14 2.631 2.631 2.319 2.393 40055064.00 117468904.00
2011/09/15 2.417 2.474 2.351 2.409 12517302.00 36976480.00
2011/09/16 2.456 2.587 2.456 2.530 15026256.00 46428548.00
2011/09/19 2.540 2.540 2.409 2.425 5210435.00 15657285.00
2011/09/20 2.425 2.466 2.368 2.433 3798000.00 11182620.00
2011/09/21 2.439 2.439 2.341 2.407 11275000.00 32951264.00
2011/09/22 2.333 2.333 2.202 2.202 14338179.00 39336664.00
2011/09/23 2.145 2.169 2.022 2.079 24081000.00 61079944.00
2011/09/26 2.067 2.181 1.969 1.985 28812000.00 72546384.00
2011/09/27 2.069 2.175 2.044 2.150 23350706.00 60940576.00
2011/09/28 2.138 2.138 2.016 2.032 23734000.00 60148672.00
2011/09/30 1.998 2.030 1.941 1.973 20646000.00 49928072.00
2011/10/03 1.884 1.949 1.810 1.826 21418776.00 48504008.00
2011/10/04 1.794 1.867 1.753 1.786 9792967.00 21506496.00
2011/10/06 1.892 1.916 1.826 1.859 13098813.00 30084432.00
2011/10/07 1.908 2.022 1.892 1.981 41373000.00 97729000.00
2011/10/10 2.010 2.026 1.904 1.953 8872421.00 21078392.00
2011/10/11 2.072 2.170 2.048 2.105 38837000.00 100009056.00
2011/10/12 2.084 2.272 2.068 2.256 29528038.00 79607552.00
2011/10/13 2.343 2.515 2.319 2.393 28510000.00 83279984.00
2011/10/14 2.353 2.517 2.345 2.443 27821000.00 82221344.00
2011/10/17 2.498 2.507 2.375 2.466 10142000.00 30190630.00
2011/10/18 2.352 2.377 2.213 2.254 17502000.00 48836020.00
2011/10/19 2.295 2.311 2.155 2.172 17974000.00 48626936.00
2011/10/20 2.161 2.161 2.079 2.120 9650713.00 24792618.00
2011/10/21 2.134 2.200 2.110 2.175 7271000.00 19178060.00
2011/10/24 2.214 2.385 2.214 2.352 14871935.00 42174712.00
2011/10/25 2.349 2.447 2.349 2.390 17249422.00 50889584.00
2011/10/26 2.391 2.554 2.375 2.530 35571400.00 108441824.00
2011/10/27 2.581 2.858 2.581 2.834 61486400.00 207245248.00
2011/10/28 2.892 3.006 2.892 2.966 46457712.00 169086304.00
2011/10/31 2.948 3.005 2.753 2.850 34287108.00 119526896.00
2011/11/01 2.689 2.795 2.615 2.672 29883000.00 99459640.00
2011/11/02 2.574 2.900 2.541 2.883 22988504.00 76995336.00
2011/11/03 2.814 3.082 2.781 2.968 35385000.00 129789608.00
2011/11/04 3.122 3.187 3.041 3.171 30287312.00 116663320.00
2011/11/07 3.214 3.214 3.003 3.035 14459113.00 54761424.00
2011/11/08 3.069 3.158 3.036 3.126 17268100.00 65608008.00
2011/11/09 3.181 3.205 3.124 3.173 12742100.00 49731844.00
2011/11/10 2.989 2.997 2.826 2.859 32933100.00 118289504.00
2011/11/11 2.897 3.076 2.897 3.019 18918246.00 69692624.00
2011/11/14 3.108 3.198 3.108 3.133 18382000.00 71320152.00
2011/11/15 3.097 3.220 3.073 3.203 10509000.00 40962876.00
2011/11/16 3.223 3.223 3.044 3.125 13053630.00 49841252.00
2011/11/17 3.045 3.200 3.045 3.151 11385000.00 44130168.00
2011/11/18 3.068 3.150 2.978 3.027 21766000.00 81447280.00
2011/11/21 2.936 2.969 2.781 2.846 23415000.00 81521208.00
2011/11/22 2.798 2.872 2.709 2.733 22762880.00 76983024.00
2011/11/23 2.722 2.722 2.591 2.632 15672000.00 50649392.00
2011/11/24 2.602 2.765 2.585 2.740 16287000.00 54112404.00
2011/11/25 2.650 2.715 2.633 2.641 5732000.00 18716770.00
2011/11/28 2.684 2.847 2.676 2.831 11214000.00 38113048.00
2011/11/29 2.855 2.863 2.749 2.790 8128000.00 27992300.00
2011/11/30 2.787 2.901 2.747 2.771 9839000.00 33975236.00
2011/12/01 3.073 3.219 3.032 3.170 35236072.00 135693936.00
2011/12/02 3.121 3.235 3.072 3.219 20494000.00 79440000.00
2011/12/05 3.221 3.319 3.155 3.302 17106000.00 68542752.00
2011/12/06 3.243 3.316 3.170 3.267 18431188.00 73322352.00
2011/12/07 3.284 3.366 3.251 3.341 13601031.00 55679392.00
2011/12/08 3.315 3.380 3.291 3.372 10867730.00 44569752.00
2011/12/09 3.283 3.356 3.226 3.242 7864719.00 31657272.00
2011/12/12 3.327 3.327 3.140 3.148 6060000.00 24048450.00
2011/12/13 3.118 3.142 3.061 3.118 8372634.00 31836100.00
2011/12/14 3.080 3.202 3.056 3.170 9022000.00 34874396.00
2011/12/15 3.170 3.227 3.064 3.202 12657439.00 49215832.00
2011/12/16 3.175 3.395 3.143 3.387 16459514.00 66825776.00
2011/12/19 3.318 3.383 3.228 3.228 15856000.00 64544808.00
2011/12/20 3.231 3.305 3.134 3.134 11940500.00 46874928.00
2011/12/21 3.220 3.252 3.171 3.236 9341755.00 36892900.00
2011/12/22 3.195 3.325 3.195 3.292 6326391.00 25520148.00
2011/12/23 3.331 3.331 3.266 3.323 3357000.00 13636360.00
2011/12/28 3.264 3.313 3.223 3.288 2042000.00 8195760.00
2011/12/29 3.241 3.289 3.208 3.249 4212030.00 16847370.00
2011/12/30 3.243 3.283 3.218 3.259 3994976.00 15993814.00
2012/01/03 3.308 3.340 3.259 3.324 7456961.00 30507948.00
2012/01/04 3.334 3.366 3.309 3.334 6808592.00 27993072.00
2012/01/05 3.340 3.356 3.283 3.340 5113592.00 20934504.00
2012/01/06 3.319 3.343 3.262 3.278 3773000.00 15204635.00
2012/01/09 3.265 3.338 3.143 3.322 8564821.00 33874800.00
2012/01/10 3.343 3.384 3.303 3.343 11862689.00 48466344.00
2012/01/11 3.374 3.545 3.342 3.504 22059750.00 92946088.00
2012/01/12 3.508 3.639 3.492 3.598 23476000.00 103147424.00
2012/01/13 3.653 3.718 3.572 3.710 21461000.00 96387208.00
2012/01/16 3.635 3.806 3.635 3.781 21659000.00 98661688.00
2012/01/17 3.819 3.843 3.754 3.794 22148996.00 103600512.00
2012/01/18 3.793 3.826 3.712 3.809 29268000.00 135988016.00
2012/01/19 3.825 3.939 3.817 3.850 36076800.00 172791072.00
2012/01/20 3.864 3.937 3.742 3.766 11344000.00 52652092.00
2012/01/26 3.807 3.840 3.669 3.693 18084860.00 82359568.00
2012/01/27 3.677 3.734 3.628 3.677 16158000.00 73282208.00
2012/01/30 3.642 3.667 3.528 3.553 12078000.00 53037772.00
2012/01/31 3.556 3.645 3.507 3.572 19238000.00 84520592.00
2012/02/01 3.564 3.694 3.539 3.564 14241000.00 63035080.00
2012/02/02 3.611 3.790 3.611 3.750 32377000.00 147869152.00
2012/02/03 3.743 3.767 3.702 3.735 18472550.00 84949360.00
2012/02/06 3.800 3.800 3.621 3.654 14001672.00 63878264.00
2012/02/07 3.687 3.712 3.630 3.671 5254025.00 23668990.00
2012/02/08 3.666 3.715 3.650 3.698 11444000.00 51972988.00
2012/02/09 3.722 3.778 3.640 3.697 20567002.00 93726832.00
2012/02/10 3.668 3.692 3.425 3.457 37422000.00 160928928.00
2012/02/13 3.449 3.465 3.335 3.408 34024004.00 142510528.00
2012/02/14 3.426 3.474 3.393 3.442 13336009.00 56505016.00
2012/02/15 3.443 3.597 3.410 3.581 23464214.00 102300880.00
2012/02/16 3.574 3.656 3.518 3.631 17534500.00 78018456.00
2012/02/17 3.645 3.710 3.564 3.670 13074000.00 58469120.00
2012/02/20 3.774 3.856 3.734 3.807 35434000.00 166081744.00
2012/02/21 3.816 3.816 3.694 3.792 13198000.00 61113800.00
2012/02/22 3.793 3.850 3.753 3.850 16153000.00 75843392.00
2012/02/23 3.844 3.861 3.779 3.853 9700000.00 45782568.00
2012/02/24 3.816 3.881 3.775 3.873 14656000.00 69200736.00
2012/02/27 3.858 3.858 3.712 3.728 6268000.00 29077508.00
2012/02/28 3.775 3.856 3.678 3.840 15489434.00 72219352.00
2012/02/29 3.838 3.894 3.805 3.886 23962000.00 114144736.00
2012/03/01 3.835 3.859 3.762 3.811 6541000.00 30623200.00
2012/03/02 3.849 3.849 3.736 3.760 12845666.00 59667704.00
2012/03/05 3.759 3.759 3.637 3.645 15893000.00 71727256.00
2012/03/06 3.627 3.635 3.481 3.489 17828000.00 76803128.00
2012/03/07 3.445 3.510 3.420 3.461 9872467.00 41989164.00
2012/03/08 3.462 3.600 3.462 3.592 11642664.00 50424844.00
2012/03/09 3.610 3.610 3.504 3.528 18288516.00 79517112.00
2012/03/12 3.565 3.565 3.442 3.450 9347556.00 39830240.00
2012/03/13 3.498 3.621 3.482 3.612 18705000.00 81884328.00
2012/03/14 3.680 3.721 3.550 3.590 19386000.00 86619080.00
2012/03/15 3.624 3.624 3.477 3.485 6829000.00 29656900.00
2012/03/16 3.485 3.526 3.420 3.420 20540000.00 86964720.00
2012/03/19 3.421 3.454 3.291 3.332 21515000.00 88825536.00
2012/03/20 3.410 3.434 3.272 3.426 69291112.00 288792672.00
2012/03/21 3.429 3.429 3.299 3.324 25613500.00 106077680.00
2012/03/22 3.319 3.368 3.319 3.360 18088316.00 74634232.00
2012/03/23 3.321 3.345 3.304 3.329 9081000.00 37293528.00
2012/03/26 3.358 3.358 3.124 3.164 28176000.00 111200128.00
2012/03/27 3.195 3.252 3.033 3.058 41842456.00 160893840.00
2012/03/28 3.063 3.103 3.038 3.079 18296000.00 69562040.00
2012/03/29 3.056 3.088 2.991 3.015 17099264.00 63674240.00
2012/03/30 2.983 3.056 2.959 3.007 24256324.00 89717056.00
2012/04/02 3.024 3.048 2.934 2.991 14030000.00 51323904.00
2012/04/03 3.024 3.161 2.999 3.145 26351004.00 101150392.00
2012/04/05 3.052 3.182 3.044 3.150 18761200.00 72119008.00
2012/04/10 3.085 3.142 3.061 3.110 9384000.00 36000952.00
2012/04/11 3.043 3.108 2.987 3.027 20378000.00 75928160.00
2012/04/12 3.042 3.196 3.042 3.180 27269000.00 105037728.00
2012/04/13 3.264 3.459 3.232 3.345 70750872.00 291851936.00
2012/04/16 3.327 3.327 3.067 3.084 75416544.00 293050752.00
2012/04/17 3.040 3.073 2.805 2.878 151232992.00 540175104.00
2012/04/18 2.904 2.985 2.855 2.945 75403000.00 272526112.00
2012/04/19 2.947 3.052 2.930 3.044 39870000.00 147118976.00
2012/04/20 3.037 3.037 2.989 2.989 27625576.00 102396384.00
2012/04/23 3.034 3.034 2.848 2.856 66891000.00 240098352.00
2012/04/24 2.874 2.923 2.858 2.906 26997000.00 96186408.00
2012/04/25 2.919 2.927 2.895 2.919 10400000.00 37292592.00
2012/04/26 2.915 2.939 2.907 2.931 17303000.00 62487516.00
2012/04/27 2.946 2.962 2.889 2.905 14241200.00 51260196.00
2012/04/30 2.921 2.929 2.865 2.905 26265000.00 94077512.00
2012/05/02 2.924 2.949 2.908 2.908 35175032.00 127490624.00
2012/05/03 2.917 2.917 2.861 2.869 19385000.00 69078304.00
2012/05/04 2.870 2.934 2.870 2.926 16647120.00 59969564.00
2012/05/07 2.883 2.940 2.883 2.899 25586000.00 91856048.00
2012/05/08 2.921 2.929 2.896 2.913 10009340.00 36070092.00
2012/05/09 2.908 2.908 2.859 2.883 17801200.00 63496220.00
2012/05/10 2.732 2.732 2.603 2.635 36766000.00 119690536.00
2012/05/11 2.636 2.652 2.595 2.644 12675012.00 41106560.00
2012/05/14 2.679 2.687 2.598 2.606 6603643.00 21466486.00
2012/05/15 2.584 2.625 2.552 2.601 12384063.00 39365716.00
2012/05/16 2.547 2.563 2.457 2.498 18472000.00 56860768.00
2012/05/17 2.507 2.532 2.401 2.434 17074214.00 51886876.00
2012/05/18 2.359 2.424 2.351 2.391 26041500.00 76469872.00
2012/05/21 2.389 2.487 2.389 2.454 31289000.00 93895344.00
2012/05/22 2.502 2.648 2.494 2.575 35437000.00 111469200.00
2012/05/23 2.548 2.613 2.523 2.556 23830356.00 74824896.00
2012/05/24 2.574 2.631 2.549 2.590 16215214.00 51591888.00
2012/05/25 2.583 2.656 2.575 2.591 14296000.00 45619456.00
2012/05/28 2.591 2.599 2.509 2.583 9307010.00 29278534.00
2012/05/29 2.575 2.673 2.559 2.656 10986002.00 35364436.00
2012/05/30 2.641 2.658 2.584 2.641 11689800.00 37482280.00
2012/05/31 2.586 2.717 2.578 2.700 14325501.00 46411168.00
2012/06/01 2.650 2.732 2.634 2.724 13382686.00 44440872.00
2012/06/04 2.625 2.649 2.576 2.625 16013547.00 51027840.00
2012/06/05 2.624 2.689 2.599 2.608 9229194.00 29974120.00
2012/06/06 2.658 2.699 2.650 2.699 14856000.00 48744292.00
2012/06/07 2.711 2.776 2.614 2.630 15263001.00 50848296.00
2012/06/08 2.655 2.655 2.460 2.509 32049000.00 98666288.00
2012/06/11 2.557 2.573 2.508 2.557 10827188.00 33870460.00
2012/06/12 2.545 2.627 2.521 2.594 16018320.00 50584564.00
2012/06/13 2.610 2.626 2.545 2.626 8060618.00 25610296.00
2012/06/14 2.606 2.639 2.582 2.598 4963147.00 15876005.00
2012/06/15 2.602 2.724 2.586 2.716 39362184.00 129703576.00
2012/06/18 2.745 2.777 2.663 2.671 9289002.00 31032412.00
2012/06/19 2.672 2.721 2.640 2.640 8606033.00 28274740.00
2012/06/20 2.647 2.663 2.590 2.615 9177771.00 29534482.00
2012/06/21 2.592 2.608 2.543 2.567 5891327.00 18653348.00
2012/06/22 2.519 2.567 2.519 2.519 5786310.00 18038826.00
2012/06/25 2.542 2.566 2.452 2.461 10632284.00 32423128.00
2012/06/26 2.468 2.509 2.460 2.501 5731870.00 17461830.00
2012/06/27 2.491 2.557 2.483 2.516 5342000.00 16558590.00
2012/06/28 2.533 2.533 2.460 2.468 6492000.00 19765480.00
2012/06/29 2.486 2.543 2.478 2.535 8966657.00 27727674.00
2012/07/03 2.557 2.582 2.525 2.549 10256000.00 32206542.00
2012/07/04 2.572 2.580 2.532 2.548 7093214.00 22236348.00
2012/07/05 2.567 2.567 2.502 2.559 18402316.00 57143548.00
2012/07/06 2.577 2.577 2.504 2.520 10716000.00 33084684.00
2012/07/09 2.498 2.514 2.465 2.473 11865400.00 36074784.00
2012/07/10 2.477 2.510 2.477 2.510 4884000.00 14970370.00
2012/07/11 2.486 2.543 2.454 2.511 17435020.00 53335992.00
2012/07/12 2.527 2.527 2.389 2.413 34001328.00 101307360.00
2012/07/13 2.422 2.454 2.422 2.430 22474384.00 67108180.00
2012/07/16 2.445 2.461 2.363 2.404 15176857.00 45264680.00
2012/07/17 2.402 2.427 2.370 2.378 9550940.00 28137686.00
2012/07/18 2.377 2.393 2.344 2.369 7158846.00 20796850.00
2012/07/19 2.385 2.433 2.376 2.401 12230009.00 36240944.00
2012/07/20 2.417 2.441 2.401 2.425 7009214.00 20836426.00
2012/07/23 2.390 2.406 2.317 2.325 7127171.00 20588736.00
2012/07/24 2.327 2.352 2.294 2.294 8228772.00 23340136.00
2012/07/25 2.289 2.322 2.265 2.314 7821028.00 21913738.00
2012/07/26 2.304 2.328 2.288 2.296 5535276.00 15657319.00
2012/07/27 2.334 2.383 2.334 2.367 12347000.00 35753196.00
2012/07/30 2.407 2.424 2.383 2.424 13428344.00 39526800.00
2012/07/31 2.417 2.482 2.409 2.466 7942009.00 23754616.00
2012/08/01 2.457 2.523 2.441 2.515 9468000.00 28947580.00
2012/08/02 2.518 2.518 2.436 2.452 7466300.00 22626808.00
2012/08/03 2.445 2.470 2.405 2.462 5155546.00 15300055.00
2012/08/06 2.500 2.516 2.476 2.492 8560000.00 26081052.00
2012/08/07 2.499 2.523 2.483 2.491 8611000.00 26412876.00
2012/08/08 2.517 2.558 2.501 2.542 9559300.00 29658348.00
2012/08/09 2.550 2.599 2.525 2.574 15431000.00 48419660.00
2012/08/10 2.577 2.593 2.511 2.536 8218000.00 25576070.00
2012/08/13 2.544 2.569 2.536 2.561 5849000.00 18245730.00
2012/08/14 2.560 2.593 2.535 2.576 10050240.00 31487588.00
2012/08/15 2.578 2.578 2.545 2.553 6765012.00 21140874.00
2012/08/16 2.537 2.546 2.497 2.513 9288000.00 28520816.00
2012/08/17 2.536 2.536 2.470 2.495 5476000.00 16748395.00
2012/08/20 2.537 2.586 2.529 2.553 12672000.00 39479816.00
2012/08/21 2.584 2.731 2.575 2.723 33145000.00 108666928.00
2012/08/22 2.695 2.752 2.662 2.703 17745000.00 59129180.00
2012/08/23 2.735 2.735 2.661 2.702 8642923.00 28451592.00
2012/08/24 2.652 2.685 2.636 2.644 4371684.00 14235380.00
2012/08/27 2.681 2.681 2.566 2.583 4946010.00 15728691.00
2012/08/28 2.592 2.624 2.583 2.608 8067000.00 25723988.00
2012/08/29 2.607 2.607 2.566 2.591 4517967.00 14306169.00
2012/08/30 2.560 2.584 2.527 2.544 6356000.00 19815410.00
2012/08/31 2.503 2.618 2.495 2.601 12074220.00 37367296.00
2012/09/03 2.575 2.608 2.567 2.584 3753009.00 11877669.00
2012/09/04 2.550 2.591 2.485 2.485 5651567.00 17444130.00
2012/09/05 2.487 2.487 2.348 2.364 20604640.00 59910312.00
2012/09/06 2.372 2.372 2.290 2.331 25480690.00 72168752.00
2012/09/07 2.371 2.453 2.363 2.420 23996004.00 70891128.00
2012/09/10 2.427 2.451 2.394 2.435 6406500.00 19005764.00
2012/09/11 2.436 2.444 2.387 2.444 7152000.00 21138976.00
2012/09/12 2.459 2.476 2.402 2.435 22408600.00 66607132.00
2012/09/13 2.426 2.434 2.352 2.352 19306550.00 56240120.00
2012/09/14 2.401 2.433 2.392 2.401 38510000.00 113779912.00
2012/09/17 2.450 2.450 2.376 2.401 17546760.00 51631356.00
2012/09/18 2.403 2.419 2.370 2.386 11643870.00 34164004.00
2012/09/19 2.396 2.453 2.396 2.453 18848930.00 56104692.00
2012/09/20 2.453 2.461 2.428 2.461 19916680.00 59642416.00
2012/09/21 2.471 2.536 2.462 2.511 19170936.00 58774760.00
2012/09/24 2.527 2.527 2.478 2.503 5963446.00 18224980.00
2012/09/25 2.495 2.504 2.430 2.438 11173276.00 33471674.00
2012/09/26 2.381 2.414 2.381 2.389 11151979.00 32623568.00
2012/09/27 2.398 2.480 2.398 2.463 10070102.00 30107856.00
2012/09/28 2.470 2.503 2.445 2.503 11161892.00 33883308.00
2012/10/03 2.519 2.535 2.511 2.519 15971000.00 49261380.00
2012/10/04 2.519 2.584 2.519 2.584 17460000.00 54649432.00
2012/10/05 2.609 2.633 2.584 2.625 11452578.00 36610620.00
2012/10/08 2.618 2.634 2.561 2.593 14860903.00 47189596.00
2012/10/09 2.594 2.660 2.586 2.610 17369960.00 55676148.00
2012/10/10 2.603 2.635 2.570 2.619 11582001.00 36847804.00
2012/10/11 2.576 2.788 2.576 2.772 34277000.00 113408952.00
2012/10/12 2.766 2.840 2.742 2.832 24046000.00 82596880.00
2012/10/15 2.817 2.874 2.768 2.801 17806000.00 61544784.00
2012/10/16 2.809 2.841 2.793 2.809 14253000.00 49219544.00
2012/10/17 2.862 2.927 2.830 2.919 19497332.00 69322088.00
2012/10/18 2.927 3.049 2.927 3.032 27222000.00 99946904.00
2012/10/19 3.018 3.083 3.018 3.059 21919000.00 82182232.00
2012/10/22 3.003 3.044 2.962 2.970 16216000.00 59816680.00
2012/10/24 2.955 3.012 2.922 2.971 12601000.00 46289920.00
2012/10/25 2.969 3.002 2.904 2.945 9277040.00 33565256.00
2012/10/26 2.967 2.976 2.870 2.894 9918000.00 35533004.00
2012/10/29 2.902 3.088 2.902 2.958 6734000.00 24582360.00
2012/10/30 2.985 2.985 2.903 2.903 5466000.00 19645002.00
2012/10/31 2.926 2.967 2.926 2.959 6957511.00 25107526.00
2012/11/01 2.960 2.984 2.903 2.935 12985000.00 46993452.00
2012/11/02 2.994 2.994 2.953 2.977 11899000.00 43481332.00
2012/11/05 2.971 3.028 2.955 3.012 6400000.00 23626664.00
2012/11/06 3.044 3.052 2.979 3.036 8314000.00 30950816.00
2012/11/07 3.051 3.051 2.970 2.994 8707000.00 32053244.00
2012/11/08 2.929 2.994 2.905 2.929 10706002.00 38782256.00
2012/11/09 2.918 2.918 2.829 2.837 25557000.00 90888032.00
2012/11/12 2.866 2.874 2.841 2.857 6560317.00 23092800.00
2012/11/13 2.840 2.856 2.735 2.759 12120218.00 41358472.00
2012/11/14 2.775 2.840 2.759 2.832 14392000.00 49714624.00
2012/11/15 2.808 2.824 2.784 2.792 6280003.00 21690878.00
2012/11/16 2.826 2.826 2.745 2.753 5186000.00 17716300.00
2012/11/19 2.787 2.827 2.754 2.754 3864000.00 13170862.00
2012/11/20 2.792 2.801 2.671 2.687 11128000.00 37540248.00
2012/11/21 2.711 2.760 2.662 2.760 16194000.00 54141840.00
2012/11/22 2.760 2.801 2.719 2.792 11371000.00 38886868.00
2012/11/23 2.816 2.873 2.808 2.857 19179000.00 67001568.00
2012/11/26 2.905 2.905 2.840 2.848 4888000.00 17265936.00
2012/11/27 2.863 2.879 2.806 2.814 6525000.00 22891930.00
2012/11/28 2.816 2.833 2.760 2.800 7150000.00 24593064.00
2012/11/29 2.809 2.874 2.800 2.857 9407066.00 33038012.00
2012/11/30 2.881 2.897 2.848 2.889 16874412.00 59744772.00
2012/12/03 2.890 2.906 2.825 2.833 10548020.00 37194320.00
2012/12/04 2.801 2.801 2.753 2.793 8749052.00 30196600.00
2012/12/05 2.831 2.904 2.815 2.896 15641008.00 55450672.00
2012/12/06 2.898 2.930 2.825 2.833 19240010.00 67908272.00
2012/12/07 2.842 2.883 2.826 2.874 10865008.00 38312260.00
2012/12/10 2.882 2.996 2.882 2.996 36430000.00 132723648.00
2012/12/11 2.995 3.011 2.963 2.987 19482000.00 71633504.00
2012/12/12 3.010 3.059 2.986 3.043 32577788.00 121768056.00
2012/12/13 3.059 3.083 3.035 3.059 23074000.00 86892992.00
2012/12/14 3.045 3.231 3.045 3.207 41700004.00 162275152.00
2012/12/17 3.205 3.327 3.197 3.214 30826740.00 123587680.00
2012/12/18 3.245 3.310 3.189 3.245 21591262.00 86346792.00
2012/12/19 3.301 3.407 3.293 3.407 40570596.00 168435904.00
2012/12/20 3.399 3.399 3.278 3.334 22556000.00 92400384.00
2012/12/21 3.327 3.351 3.278 3.302 16044000.00 65217984.00
2012/12/24 3.280 3.361 3.263 3.312 5014000.00 20580924.00
2012/12/27 3.354 3.411 3.338 3.338 9295800.00 38648260.00
2012/12/28 3.448 3.448 3.343 3.400 12154333.00 50696600.00
2012/12/31 3.389 3.462 3.365 3.438 6647000.00 28060130.00
2013/01/02 3.470 3.592 3.454 3.584 23121392.00 101312224.00
2013/01/03 3.624 3.730 3.616 3.714 32525270.00 147433632.00
2013/01/04 3.700 3.700 3.578 3.652 18625448.00 83184336.00
2013/01/07 3.658 3.707 3.642 3.691 9396226.00 42624824.00
2013/01/08 3.654 3.727 3.598 3.654 19357848.00 87672568.00
2013/01/09 3.703 3.703 3.606 3.614 9570000.00 42863620.00
2013/01/10 3.613 3.694 3.483 3.548 24173000.00 107921640.00
2013/01/11 3.576 3.576 3.438 3.479 22591672.00 97052064.00
2013/01/14 3.510 3.599 3.477 3.591 25886712.00 113040528.00
2013/01/15 3.631 3.801 3.631 3.776 40195004.00 185910224.00
2013/01/16 3.804 3.812 3.707 3.796 25237000.00 116949928.00
2013/01/17 3.797 3.846 3.757 3.813 20440000.00 95799776.00
2013/01/18 3.853 4.063 3.804 4.055 54163188.00 265267280.00
2013/01/21 4.114 4.122 3.952 3.969 19728630.00 97691496.00
2013/01/22 4.001 4.098 3.904 4.098 18769872.00 93533968.00
2013/01/23 4.080 4.096 3.958 4.007 35059920.00 172924352.00
2013/01/24 4.008 4.033 3.984 4.000 27774000.00 137467792.00
2013/01/25 4.026 4.066 3.921 3.929 18583500.00 91170536.00
2013/01/28 3.896 3.977 3.848 3.913 17395792.00 83972088.00
2013/01/29 3.889 3.994 3.792 3.816 39543600.00 189385024.00
2013/01/30 3.845 3.886 3.789 3.837 25298296.00 119646144.00
2013/01/31 3.845 3.853 3.715 3.731 26121000.00 121014704.00
2013/02/01 3.743 3.905 3.678 3.897 27113528.00 127603016.00
2013/02/04 3.931 3.995 3.906 3.922 26853842.00 131277992.00
2013/02/05 3.882 3.890 3.769 3.809 21487906.00 102119560.00
2013/02/06 3.868 3.893 3.828 3.852 10490660.00 49838680.00
2013/02/07 3.878 3.878 3.707 3.707 22076008.00 101940784.00
2013/02/08 3.659 3.692 3.579 3.643 33578744.00 149994704.00
2013/02/14 3.724 3.789 3.684 3.765 12579000.00 58329524.00
2013/02/15 3.789 3.789 3.749 3.773 11116549.00 51723072.00
2013/02/18 3.791 3.823 3.734 3.751 13490000.00 62601172.00
2013/02/19 3.775 3.775 3.654 3.662 13135000.00 60080016.00
2013/02/20 3.693 3.726 3.588 3.628 19401000.00 86807024.00
2013/02/21 3.566 3.566 3.420 3.436 37509668.00 161360016.00
2013/02/22 3.397 3.478 3.380 3.429 23945004.00 101602120.00
2013/02/25 3.470 3.511 3.422 3.478 11702000.00 50015548.00
2013/02/26 3.436 3.509 3.379 3.395 19875202.00 84472704.00
2013/02/27 3.426 3.459 3.386 3.418 10179012.00 43085856.00
2013/02/28 3.464 3.545 3.424 3.521 19036740.00 82273320.00
2013/03/01 3.547 3.547 3.458 3.482 10206348.00 44046412.00
2013/03/04 3.483 3.500 3.362 3.370 19779010.00 82593120.00
2013/03/05 3.376 3.433 3.376 3.393 19911808.00 83567888.00
2013/03/06 3.446 3.503 3.438 3.463 15000000.00 64393312.00
2013/03/07 3.473 3.497 3.448 3.465 9114086.00 39138216.00
2013/03/08 3.477 3.558 3.477 3.533 17480100.00 76250152.00
2013/03/11 3.577 3.682 3.553 3.585 21512000.00 96246312.00
2013/03/12 3.583 3.648 3.478 3.527 14901686.00 65433680.00
2013/03/13 3.598 3.598 3.380 3.396 29813200.00 127010584.00
2013/03/14 3.446 3.486 3.357 3.478 22499560.00 95172328.00
2013/03/15 3.517 3.517 3.363 3.372 22036770.00 93327776.00
2013/03/18 3.282 3.331 3.258 3.315 12747814.00 52073656.00
2013/03/19 3.323 3.323 3.202 3.202 23261418.00 93380504.00
2013/03/20 3.232 3.458 3.216 3.434 29459992.00 122349184.00
2013/03/21 3.435 3.467 3.394 3.402 14066627.00 59627368.00
2013/03/22 3.369 3.409 3.296 3.328 11583287.00 48117840.00
2013/03/25 3.384 3.481 3.384 3.465 22081000.00 94234688.00
2013/03/26 3.442 3.474 3.402 3.450 14213654.00 60358328.00
2013/03/27 3.460 3.508 3.444 3.484 9212000.00 39567176.00
2013/03/28 3.484 3.484 3.306 3.354 24958000.00 103332248.00
2013/04/02 3.370 3.370 3.217 3.225 26594004.00 109454624.00
2013/04/03 3.267 3.291 3.251 3.267 8296000.00 33603476.00
2013/04/05 3.234 3.251 3.154 3.186 11967000.00 47219204.00
2013/04/08 3.179 3.268 3.155 3.179 8312000.00 32847630.00
2013/04/09 3.179 3.252 3.179 3.219 8012993.00 31980012.00
2013/04/10 3.255 3.295 3.191 3.271 16180002.00 65480308.00
2013/04/11 3.330 3.386 3.257 3.257 18004508.00 74141568.00
2013/04/12 3.302 3.342 3.254 3.270 11164000.00 45551048.00
2013/04/15 3.251 3.291 3.210 3.259 11625001.00 46933624.00
2013/04/16 3.224 3.312 3.184 3.256 12410000.00 50363352.00
2013/04/17 3.309 3.309 3.221 3.237 11352689.00 46069608.00
2013/04/18 3.224 3.280 3.216 3.248 10885002.00 43863056.00
2013/04/19 3.223 3.311 3.215 3.287 39009004.00 158825248.00
2013/04/22 3.296 3.344 3.296 3.336 43205144.00 178381728.00
2013/04/23 3.341 3.357 3.229 3.253 39882000.00 162624640.00
2013/04/24 3.278 3.294 3.238 3.278 25684000.00 104472104.00
2013/04/25 3.290 3.330 3.250 3.314 44036000.00 180369776.00
2013/04/26 3.333 3.405 3.317 3.365 26743804.00 112073320.00
2013/04/29 3.357 3.389 3.341 3.349 18696000.00 78408904.00
2013/04/30 3.357 3.429 3.357 3.381 19377000.00 81857848.00
2013/05/02 3.368 3.376 3.344 3.352 18139552.00 76173624.00
2013/05/03 3.428 3.428 3.356 3.372 16397046.00 69276096.00
2013/05/06 3.402 3.458 3.402 3.442 20538856.00 88327608.00
2013/05/07 3.472 3.472 3.424 3.440 15383000.00 66147352.00
2013/05/08 3.450 3.466 3.362 3.426 17672000.00 75635624.00
2013/05/09 3.432 3.448 3.400 3.416 15545220.00 66758060.00
2013/05/10 3.436 3.500 3.420 3.500 19402000.00 84258816.00
2013/05/13 3.503 3.519 3.447 3.471 18954000.00 82865520.00
2013/05/14 3.469 3.501 3.445 3.477 11463000.00 49725112.00
2013/05/15 3.327 3.351 3.223 3.239 21375524.00 86984160.00
2013/05/16 3.256 3.280 3.208 3.240 13751000.00 55636976.00
2013/05/20 3.234 3.314 3.234 3.274 23370004.00 96320576.00
2013/05/21 3.270 3.270 3.206 3.214 16812156.00 67942360.00
2013/05/22 3.238 3.254 3.214 3.230 17563000.00 71086472.00
2013/05/23 3.232 3.256 3.153 3.176 24732194.00 99316200.00
2013/05/24 3.196 3.228 3.188 3.212 18614452.00 75039808.00
2013/05/27 3.201 3.201 3.161 3.193 13751352.00 54931568.00
2013/05/28 3.169 3.177 3.105 3.145 21205564.00 83556848.00
2013/05/29 3.155 3.171 3.123 3.131 13413967.00 52874952.00
2013/05/30 3.129 3.129 3.026 3.089 23404956.00 90174472.00
2013/05/31 3.088 3.152 3.088 3.144 17576332.00 69027816.00
2013/06/03 3.065 3.121 3.049 3.073 12123643.00 46887012.00
2013/06/04 3.054 3.070 3.022 3.070 13227604.00 50772312.00
2013/06/05 3.064 3.064 3.016 3.040 7873000.00 30027444.00
2013/06/06 3.007 3.031 3.007 3.015 6265000.00 23769704.00
2013/06/07 3.009 3.032 3.001 3.009 6947516.00 26390962.00
2013/06/10 3.016 3.040 2.937 2.953 12904000.00 48369736.00
2013/06/11 2.953 2.953 2.786 2.842 27701100.00 99371168.00
2013/06/13 2.833 2.880 2.777 2.864 20392000.00 72409856.00
2013/06/14 2.912 2.912 2.841 2.896 21600000.00 78485560.00
2013/06/17 2.897 2.929 2.897 2.905 7698000.00 28182556.00
2013/06/18 2.908 2.932 2.868 2.900 7748887.00 28258418.00
2013/06/19 2.878 2.901 2.814 2.838 8935431.00 32051048.00
2013/06/20 2.815 2.831 2.696 2.696 15197900.00 52276760.00
2013/06/21 2.573 2.740 2.573 2.684 20951344.00 70446272.00
2013/06/24 2.637 2.685 2.510 2.557 27934848.00 90101024.00
2013/06/25 2.532 2.619 2.404 2.556 27807034.00 88094128.00
2013/06/26 2.612 2.644 2.540 2.620 26687720.00 86966032.00
2013/06/27 2.644 2.684 2.525 2.533 34280000.00 111993136.00
2013/06/28 2.549 2.629 2.549 2.621 26499336.00 86431232.00
2013/07/02 2.628 2.684 2.549 2.557 13288000.00 43047108.00
2013/07/03 2.543 2.574 2.407 2.415 35671928.00 110303704.00
2013/07/04 2.413 2.477 2.405 2.421 33213950.00 101565632.00
2013/07/05 2.462 2.486 2.438 2.454 21857464.00 67464360.00
2013/07/08 2.431 2.447 2.407 2.439 16181244.00 49349632.00
2013/07/09 2.459 2.459 2.412 2.428 8625000.00 26352140.00
2013/07/10 2.440 2.488 2.424 2.480 16930000.00 52363920.00
2013/07/11 2.494 2.676 2.494 2.660 30189000.00 99027104.00
2013/07/12 2.670 2.670 2.559 2.566 15620435.00 51061384.00
2013/07/15 2.559 2.615 2.551 2.559 9570460.00 31092772.00
2013/07/16 2.584 2.584 2.537 2.537 5470000.00 17571410.00
2013/07/17 2.551 2.551 2.511 2.527 13238000.00 42143220.00
2013/07/18 2.546 2.578 2.530 2.562 7741000.00 24869620.00
2013/07/19 2.579 2.595 2.531 2.563 9930059.00 31890988.00
2013/07/22 2.578 2.578 2.474 2.498 11110115.00 34918076.00
2013/07/23 2.489 2.609 2.489 2.609 28787004.00 93430008.00
2013/07/24 2.585 2.617 2.569 2.601 12702900.00 41491448.00
2013/07/25 2.611 2.627 2.595 2.603 6108000.00 20003828.00
2013/07/26 2.586 2.618 2.562 2.594 7043000.00 22925608.00
2013/07/29 2.601 2.601 2.522 2.530 7621000.00 24433990.00
2013/07/30 2.548 2.572 2.516 2.556 8666000.00 27741596.00
2013/07/31 2.550 2.589 2.518 2.526 12395000.00 39640312.00
2013/08/01 2.557 2.589 2.541 2.581 8302000.00 26737728.00
2013/08/02 2.598 2.614 2.582 2.590 8172000.00 26602864.00
2013/08/05 2.612 2.668 2.596 2.660 13177004.00 43751708.00
2013/08/06 2.635 2.643 2.587 2.627 7277329.00 23889230.00
2013/08/07 2.594 2.634 2.562 2.578 8339000.00 27128672.00
2013/08/08 2.569 2.593 2.538 2.553 5285000.00 16991770.00
2013/08/09 2.568 2.584 2.544 2.576 2476000.00 7990450.00
2013/08/12 2.584 2.688 2.568 2.672 29517000.00 98351120.00
2013/08/13 2.697 2.840 2.697 2.824 35207972.00 123492688.00
2013/08/15 2.840 2.864 2.800 2.824 15301000.00 54452424.00
2013/08/16 2.791 2.895 2.744 2.871 26088300.00 93340888.00
2013/08/19 2.833 2.920 2.833 2.888 9257000.00 33665176.00
2013/08/20 2.888 2.896 2.729 2.745 16678432.00 58666612.00
2013/08/21 2.728 2.768 2.712 2.736 11558268.00 39822712.00
2013/08/22 2.721 2.769 2.713 2.753 15998800.00 55157920.00
2013/08/23 2.769 2.801 2.753 2.777 11502000.00 40112816.00
2013/08/26 2.776 2.847 2.776 2.831 9161000.00 32523520.00
2013/08/27 2.848 2.887 2.760 2.776 24881200.00 88459168.00
2013/08/28 2.719 2.751 2.671 2.719 9630100.00 32917232.00
2013/08/29 2.752 2.784 2.736 2.768 5637000.00 19541476.00
2013/08/30 2.753 2.785 2.745 2.777 11354749.00 39465168.00
2013/09/02 2.793 2.856 2.769 2.841 17783252.00 63061016.00
2013/09/03 2.841 2.921 2.833 2.913 19798000.00 71870112.00
2013/09/04 2.881 2.985 2.873 2.985 20636600.00 76313520.00
2013/09/05 2.975 3.023 2.928 2.928 13243600.00 49122200.00
2013/09/06 2.929 2.953 2.889 2.905 9853200.00 36093708.00
2013/09/09 2.917 3.052 2.917 2.996 31473000.00 119030152.00
2013/09/10 3.059 3.123 3.019 3.035 30814300.00 118338032.00
2013/09/11 3.050 3.074 2.979 3.019 25857008.00 98425304.00
2013/09/12 3.057 3.145 3.033 3.041 36420600.00 140338528.00
2013/09/13 3.137 3.137 3.002 3.018 12342800.00 47096032.00
2013/09/16 3.048 3.136 3.048 3.128 16122900.00 62663432.00
2013/09/17 3.113 3.120 3.017 3.081 16891000.00 65344096.00
2013/09/18 3.080 3.088 3.032 3.072 7886419.00 30369402.00
2013/09/19 3.136 3.144 3.072 3.112 14314491.00 55855256.00
2013/09/23 3.092 3.108 3.076 3.084 8046184.00 31317546.00
2013/09/24 3.053 3.101 2.974 2.990 24802300.00 94243064.00
2013/09/25 2.998 3.030 2.982 3.022 13022000.00 49510640.00
2013/09/26 3.021 3.021 2.942 2.965 22103000.00 82709088.00
2013/09/27 2.966 2.982 2.918 2.942 10360359.00 38460208.00
2013/09/30 2.910 2.965 2.894 2.965 13210000.00 48908472.00
2013/10/02 3.005 3.029 2.942 2.949 16062421.00 60594364.00
2013/10/03 2.965 2.997 2.949 2.981 8147860.00 30566150.00
2013/10/04 2.981 3.029 2.957 2.997 13870692.00 52337080.00
2013/10/07 3.053 3.053 2.957 3.005 9124000.00 34379200.00
2013/10/08 2.978 3.128 2.978 3.121 15610795.00 60671820.00
2013/10/09 3.098 3.106 3.050 3.090 10989000.00 42725704.00
2013/10/10 3.091 3.099 3.035 3.075 13105000.00 50717776.00
2013/10/11 3.107 3.154 3.099 3.123 17706800.00 69985752.00
2013/10/15 3.152 3.192 3.136 3.184 18052476.00 72298296.00
2013/10/16 3.168 3.183 3.096 3.112 7446006.00 29319306.00
2013/10/17 3.129 3.145 3.090 3.129 9615600.00 37822476.00
2013/10/18 3.142 3.206 3.111 3.142 5599000.00 22248280.00
2013/10/21 3.173 3.173 3.094 3.133 9345300.00 37162924.00
2013/10/22 3.160 3.160 3.104 3.128 5225600.00 20582726.00
2013/10/23 3.156 3.164 3.014 3.022 10961600.00 42821064.00
2013/10/24 3.022 3.022 2.919 2.951 25295004.00 94781952.00
2013/10/25 2.950 3.006 2.895 2.927 19098000.00 70879040.00
2013/10/28 2.935 2.959 2.927 2.959 8834000.00 32860860.00
2013/10/29 2.929 3.103 2.929 3.103 20782000.00 79694920.00
2013/10/30 3.073 3.145 3.050 3.129 14162300.00 55255740.00
2013/10/31 3.090 3.129 3.074 3.098 12132800.00 47487412.00
2013/11/01 3.091 3.115 3.060 3.107 10028421.00 39056928.00
2013/11/04 3.109 3.141 3.093 3.133 20543342.00 80459976.00
2013/11/05 3.131 3.139 3.084 3.115 9521001.00 37452656.00
2013/11/06 3.101 3.125 3.077 3.085 12179000.00 47717816.00
2013/11/07 3.060 3.100 3.012 3.020 6886000.00 26385152.00
2013/11/08 3.008 3.039 2.984 3.039 7300820.00 27904302.00
2013/11/11 3.049 3.089 2.986 3.081 5661300.00 21802568.00
2013/11/12 3.095 3.095 3.047 3.071 6778000.00 26278616.00
2013/11/13 3.046 3.062 2.991 3.007 7368000.00 28060760.00
2013/11/14 3.037 3.045 2.958 2.989 10093000.00 38138100.00
2013/11/15 2.999 3.086 2.999 3.078 9800000.00 37831940.00
2013/11/18 3.117 3.314 3.117 3.306 62562364.00 255340224.00
2013/11/19 3.322 3.322 3.227 3.251 14817000.00 60903728.00
2013/11/20 3.187 3.243 3.163 3.211 158283008.00 622495936.00
2013/11/21 3.222 3.230 3.151 3.206 22564472.00 90649296.00
2013/11/22 3.238 3.325 3.199 3.215 12491166.00 51220636.00
2013/11/25 3.260 3.260 3.204 3.212 9342309.00 37967500.00
2013/11/26 3.213 3.213 3.126 3.142 16870184.00 67522920.00
2013/11/27 3.125 3.212 3.125 3.188 12446093.00 50139132.00
2013/11/28 3.205 3.228 3.165 3.189 8918658.00 36054460.00
2013/11/29 3.188 3.219 3.164 3.212 10944350.00 44270068.00
2013/12/02 3.204 3.212 3.164 3.196 16870000.00 68105416.00
2013/12/03 3.174 3.189 3.150 3.158 5553271.00 22195684.00
2013/12/04 3.107 3.186 3.107 3.147 11186015.00 44658356.00
2013/12/05 3.163 3.171 3.100 3.116 12839328.00 50621728.00
2013/12/06 3.103 3.143 3.096 3.103 8670700.00 34232240.00
2013/12/09 3.011 3.082 3.011 3.059 17771306.00 68746360.00
2013/12/10 3.050 3.082 3.011 3.019 12926731.00 49866464.00
2013/12/11 3.002 3.018 2.932 2.979 22597000.00 85021232.00
2013/12/12 2.963 3.019 2.956 3.011 12056000.00 45735336.00
2013/12/13 2.989 3.020 2.957 2.997 9422000.00 35854440.00
2013/12/16 2.956 3.004 2.956 2.988 9215902.00 34861980.00
2013/12/17 2.987 3.003 2.955 2.979 13573000.00 51254604.00
2013/12/18 2.980 3.003 2.956 2.980 9271000.00 35033840.00
2013/12/19 2.983 3.015 2.920 2.944 12640000.00 47505140.00
2013/12/20 2.960 2.975 2.889 2.904 11665300.00 42998388.00
2013/12/23 2.926 2.934 2.887 2.910 7387629.00 27233760.00
2013/12/24 2.934 2.965 2.902 2.957 3311953.00 12332699.00
2013/12/27 2.936 2.968 2.913 2.944 5978800.00 22314894.00
2013/12/30 2.959 2.990 2.912 2.943 4982830.00 18638604.00
2013/12/31 2.933 2.964 2.909 2.956 2297900.00 8615281.00
2014/01/02 2.958 2.973 2.918 2.918 9352000.00 35037696.00
2014/01/03 2.905 2.905 2.865 2.865 13297000.00 48669404.00
2014/01/06 2.866 2.882 2.780 2.835 11561060.00 41418388.00
2014/01/07 2.810 2.865 2.771 2.794 11078000.00 39482244.00
2014/01/08 2.812 2.859 2.773 2.851 9522900.00 34122676.00
2014/01/09 2.821 2.845 2.782 2.790 10289933.00 36671476.00
2014/01/10 2.769 2.793 2.762 2.785 6497960.00 22953616.00
2014/01/13 2.806 2.806 2.727 2.759 13651200.00 47786828.00
2014/01/14 2.750 2.766 2.695 2.711 16934900.00 58711068.00
2014/01/15 2.714 2.746 2.683 2.683 9517576.00 32780594.00
2014/01/16 2.709 2.725 2.646 2.709 12446800.00 42669392.00
2014/01/17 2.700 2.724 2.676 2.692 8392202.00 28774842.00
2014/01/20 2.686 2.701 2.654 2.678 7338795.00 24915728.00
2014/01/21 2.693 2.748 2.685 2.716 10996800.00 38092828.00
2014/01/22 2.733 2.748 2.685 2.725 17593000.00 60723476.00
2014/01/23 2.725 2.733 2.639 2.654 18368260.00 62259780.00
2014/01/24 2.627 2.635 2.596 2.604 23987000.00 79678240.00
2014/01/27 2.554 2.570 2.531 2.546 12449308.00 40475736.00
2014/01/28 2.524 2.594 2.524 2.571 9834824.00 32185678.00
2014/01/29 2.565 2.628 2.565 2.604 14444200.00 47982364.00
2014/01/30 2.547 2.602 2.547 2.587 7999000.00 26282488.00
2014/02/04 2.532 2.579 2.532 2.547 11270212.00 36748436.00
2014/02/05 2.547 2.595 2.516 2.532 5678664.00 18362340.00
2014/02/06 2.532 2.579 2.524 2.571 5692734.00 18490834.00
2014/02/07 2.582 2.606 2.567 2.582 8017309.00 26369020.00
2014/02/10 2.567 2.598 2.567 2.590 5757700.00 18933390.00
2014/02/11 2.598 2.661 2.574 2.653 19634200.00 65513076.00
2014/02/12 2.670 2.717 2.646 2.717 22557700.00 77165824.00
2014/02/13 2.718 2.741 2.670 2.710 14339109.00 49046972.00
2014/02/14 2.740 2.740 2.685 2.693 4668000.00 16029088.00
2014/02/17 2.716 2.732 2.669 2.684 12563000.00 42970568.00
2014/02/18 2.678 2.717 2.678 2.701 5962132.00 20412080.00
2014/02/19 2.695 2.774 2.679 2.718 12494000.00 43212328.00
2014/02/20 2.720 2.759 2.617 2.641 19969174.00 67787192.00
2014/02/21 2.658 2.682 2.611 2.627 10240000.00 34075220.00
2014/02/24 2.659 2.659 2.556 2.580 15043000.00 49213272.00
2014/02/25 2.579 2.602 2.547 2.555 12765000.00 41557424.00
2014/02/26 2.539 2.563 2.523 2.555 11803698.00 38077616.00
2014/02/27 2.540 2.595 2.540 2.580 11995419.00 39135716.00
2014/02/28 2.595 2.603 2.548 2.556 17354326.00 56437652.00
2014/03/03 2.539 2.562 2.523 2.539 12019000.00 38670580.00
2014/03/04 2.525 2.533 2.501 2.517 18814000.00 59965024.00
2014/03/05 2.534 2.549 2.502 2.502 8212349.00 26217622.00
2014/03/06 2.502 2.549 2.502 2.533 13336083.00 42738584.00
2014/03/07 2.547 2.594 2.539 2.587 9361000.00 30538552.00
2014/03/10 2.552 2.568 2.481 2.497 18162544.00 57793604.00
2014/03/11 2.489 2.529 2.489 2.505 9538023.00 30279678.00
2014/03/12 2.497 2.521 2.458 2.458 13369048.00 41938384.00
2014/03/13 2.472 2.520 2.464 2.472 13345643.00 41982464.00
2014/03/14 2.457 2.489 2.433 2.457 8888539.00 27558066.00
2014/03/17 2.455 2.471 2.440 2.463 4895768.00 15218659.00
2014/03/18 2.457 2.488 2.449 2.472 5411000.00 16924010.00
2014/03/19 2.489 2.504 2.457 2.457 5984000.00 18732000.00
2014/03/20 2.453 2.501 2.438 2.453 13228000.00 41360820.00
2014/03/21 2.454 2.581 2.454 2.565 11860400.00 37930388.00
2014/03/24 2.574 2.598 2.535 2.558 11688532.00 37757572.00
2014/03/25 2.542 2.565 2.526 2.526 7294100.00 23423672.00
2014/03/26 2.559 2.630 2.543 2.622 10753000.00 35288996.00
2014/03/27 2.598 2.646 2.583 2.630 12522000.00 41462968.00
2014/03/28 2.655 2.719 2.608 2.695 19187600.00 65268928.00
2014/03/31 2.712 2.712 2.649 2.696 12589600.00 42540152.00
2014/04/01 2.664 2.743 2.664 2.743 15493102.00 53199248.00
2014/04/02 2.751 2.751 2.695 2.727 10421000.00 35665180.00
2014/04/03 2.712 2.752 2.712 2.744 11007602.00 37916128.00
2014/04/04 2.730 2.746 2.706 2.730 5046000.00 17324500.00
2014/04/07 2.730 2.761 2.706 2.754 9502848.00 32745804.00
2014/04/08 2.737 2.832 2.713 2.832 15029000.00 53045920.00
2014/04/09 2.839 2.855 2.815 2.839 9769829.00 34885272.00
2014/04/10 2.824 2.840 2.769 2.808 18204110.00 64382724.00
2014/04/11 2.816 2.816 2.744 2.760 17905176.00 62862376.00
2014/04/14 2.762 2.801 2.746 2.801 5714610.00 20015536.00
2014/04/15 2.811 2.811 2.700 2.708 9650000.00 33205620.00
2014/04/16 2.700 2.740 2.700 2.724 4742800.00 16222740.00
2014/04/17 2.819 2.835 2.708 2.724 10844808.00 37714004.00
2014/04/22 2.702 2.773 2.678 2.757 21823072.00 74943896.00
2014/04/23 2.749 2.749 2.654 2.678 13117581.00 44230596.00
2014/04/24 2.701 2.709 2.677 2.701 6971000.00 23574160.00
2014/04/25 2.700 2.700 2.653 2.661 6352000.00 21327926.00
2014/04/28 2.660 2.676 2.636 2.652 5253400.00 17519076.00
2014/04/29 2.668 2.692 2.660 2.692 4024470.00 13534350.00
2014/04/30 2.693 2.700 2.677 2.700 5611000.00 18977056.00
2014/05/02 2.700 2.708 2.685 2.700 3847027.00 13039304.00
2014/05/05 2.700 2.716 2.700 2.700 8108000.00 27609556.00
2014/05/07 2.699 2.699 2.644 2.652 12835000.00 43250296.00
2014/05/08 2.676 2.700 2.652 2.660 7432068.00 25057774.00
2014/05/09 2.661 2.677 2.645 2.653 4990000.00 16703212.00
2014/05/12 2.655 2.711 2.647 2.703 8547068.00 28936618.00
2014/05/13 2.703 2.719 2.695 2.703 4808329.00 16358749.00
2014/05/14 2.696 2.768 2.696 2.760 6602550.00 22840854.00
2014/05/15 2.767 2.767 2.743 2.759 5493856.00 19066862.00
2014/05/16 2.743 2.751 2.727 2.735 3111000.00 10718033.00
2014/05/19 2.751 2.767 2.711 2.751 5428767.00 18757820.00
2014/05/20 2.758 2.798 2.751 2.766 4850000.00 16904960.00
2014/05/21 2.783 2.783 2.743 2.775 4954000.00 17245060.00
2014/05/22 2.783 2.839 2.760 2.823 7491257.00 26490934.00
2014/05/23 2.824 2.856 2.808 2.848 7566000.00 27050940.00
2014/05/26 2.865 2.865 2.785 2.825 7060000.00 24972960.00
2014/05/27 2.832 2.832 2.801 2.816 2254000.00 7966900.00
2014/05/28 2.825 2.849 2.817 2.841 8287000.00 29553656.00
2014/05/29 2.825 2.849 2.825 2.841 6482300.00 23172048.00
2014/05/30 2.849 2.865 2.841 2.849 8233195.00 29485634.00
2014/06/03 2.921 2.969 2.865 2.929 25096420.00 92282312.00
2014/06/04 2.936 2.960 2.904 2.944 24353324.00 89695344.00
2014/06/05 2.770 2.770 2.706 2.754 9233000.00 31813424.00
2014/06/06 2.750 2.774 2.718 2.758 11924000.00 41204808.00
2014/06/09 2.752 2.760 2.736 2.752 3608983.00 12518797.00
2014/06/10 2.790 2.854 2.759 2.854 19301000.00 68330840.00
2014/06/11 2.872 2.872 2.817 2.849 9359600.00 33572204.00
2014/06/12 2.857 2.857 2.809 2.841 11053000.00 39518140.00
2014/06/13 2.840 2.856 2.809 2.840 7424000.00 26571900.00
2014/06/16 2.858 2.858 2.818 2.850 11624900.00 41664728.00
2014/06/17 2.866 2.866 2.794 2.810 6593000.00 23410630.00
2014/06/18 2.843 2.843 2.795 2.803 11467582.00 40727852.00
2014/06/19 2.818 2.826 2.778 2.810 9069100.00 32067288.00
2014/06/20 2.802 2.834 2.786 2.834 8249390.00 29225276.00
2014/06/23 2.843 2.843 2.740 2.748 9489702.00 33291314.00
2014/06/24 2.763 2.811 2.763 2.779 8963000.00 31420204.00
2014/06/25 2.811 2.835 2.771 2.819 10570000.00 37522020.00
2014/06/26 2.818 2.858 2.818 2.850 10785029.00 38718056.00
2014/06/27 2.858 2.858 2.811 2.834 5622873.00 20030180.00
2014/06/30 2.834 2.850 2.802 2.842 8162000.00 29084310.00
2014/07/02 2.859 2.898 2.851 2.883 9251715.00 33476476.00
2014/07/03 2.908 2.916 2.868 2.892 4270173.00 15558610.00
2014/07/04 2.927 2.927 2.871 2.879 4057116.00 14746972.00
2014/07/07 2.872 2.888 2.848 2.880 5531000.00 19964184.00
2014/07/08 2.863 2.863 2.839 2.847 6440000.00 23086740.00
2014/07/09 2.828 2.844 2.780 2.812 6064000.00 21470960.00
2014/07/10 2.814 2.814 2.775 2.807 3203000.00 11314660.00
2014/07/11 2.792 2.824 2.792 2.816 5662000.00 20008962.00
2014/07/14 2.832 2.840 2.793 2.824 3193000.00 11337760.00
2014/07/15 2.825 2.840 2.785 2.809 4713000.00 16646365.00
2014/07/16 2.803 2.819 2.779 2.803 6181888.00 21771418.00
2014/07/17 2.812 2.828 2.780 2.804 5050000.00 17806424.00
2014/07/18 2.780 2.828 2.780 2.828 3979000.00 14081375.00
2014/07/21 2.843 2.843 2.811 2.835 3479000.00 12378075.00
2014/07/22 2.850 2.874 2.819 2.874 9889215.00 35542096.00
2014/07/23 2.883 2.923 2.867 2.915 6566000.00 24081304.00
2014/07/24 2.940 2.995 2.924 2.963 8949000.00 33335330.00
2014/07/25 2.988 2.996 2.972 2.980 9204368.00 34555168.00
2014/07/28 3.006 3.061 2.998 3.045 16923546.00 64646496.00
2014/07/29 3.085 3.085 3.021 3.061 20187000.00 77576048.00
2014/07/30 3.094 3.102 3.046 3.078 18984000.00 73570416.00
2014/07/31 3.080 3.080 3.024 3.072 12642000.00 48576808.00
2014/08/01 3.040 3.056 3.008 3.024 6693252.00 25490026.00
2014/08/04 3.055 3.095 3.023 3.079 10273699.00 39601384.00
2014/08/05 3.103 3.103 3.055 3.095 8773000.00 33960260.00
2014/08/06 3.112 3.144 3.048 3.128 12300056.00 47934908.00
2014/08/07 3.143 3.151 3.079 3.087 8516558.00 33413492.00
2014/08/08 3.098 3.098 2.986 3.010 5849332.00 22318070.00
2014/08/11 3.056 3.127 3.024 3.111 6254104.00 24268792.00
2014/08/12 3.111 3.135 3.095 3.111 7284358.00 28625182.00
2014/08/13 3.096 3.191 3.088 3.191 16319000.00 64772120.00
2014/08/14 3.208 3.232 3.160 3.224 14519000.00 58564184.00
2014/08/15 3.239 3.239 3.168 3.176 5841148.00 23506954.00
2014/08/18 3.168 3.168 2.977 2.985 33210200.00 126162888.00
2014/08/19 3.018 3.057 2.994 3.034 13610000.00 51923456.00
2014/08/20 3.019 3.051 3.019 3.051 5005772.00 19133544.00
2014/08/21 3.053 3.053 2.974 3.030 9773000.00 37029460.00
2014/08/22 3.069 3.069 2.989 3.029 9174000.00 34888420.00
2014/08/25 3.039 3.071 3.015 3.063 7990000.00 30546604.00
2014/08/26 3.071 3.103 3.039 3.103 7272000.00 28131180.00
2014/08/27 3.063 3.134 3.063 3.111 11127000.00 43422768.00
2014/08/28 3.118 3.118 3.038 3.062 12081041.00 46459260.00
2014/08/29 3.039 3.070 3.031 3.062 9154000.00 35121564.00
2014/09/01 3.072 3.128 3.056 3.120 9978000.00 38927848.00
2014/09/02 3.120 3.120 3.016 3.048 9749000.00 37172752.00
2014/09/03 3.033 3.081 3.017 3.073 16872000.00 64822040.00
2014/09/04 3.063 3.111 3.063 3.071 8274501.00 32064070.00
2014/09/05 3.073 3.105 3.073 3.089 7034129.00 27280678.00
2014/09/08 3.057 3.073 3.010 3.033 11561000.00 44024920.00
2014/09/10 3.028 3.028 2.964 2.980 10478000.00 39464176.00
2014/09/11 3.005 3.005 2.965 3.005 6607296.00 24879762.00
2014/09/12 2.982 3.014 2.974 3.006 9051254.00 34128784.00
2014/09/15 2.973 2.997 2.894 2.902 11859296.00 43933552.00
2014/09/16 2.886 2.942 2.878 2.902 6505083.00 23857958.00
2014/09/17 2.941 2.957 2.910 2.941 4866000.00 18009640.00
2014/09/18 2.935 2.935 2.872 2.896 8666257.00 31584880.00
2014/09/19 2.894 2.926 2.878 2.894 5301170.00 19406706.00
2014/09/22 2.911 2.911 2.848 2.856 8541901.00 30829052.00
2014/09/23 2.847 2.879 2.823 2.823 6637700.00 23829232.00
2014/09/24 2.815 2.910 2.815 2.902 7205000.00 26183640.00
2014/09/25 2.911 2.911 2.848 2.848 7792942.00 28193466.00
2014/09/26 2.832 2.871 2.832 2.864 5374000.00 19315904.00
2014/09/29 2.783 2.846 2.783 2.846 9678000.00 34476080.00
2014/09/30 2.813 2.853 2.782 2.789 11631000.00 41019608.00
2014/10/03 2.766 2.829 2.750 2.797 10109322.00 35524196.00
2014/10/06 2.774 2.892 2.774 2.885 12200329.00 43907132.00
2014/10/07 2.892 2.892 2.853 2.885 4108000.00 14892124.00
2014/10/08 2.847 2.871 2.831 2.847 4129000.00 14853915.00
2014/10/09 2.845 2.876 2.813 2.813 9643869.00 34553300.00
2014/10/10 2.813 2.837 2.726 2.790 13224000.00 46722192.00
2014/10/13 2.772 2.780 2.749 2.764 9291133.00 32444166.00
2014/10/14 2.739 2.810 2.739 2.778 2630000.00 9269580.00
2014/10/15 2.773 2.844 2.773 2.836 5675000.00 20236410.00
2014/10/16 2.810 2.881 2.802 2.873 13499000.00 48817360.00
2014/10/17 2.873 2.873 2.818 2.858 9925820.00 35607740.00
2014/10/20 2.835 2.891 2.835 2.883 3476319.00 12643999.00
2014/10/21 2.881 2.913 2.873 2.897 5344400.00 19544194.00
2014/10/22 2.915 2.923 2.883 2.907 3097000.00 11366105.00
2014/10/23 2.924 2.948 2.908 2.932 5691250.00 21049418.00
2014/10/24 2.956 2.964 2.908 2.956 6585000.00 24446938.00
2014/10/27 2.955 2.955 2.867 2.891 3267972.00 11944106.00
2014/10/28 2.890 2.945 2.890 2.945 3981000.00 14637522.00
2014/10/29 2.953 2.953 2.913 2.937 4727000.00 17526992.00
2014/10/30 2.940 2.964 2.869 2.885 6480000.00 23632972.00
2014/10/31 2.901 2.980 2.885 2.956 11945700.00 44390372.00
2014/11/03 2.975 3.078 2.975 3.070 28317008.00 108560424.00
2014/11/04 3.072 3.231 3.072 3.199 52878000.00 209681760.00
2014/11/05 3.174 3.229 3.158 3.229 19369608.00 78282504.00
2014/11/06 3.240 3.264 3.185 3.232 17203696.00 69873000.00
2014/11/07 3.186 3.297 3.186 3.281 21041000.00 86377168.00
2014/11/10 3.286 3.388 3.262 3.381 23673000.00 99782512.00
2014/11/11 3.382 3.493 3.366 3.437 19906790.00 86401680.00
2014/11/12 3.454 3.494 3.414 3.478 12910000.00 56320440.00
2014/11/13 3.438 3.493 3.382 3.382 8406909.00 36408040.00
2014/11/14 3.444 3.444 3.373 3.412 9063500.00 39030272.00
2014/11/17 3.405 3.453 3.271 3.286 5747000.00 24157196.00
2014/11/18 3.287 3.398 3.287 3.319 14084000.00 59254836.00
2014/11/19 3.325 3.341 3.270 3.333 4653332.00 19422820.00
2014/11/20 3.326 3.334 3.215 3.231 9349900.00 38601732.00
2014/11/21 3.229 3.340 3.213 3.332 18236436.00 75510736.00
2014/11/24 3.365 3.397 3.207 3.302 14122000.00 58259876.00
2014/11/25 3.237 3.293 3.221 3.261 12485210.00 51274316.00
2014/11/26 3.252 3.394 3.220 3.378 12815523.00 53686084.00
2014/11/27 3.400 3.400 3.313 3.345 3744000.00 15858680.00
2014/11/28 3.387 3.521 3.347 3.482 17923000.00 78169128.00
2014/12/01 3.419 3.466 3.300 3.300 10741000.00 45751288.00
2014/12/02 3.361 3.551 3.298 3.503 18545752.00 80967936.00
2014/12/03 3.562 3.633 3.395 3.474 12206180.00 54552852.00
2014/12/04 3.422 3.556 3.422 3.517 17250200.00 76085760.00
2014/12/05 3.547 3.634 3.436 3.587 29831580.00 134885904.00
2014/12/08 3.613 3.700 3.566 3.676 13304373.00 61521864.00
2014/12/09 3.673 3.697 3.484 3.539 15250754.00 69805360.00
2014/12/10 3.599 3.623 3.489 3.615 10618402.00 47966296.00
2014/12/11 3.629 3.629 3.503 3.574 5600575.00 25440178.00
2014/12/12 3.560 3.749 3.552 3.725 29863004.00 139323520.00
2014/12/15 3.708 3.708 3.597 3.629 8905866.00 40911320.00
2014/12/16 3.614 3.670 3.543 3.567 12800209.00 58139472.00
2014/12/17 3.587 3.674 3.548 3.635 15345642.00 70458472.00
2014/12/18 3.748 3.748 3.646 3.669 10567573.00 49613236.00
2014/12/19 3.709 3.733 3.646 3.686 6551325.00 30566988.00
2014/12/22 3.711 3.805 3.663 3.758 5987000.00 28505642.00
2014/12/23 3.734 3.821 3.694 3.805 9451000.00 45420340.00
2014/12/24 3.774 3.782 3.750 3.750 3482222.00 16612065.00
2014/12/29 3.801 3.848 3.762 3.793 9561364.00 46199920.00
2014/12/30 3.788 3.804 3.685 3.709 10707100.00 50748552.00
2014/12/31 3.731 3.818 3.692 3.810 11061500.00 52864624.00
2015/01/02 3.826 3.881 3.763 3.873 5982000.00 29146864.00
2015/01/05 3.877 3.917 3.846 3.909 9220875.00 45592020.00
2015/01/06 3.878 3.910 3.799 3.862 7216380.00 35331840.00
2015/01/07 3.793 4.022 3.793 3.903 19486444.00 97287352.00
2015/01/08 4.016 4.016 3.913 3.937 9190650.00 46023744.00
2015/01/09 3.936 3.960 3.873 3.897 10909000.00 54158552.00
2015/01/12 3.909 3.941 3.791 3.830 6016090.00 29214968.00
2015/01/13 3.868 3.883 3.820 3.868 3095042.00 15120417.00
2015/01/14 3.908 3.939 3.805 3.836 14275000.00 70008952.00
2015/01/15 3.828 3.914 3.828 3.875 7619097.00 37515168.00
2015/01/16 3.868 3.931 3.844 3.876 6543051.00 32074412.00
2015/01/19 3.871 3.871 3.484 3.563 13839000.00 63851248.00
2015/01/20 3.538 3.664 3.538 3.641 13669918.00 62827772.00
2015/01/21 3.683 3.770 3.675 3.730 7807749.00 36721812.00
2015/01/22 3.777 3.800 3.729 3.785 7377314.00 35251444.00
2015/01/23 3.877 3.917 3.830 3.869 10640250.00 52217632.00
2015/01/26 3.856 3.919 3.832 3.896 7112000.00 34791856.00
2015/01/27 3.847 3.878 3.776 3.791 5594541.00 26884054.00
2015/01/28 3.787 3.842 3.755 3.779 2650141.00 12692577.00
2015/01/29 3.726 3.766 3.647 3.655 8872147.00 41330476.00
2015/01/30 3.713 3.784 3.681 3.768 8143638.00 38536156.00
2015/02/02 3.634 3.745 3.626 3.682 11410913.00 53050472.00
2015/02/03 3.688 3.704 3.514 3.617 15552000.00 70956936.00
2015/02/04 3.661 3.685 3.582 3.646 9214110.00 42514536.00
2015/02/05 3.799 3.847 3.697 3.720 21808000.00 103741432.00
2015/02/06 3.793 3.793 3.635 3.690 6460194.00 30197130.00
2015/02/09 3.622 3.764 3.622 3.709 4792950.00 22398954.00
2015/02/10 3.724 3.724 3.660 3.660 7721000.00 35967720.00
2015/02/11 3.685 3.756 3.653 3.677 4503885.00 21061180.00
2015/02/12 3.662 3.781 3.662 3.773 6905000.00 32743916.00
2015/02/13 3.770 3.770 3.731 3.770 6281261.00 29849604.00
2015/02/16 3.761 3.761 3.658 3.674 9395000.00 43928224.00
2015/02/17 3.660 3.723 3.660 3.723 3440000.00 16101730.00
2015/02/18 3.739 3.739 3.660 3.683 1931770.00 9037843.00
2015/02/23 3.691 3.762 3.691 3.755 6495847.00 30776790.00
2015/02/24 3.794 3.897 3.794 3.794 12191056.00 59016000.00
2015/02/25 3.862 3.862 3.736 3.799 4991033.00 23803018.00
2015/02/26 3.799 3.838 3.735 3.830 2919000.00 13989010.00
2015/02/27 3.844 3.852 3.813 3.828 2302278.00 11118247.00
2015/03/02 3.792 3.831 3.736 3.808 6880000.00 32857134.00
2015/03/03 3.841 3.841 3.754 3.770 6072208.00 29042738.00
2015/03/04 3.800 3.800 3.689 3.713 5525506.00 25979466.00
2015/03/05 3.729 3.729 3.626 3.634 7165506.00 33131002.00
2015/03/06 3.681 3.697 3.594 3.634 6109000.00 27955144.00
2015/03/09 3.587 3.674 3.516 3.658 5860112.00 26674288.00
2015/03/10 3.642 3.674 3.586 3.586 5195128.00 23659576.00
2015/03/11 3.588 3.723 3.564 3.691 16904832.00 78080584.00
2015/03/12 3.705 3.777 3.626 3.713 9109031.00 42602452.00
2015/03/13 3.696 3.823 3.696 3.807 18924822.00 89856240.00
2015/03/16 3.809 3.920 3.785 3.888 14574744.00 70680400.00
2015/03/17 3.934 3.950 3.839 3.863 9196776.00 44832184.00
2015/03/18 3.878 3.949 3.862 3.901 18031900.00 88674728.00
2015/03/19 3.946 4.001 3.898 3.914 8376872.00 41618296.00
2015/03/20 3.939 3.939 3.836 3.884 12523000.00 61232496.00
2015/03/23 3.882 3.898 3.842 3.882 3265094.00 15959902.00
2015/03/24 3.879 3.910 3.807 3.823 4022000.00 19495164.00
2015/03/25 3.864 3.864 3.730 3.753 6013000.00 28599444.00
2015/03/26 3.704 3.799 3.688 3.712 5307704.00 25105994.00
2015/03/27 3.682 3.753 3.666 3.737 4599500.00 21571230.00
2015/03/30 3.785 3.936 3.761 3.920 13046167.00 64125192.00
2015/03/31 3.984 4.016 3.960 3.984 12291444.00 61683768.00
2015/04/01 3.961 4.072 3.961 4.056 14619000.00 74712000.00
2015/04/02 4.062 4.158 4.055 4.134 13355000.00 69292232.00
2015/04/08 4.170 4.494 4.170 4.399 33528244.00 183569616.00
2015/04/09 4.590 4.733 4.377 4.385 58368356.00 335947520.00
2015/04/10 4.522 4.656 4.379 4.537 41488000.00 235891088.00
2015/04/13 4.642 4.880 4.642 4.801 69485512.00 416255552.00
2015/04/14 4.881 5.071 4.778 4.833 55461412.00 342080768.00
2015/04/15 4.843 5.215 4.843 5.183 53791352.00 343996128.00
2015/04/16 4.983 5.173 4.983 5.125 23080184.00 149254176.00
2015/04/17 5.130 5.201 5.074 5.122 20169024.00 131088072.00
2015/04/20 5.263 5.350 4.884 4.963 30904000.00 200814672.00
2015/04/21 5.053 5.203 5.029 5.195 19110718.00 124210120.00
2015/04/22 5.085 5.378 5.085 5.370 15149951.00 100932624.00
2015/04/23 5.377 5.527 5.211 5.266 17682050.00 119545368.00
2015/04/24 5.310 5.358 5.002 5.176 18062900.00 118842728.00
2015/04/27 5.166 5.372 5.166 5.300 15836700.00 106156768.00
2015/04/28 5.426 5.473 5.291 5.418 17138886.00 117276912.00
2015/04/29 5.367 5.462 5.312 5.343 13667800.00 92841904.00
2015/04/30 5.324 5.545 5.324 5.474 30282820.00 210350416.00
2015/05/04 5.445 5.492 5.326 5.382 17909422.00 122227880.00
2015/05/05 5.382 5.445 5.192 5.208 11893312.00 79374240.00
2015/05/06 5.136 5.215 4.923 5.026 21152664.00 136555008.00
2015/05/07 4.919 4.943 4.817 4.864 16788000.00 103655440.00
2015/05/08 5.000 5.095 4.953 5.055 10063222.00 64172680.00
2015/05/11 5.156 5.156 4.999 5.117 8111650.00 52263436.00
2015/05/12 5.175 5.175 4.962 5.009 8478000.00 53907536.00
2015/05/13 5.046 5.172 4.999 5.062 10347110.00 66697352.00
2015/05/14 5.186 5.186 4.894 4.973 7294188.00 46234460.00
2015/05/15 4.997 5.075 4.902 5.020 9382000.00 59377764.00
2015/05/18 5.020 5.091 4.996 5.020 5326000.00 33959880.00
2015/05/19 5.092 5.195 4.974 5.187 5867327.00 38260728.00
2015/05/20 5.228 5.243 5.070 5.101 10265932.00 66786944.00
2015/05/21 5.047 5.126 4.960 4.976 12316904.00 78098696.00
2015/05/22 5.030 5.086 4.983 5.078 8583419.00 54972680.00
2015/05/26 5.208 5.279 5.098 5.129 11985000.00 78593312.00
2015/05/27 5.131 5.234 5.052 5.076 8792847.00 57095932.00
2015/05/28 5.074 5.216 4.971 5.019 12836212.00 82561808.00
2015/05/29 4.980 5.059 4.917 4.972 15536917.00 97988096.00
2015/06/01 4.887 5.084 4.855 5.053 8274687.00 52300916.00
2015/06/02 5.045 5.053 4.958 4.998 4023000.00 25481400.00
2015/06/03 5.048 5.104 4.962 5.072 8249241.00 52794848.00
2015/06/04 5.128 5.199 4.978 5.072 20885860.00 134461536.00
2015/06/05 5.138 5.162 4.933 4.964 16557560.00 104810336.00
2015/06/08 4.855 5.045 4.855 4.997 14376000.00 90855960.00
2015/06/09 5.035 5.074 4.901 4.948 15046130.00 94884968.00
2015/06/10 4.916 5.065 4.916 5.034 17191000.00 108490624.00
2015/06/11 5.080 5.111 5.001 5.072 11373375.00 72917832.00
2015/06/12 5.010 5.128 5.010 5.121 5009436.00 33121236.00
2015/06/15 5.120 5.144 5.041 5.073 5366125.00 34529016.00
2015/06/16 5.009 5.135 4.828 4.828 9183263.00 57524040.00
2015/06/17 4.828 4.946 4.828 4.899 7247556.00 45051440.00
2015/06/18 4.849 4.960 4.810 4.912 6022470.00 37281616.00
2015/06/19 4.910 5.029 4.871 4.887 12236850.00 76749384.00
2015/06/22 4.847 4.965 4.847 4.895 7127122.00 44310548.00
2015/06/23 4.810 4.905 4.770 4.873 7227506.00 44359672.00
2015/06/24 4.921 4.921 4.850 4.866 6111155.00 37772400.00
2015/06/25 4.898 5.072 4.851 5.016 15296226.00 96896288.00
2015/06/26 5.016 5.016 4.787 4.827 8344590.00 51633604.00
2015/06/29 4.884 4.908 4.624 4.773 14604778.00 88436336.00
2015/06/30 4.676 4.945 4.676 4.897 20194746.00 123198616.00
2015/07/02 5.050 5.192 4.869 5.153 23367540.00 150837824.00
2015/07/03 5.191 5.191 4.915 4.994 13118000.00 83431280.00
2015/07/06 5.082 5.105 4.577 4.766 25273000.00 152619008.00
2015/07/07 4.726 4.726 4.371 4.426 26705194.00 152235008.00
2015/07/08 4.141 4.181 3.731 3.889 38258884.00 187677376.00
2015/07/09 3.889 4.449 3.762 4.299 37413312.00 202347504.00
2015/07/10 4.307 4.615 4.307 4.410 16050800.00 90709576.00
2015/07/13 4.346 4.653 4.322 4.559 13110900.00 75569488.00
2015/07/14 4.576 4.655 4.513 4.529 9210868.00 53165436.00
2015/07/15 4.536 4.568 4.386 4.513 5992951.00 34079892.00
2015/07/16 4.451 4.522 4.349 4.522 14034087.00 78906000.00
2015/07/17 4.745 4.768 4.595 4.682 18371500.00 106231608.00
2015/07/20 4.738 4.753 4.627 4.738 10672843.00 63448444.00
2015/07/21 4.769 4.816 4.682 4.808 9686635.00 58343292.00
2015/07/22 4.814 4.814 4.711 4.743 9782003.00 58824800.00
2015/07/23 4.815 4.815 4.609 4.696 10641000.00 63209632.00
2015/07/24 4.593 4.680 4.569 4.569 6910000.00 40469272.00
2015/07/27 4.530 4.530 4.270 4.301 15774376.00 88258200.00
2015/07/28 4.324 4.458 4.182 4.253 14494254.00 79103032.00
2015/07/29 4.276 4.347 4.173 4.339 9256031.00 49948300.00
2015/07/30 4.348 4.435 4.301 4.403 6213000.00 34561044.00
2015/07/31 4.379 4.419 4.300 4.379 8701215.00 48070380.00
2015/08/03 4.379 4.387 4.269 4.284 5790000.00 31734700.00
2015/08/04 4.324 4.348 4.206 4.261 8140037.00 44131088.00
2015/08/05 4.261 4.356 4.214 4.340 5593476.00 30528750.00
2015/08/06 4.349 4.435 4.325 4.396 7875794.00 43893388.00
2015/08/07 4.491 4.633 4.396 4.585 12737476.00 73335032.00
2015/08/10 4.623 4.623 4.473 4.584 4731600.00 27324378.00
2015/08/11 4.717 4.781 4.629 4.685 7930432.00 46327104.00
2015/08/12 4.650 4.740 4.487 4.528 9434163.00 53303616.00
2015/08/13 4.664 4.706 4.540 4.582 4911994.00 27424802.00
2015/08/14 4.539 4.646 4.506 4.563 2685800.00 14828301.00
2015/08/17 4.503 4.602 4.413 4.462 3519601.00 19079256.00
2015/08/18 4.463 4.529 4.364 4.364 5663738.00 30329414.00
2015/08/19 4.396 4.429 4.289 4.363 4980561.00 26280372.00
2015/08/20 4.279 4.295 4.139 4.221 6448834.00 32913940.00
2015/08/21 4.169 4.169 4.045 4.111 8163000.00 40525100.00
2015/08/24 3.847 3.913 3.608 3.748 17867744.00 81042456.00
2015/08/25 3.615 3.912 3.615 3.822 16838608.00 77828752.00
2015/08/26 3.825 3.925 3.743 3.751 8662195.00 40053032.00
2015/08/27 3.853 3.977 3.729 3.894 12288219.00 56922232.00
2015/08/28 3.988 3.988 3.715 3.748 14856638.00 68494120.00
2015/08/31 3.784 3.784 3.619 3.735 17150708.00 77166312.00
2015/09/01 3.685 3.693 3.438 3.480 24333718.00 103920472.00
2015/09/02 3.390 3.505 3.300 3.366 22382206.00 92751032.00
2015/09/04 3.366 3.497 3.316 3.390 13058470.00 54111556.00
2015/09/07 3.388 3.511 3.347 3.355 8245400.00 34365680.00
2015/09/08 3.367 3.539 3.367 3.531 8642000.00 36387220.00
2015/09/09 3.555 3.694 3.555 3.662 10025879.00 44558424.00
2015/09/10 3.620 3.702 3.546 3.661 18775782.00 83285264.00
2015/09/11 3.741 3.807 3.683 3.716 13165234.00 59532484.00
2015/09/14 3.740 3.814 3.559 3.650 19711640.00 89080432.00
2015/09/15 3.598 3.631 3.500 3.516 21064112.00 90958120.00
2015/09/16 3.584 3.765 3.576 3.708 12247904.00 54794732.00
2015/09/17 3.795 3.795 3.672 3.705 8308171.00 37640884.00
2015/09/18 3.767 3.866 3.710 3.841 14684913.00 68448640.00
2015/09/21 3.804 3.853 3.706 3.763 7376894.00 33716832.00
2015/09/22 3.782 3.856 3.757 3.766 4676000.00 21659240.00
2015/09/23 3.711 3.826 3.629 3.695 7447500.00 33358310.00
2015/09/24 3.786 3.786 3.655 3.704 8328000.00 37496484.00
2015/09/25 3.703 3.761 3.646 3.736 6879905.00 30845120.00
2015/09/29 3.614 3.614 3.483 3.516 14334030.00 61507368.00
2015/09/30 3.587 3.677 3.562 3.587 16822076.00 74022712.00
2015/10/02 3.636 3.726 3.603 3.669 9732604.00 43698292.00
2015/10/05 3.735 3.825 3.685 3.817 8945456.00 41101632.00
2015/10/06 3.850 3.866 3.751 3.800 5517686.00 25463136.00
2015/10/07 3.751 3.973 3.751 3.940 14061000.00 66035292.00
2015/10/08 3.933 3.966 3.810 3.868 11505900.00 54128904.00
2015/10/09 3.932 3.957 3.818 3.851 8596273.00 40871924.00
2015/10/12 3.878 3.952 3.862 3.894 8934000.00 42577928.00
2015/10/13 3.884 3.884 3.745 3.810 11237000.00 52113844.00
2015/10/14 3.764 3.821 3.764 3.804 5780865.00 26873238.00
2015/10/15 3.820 3.902 3.780 3.870 5494823.00 25939656.00
2015/10/16 3.929 4.043 3.921 4.011 16359662.00 79568144.00
2015/10/19 4.074 4.156 4.017 4.131 13754234.00 68013576.00
2015/10/20 4.063 4.088 4.006 4.071 6659156.00 32813790.00
2015/10/22 4.047 4.121 3.998 4.080 6739000.00 33360424.00
2015/10/23 4.128 4.160 4.095 4.119 6989863.00 35119860.00
2015/10/26 4.190 4.190 4.067 4.116 6175000.00 30975496.00
2015/10/27 4.129 4.162 4.039 4.121 9728000.00 48582292.00
2015/10/28 4.058 4.107 3.902 3.910 13685370.00 66053492.00
2015/10/29 3.939 3.996 3.865 3.881 10550565.00 50445328.00
2015/10/30 3.949 4.031 3.892 4.006 9826730.00 47846516.00
2015/11/02 4.058 4.131 3.977 4.034 12095971.00 60074580.00
2015/11/03 4.084 4.133 4.068 4.101 11028123.00 55270412.00
2015/11/04 4.135 4.201 4.070 4.168 10227857.00 51891764.00
2015/11/05 4.130 4.187 4.056 4.138 8384944.00 42452988.00
2015/11/06 4.135 4.184 4.110 4.135 14360000.00 72443688.00
2015/11/09 4.101 4.249 4.101 4.208 10163000.00 52060536.00
2015/11/10 4.176 4.184 4.037 4.061 13259000.00 66250784.00
2015/11/11 4.029 4.087 3.964 3.988 8497000.00 41410364.00
2015/11/12 4.006 4.088 3.875 4.039 9481000.00 46096100.00
2015/11/13 4.090 4.090 3.869 3.885 13072861.00 62314348.00
2015/11/16 3.825 3.874 3.816 3.833 8773000.00 41031624.00
2015/11/17 3.906 3.964 3.873 3.915 12568000.00 59801992.00
2015/11/18 3.885 4.000 3.885 3.951 6624273.00 31791846.00
2015/11/19 3.992 4.025 3.967 3.975 6149000.00 29830336.00
2015/11/20 3.958 4.008 3.950 3.991 3657270.00 17728810.00
2015/11/23 4.013 4.021 3.947 3.972 5793252.00 28009282.00
2015/11/24 3.957 3.998 3.866 3.907 12966956.00 61445448.00
2015/11/25 3.874 3.915 3.849 3.882 4408650.00 20734250.00
2015/11/26 3.924 3.941 3.850 3.900 10548261.00 49749744.00
2015/11/27 3.901 3.909 3.769 3.793 10955990.00 50728560.00
2015/11/30 3.796 3.838 3.722 3.772 17953076.00 82234768.00
2015/12/01 3.805 3.821 3.755 3.805 10877199.00 49903268.00
2015/12/02 3.771 3.861 3.771 3.828 4005760.00 18605332.00
2015/12/03 3.789 3.839 3.781 3.822 5278403.00 24328060.00
2015/12/04 3.790 3.814 3.724 3.790 5828728.00 26628470.00
2015/12/07 3.798 3.839 3.781 3.823 5471596.00 25270712.00
2015/12/08 3.803 3.828 3.729 3.787 6110586.00 27895348.00
2015/12/09 3.724 3.765 3.683 3.699 11409000.00 51291100.00
2015/12/10 3.705 3.771 3.688 3.730 7969234.00 35958696.00
2015/12/11 3.795 3.795 3.637 3.645 6688063.00 29586464.00
2015/12/14 3.553 3.636 3.553 3.620 21256290.00 92315264.00
2015/12/15 3.632 3.674 3.615 3.640 13372872.00 58428300.00
2015/12/16 3.686 3.844 3.686 3.836 17506648.00 78429248.00
2015/12/17 3.843 3.969 3.835 3.877 9636000.00 44880516.00
2015/12/18 3.879 3.980 3.846 3.929 10793790.00 50695764.00
2015/12/21 3.901 4.051 3.884 4.026 8025166.00 38428300.00
2015/12/22 4.067 4.067 3.984 4.051 6373551.00 30780086.00
2015/12/23 4.050 4.108 4.016 4.083 6760821.00 33015724.00
2015/12/24 4.127 4.127 4.060 4.069 2512750.00 12284385.00
2015/12/28 4.068 4.077 3.960 3.960 7345000.00 35140860.00
2015/12/29 3.992 4.042 3.967 4.000 6210700.00 29711660.00
2015/12/30 4.011 4.011 3.877 3.910 7038864.00 32913654.00
2015/12/31 3.921 3.963 3.921 3.929 970000.00 4556810.00
2016/01/04 3.927 3.944 3.801 3.843 5120560.00 19677774.00
2016/01/05 3.800 3.935 3.800 3.826 6603982.00 25264458.00
2016/01/06 3.851 3.851 3.682 3.691 28017036.00 103403016.00
2016/01/07 3.701 3.734 3.540 3.548 23031728.00 81718688.00
2016/01/08 3.597 3.606 3.546 3.563 15047098.00 53618620.00
2016/01/11 3.466 3.483 3.365 3.373 21424680.00 72268576.00
2016/01/12 3.374 3.425 3.340 3.349 14787160.00 49520612.00
2016/01/13 3.383 3.417 3.366 3.366 17355346.00 58424404.00
2016/01/14 3.323 3.348 3.280 3.306 18283606.00 60440292.00
2016/01/15 3.317 3.342 3.174 3.182 36779128.00 117032328.00
2016/01/18 3.112 3.246 3.070 3.162 10842580.00 34287196.00
2016/01/19 3.153 3.321 3.153 3.287 13403800.00 44059080.00
2016/01/20 3.246 3.262 3.137 3.137 10850698.00 34033768.00
2016/01/21 3.122 3.206 3.046 3.080 23818000.00 73354456.00
2016/01/22 3.165 3.224 3.132 3.199 9839400.00 31476520.00
2016/01/25 3.212 3.271 3.178 3.212 5728400.00 18398358.00
2016/01/26 3.161 3.220 3.027 3.035 20521100.00 62284484.00
2016/01/27 3.096 3.138 3.062 3.130 7962000.00 24918458.00
2016/01/28 3.087 3.162 3.078 3.154 5105000.00 16101234.00
2016/01/29 3.120 3.322 3.120 3.313 12834000.00 42521420.00
2016/02/01 3.267 3.292 3.158 3.191 15844184.00 50565248.00
2016/02/02 3.158 3.192 3.116 3.125 13109967.00 40963392.00
2016/02/03 3.091 3.091 3.033 3.049 16098168.00 49090624.00
2016/02/04 3.090 3.099 3.040 3.048 8496495.00 25901036.00
2016/02/05 3.020 3.112 3.003 3.087 4707500.00 14532768.00
2016/02/11 3.020 3.045 2.936 2.945 8815490.00 25957554.00
2016/02/12 2.936 3.028 2.886 2.911 12635800.00 36782600.00
2016/02/15 2.977 3.119 2.952 3.085 16520000.00 50968872.00
2016/02/16 3.121 3.155 3.088 3.121 8866790.00 27673938.00
2016/02/17 3.106 3.156 3.064 3.089 15949521.00 49272932.00
2016/02/18 3.138 3.188 3.113 3.130 12381000.00 38747972.00
2016/02/19 3.134 3.185 3.134 3.168 7211754.00 22845330.00
2016/02/22 3.178 3.212 3.153 3.204 5163000.00 16539817.00
2016/02/23 3.235 3.235 3.176 3.201 3549000.00 11360248.00
2016/02/24 3.194 3.219 3.127 3.169 5773000.00 18294342.00
2016/02/25 3.204 3.204 3.044 3.052 8393724.00 25621260.00
2016/02/26 3.112 3.137 3.087 3.112 5677941.00 17668470.00
2016/02/29 3.149 3.149 3.048 3.064 7770000.00 23810158.00
2016/03/01 3.079 3.087 2.994 3.037 20853500.00 63321972.00
2016/03/02 3.100 3.201 3.075 3.184 21187224.00 67466688.00
2016/03/03 3.206 3.232 3.173 3.215 8086000.00 25994542.00
2016/03/04 3.210 3.319 3.202 3.294 23844000.00 78540632.00
2016/03/07 3.354 3.421 3.338 3.354 11899795.00 39915720.00
2016/03/08 3.308 3.325 3.266 3.317 15330262.00 50844028.00
2016/03/09 3.269 3.320 3.252 3.320 14959202.00 49657808.00
2016/03/10 3.346 3.363 3.288 3.313 9028587.00 29910846.00
2016/03/11 3.302 3.352 3.286 3.336 20790904.00 69352632.00
2016/03/14 3.346 3.379 3.313 3.371 11709011.00 39471716.00
2016/03/15 3.346 3.388 3.330 3.380 9415906.00 31826154.00
2016/03/16 3.359 3.376 3.292 3.326 10869090.00 36148484.00
2016/03/17 3.266 3.366 3.266 3.349 19031744.00 63745688.00
2016/03/18 3.375 3.400 3.333 3.375 19982012.00 67436592.00
2016/03/21 3.427 3.469 3.394 3.444 18910000.00 65127416.00
2016/03/22 3.452 3.486 3.419 3.436 13822000.00 47485660.00
2016/03/23 3.425 3.459 3.375 3.400 9286000.00 31573968.00
2016/03/24 3.426 3.426 3.334 3.342 17717076.00 59209164.00
2016/03/29 3.329 3.371 3.304 3.329 6263000.00 20852286.00
2016/03/30 3.319 3.428 3.319 3.411 12250043.00 41784428.00
2016/03/31 3.408 3.433 3.358 3.416 15358000.00 52467920.00
2016/04/01 3.423 3.423 3.315 3.373 15179494.00 51198004.00
2016/04/05 3.360 3.419 3.285 3.302 16918312.00 55865716.00
2016/04/06 3.306 3.340 3.273 3.331 7398000.00 24644004.00
2016/04/07 3.321 3.371 3.279 3.296 12227059.00 40296988.00
2016/04/08 3.287 3.329 3.203 3.304 12219000.00 40366572.00
2016/04/11 3.317 3.383 3.283 3.375 5056920.00 17066832.00
2016/04/12 3.366 3.408 3.358 3.374 5776451.00 19492402.00
2016/04/13 3.398 3.432 3.373 3.432 32493500.00 111504344.00
2016/04/14 3.480 3.547 3.472 3.488 21636398.00 75473096.00
2016/04/15 3.515 3.515 3.464 3.489 5571938.00 19443032.00
2016/04/18 3.459 3.459 3.392 3.425 6862558.00 23505504.00
2016/04/19 3.462 3.471 3.429 3.454 10610490.00 36647776.00
2016/04/20 3.456 3.464 3.381 3.422 5863217.00 20066016.00
2016/04/21 3.442 3.492 3.409 3.459 15384802.00 53215568.00
2016/04/22 3.463 3.472 3.430 3.438 7765575.00 26699440.00
2016/04/25 3.442 3.476 3.408 3.417 8054000.00 27519608.00
2016/04/26 3.396 3.446 3.363 3.446 6893798.00 23758364.00
2016/04/27 3.428 3.444 3.377 3.436 4622390.00 15882347.00
2016/04/28 3.450 3.475 3.425 3.442 6176000.00 21255772.00
2016/04/29 3.439 3.488 3.380 3.405 18889000.00 64321036.00
2016/05/03 3.403 3.412 3.328 3.345 12713000.00 42525520.00
2016/05/04 3.347 3.389 3.339 3.372 10531212.00 35511052.00
2016/05/05 3.356 3.381 3.348 3.365 7282000.00 24500948.00
2016/05/06 3.377 3.377 3.302 3.310 8823850.00 29207238.00
2016/05/09 3.314 3.331 3.272 3.289 6817999.00 22423314.00
2016/05/10 3.277 3.294 3.227 3.235 19208576.00 62139760.00
2016/05/11 3.243 3.268 3.168 3.184 16653518.00 53031396.00
2016/05/12 3.173 3.189 3.147 3.181 9968060.00 31707442.00
2016/05/13 3.178 3.186 3.111 3.127 12315000.00 38514896.00
2016/05/16 3.131 3.173 3.114 3.122 8531951.00 26638668.00
2016/05/17 3.133 3.208 3.108 3.192 7154914.00 22836038.00
2016/05/18 3.125 3.167 3.125 3.159 8159088.00 25773652.00
2016/05/19 3.147 3.189 3.139 3.147 6548000.00 20607052.00
2016/05/20 3.129 3.180 3.129 3.138 10994655.00 34498020.00
2016/05/23 3.169 3.228 3.118 3.211 6206725.00 19927852.00
2016/05/24 3.203 3.211 3.144 3.161 11672720.00 36896448.00
2016/05/25 3.197 3.256 3.180 3.239 16981320.00 55007576.00
2016/05/26 3.242 3.259 3.208 3.225 4909263.00 15833858.00
2016/05/27 3.238 3.289 3.221 3.280 14733764.00 48333756.00
2016/05/30 3.312 3.388 3.295 3.346 11956787.00 40003224.00
2016/05/31 3.362 3.396 3.328 3.370 26248328.00 88469016.00
2016/06/01 3.366 3.366 3.298 3.315 16509200.00 54732124.00
2016/06/02 3.314 3.356 3.306 3.331 5939696.00 19785560.00
2016/06/03 3.362 3.362 3.328 3.345 8814000.00 29480900.00
2016/06/06 3.322 3.364 3.322 3.364 6705000.00 22557018.00
2016/06/07 3.379 3.464 3.362 3.438 7621000.00 26202318.00
2016/06/08 3.454 3.454 3.404 3.421 6132000.00 20974806.00
2016/06/10 3.429 3.429 3.319 3.328 7049000.00 23456572.00
2016/06/13 3.314 3.314 3.238 3.272 9369000.00 30655426.00
2016/06/14 3.263 3.288 3.237 3.271 6030045.00 19726620.00
2016/06/15 3.248 3.325 3.248 3.308 11114000.00 36764004.00
2016/06/16 3.287 3.287 3.219 3.245 10332180.00 33523632.00
2016/06/17 3.265 3.290 3.256 3.265 9873856.00 32235784.00
2016/06/20 3.260 3.328 3.260 3.319 11398122.00 37835116.00
2016/06/21 3.342 3.342 3.317 3.333 20945110.00 69820032.00
2016/06/22 3.178 3.280 3.161 3.263 14576000.00 47565428.00
2016/06/23 3.250 3.258 3.216 3.242 6064012.00 19656852.00
2016/06/24 3.239 3.256 3.120 3.188 14293000.00 45568108.00
2016/06/27 3.173 3.284 3.173 3.258 3723000.00 12130979.00
2016/06/28 3.241 3.284 3.215 3.258 7900000.00 25737948.00
2016/06/29 3.274 3.308 3.257 3.308 8369400.00 27687260.00
2016/06/30 3.299 3.359 3.299 3.350 8449701.00 28309088.00
2016/07/04 3.359 3.410 3.359 3.376 11808000.00 39862284.00
2016/07/05 3.356 3.382 3.330 3.330 11064000.00 36847952.00
2016/07/06 3.335 3.343 3.292 3.318 4238000.00 14059593.00
2016/07/07 3.316 3.350 3.316 3.342 3878000.00 12959821.00
2016/07/08 3.335 3.335 3.300 3.318 4048656.00 13431598.00
2016/07/11 3.334 3.403 3.334 3.395 7456916.00 25314316.00
2016/07/12 3.409 3.426 3.391 3.417 7558531.00 25829632.00
2016/07/13 3.440 3.466 3.397 3.457 8810596.00 30461948.00
2016/07/14 3.447 3.499 3.421 3.499 7426835.00 25986416.00
2016/07/15 3.498 3.532 3.481 3.515 9479122.00 33320676.00
2016/07/18 3.523 3.558 3.506 3.540 3500803.00 12394498.00
2016/07/19 3.567 3.584 3.506 3.567 8828000.00 31486546.00
2016/07/20 3.582 3.582 3.530 3.556 7704813.00 27400956.00
2016/07/21 3.544 3.595 3.544 3.578 6283039.00 22482052.00
2016/07/22 3.542 3.550 3.481 3.516 9638756.00 33887196.00
2016/07/25 3.551 3.568 3.517 3.568 8200699.00 29263294.00
2016/07/26 3.530 3.616 3.521 3.598 7294000.00 26247302.00
2016/07/27 3.558 3.584 3.524 3.576 6600000.00 23598982.00
2016/07/28 3.580 3.580 3.529 3.546 6709000.00 23790234.00
2016/07/29 3.550 3.559 3.490 3.490 5979357.00 20868348.00
2016/08/01 3.503 3.554 3.486 3.545 11355936.00 40261652.00
2016/08/03 3.497 3.514 3.463 3.506 8782458.00 30789804.00
2016/08/04 3.545 3.545 3.511 3.545 5957200.00 21119996.00
2016/08/05 3.562 3.579 3.545 3.570 7261000.00 25923734.00
2016/08/08 3.599 3.616 3.573 3.608 9551946.00 34460308.00
2016/08/09 3.614 3.640 3.597 3.640 8073003.00 29386738.00
2016/08/10 3.637 3.645 3.619 3.645 8277000.00 30171528.00
2016/08/11 3.630 3.733 3.613 3.690 10336000.00 38140436.00
2016/08/12 3.758 3.783 3.741 3.783 9854000.00 37282328.00
2016/08/15 3.752 3.897 3.752 3.846 7561000.00 29078242.00
2016/08/16 3.847 3.890 3.796 3.796 6271354.00 23803138.00
2016/08/17 3.799 3.816 3.748 3.765 6774485.00 25507136.00
2016/08/18 3.795 3.854 3.795 3.846 14958000.00 57527348.00
2016/08/19 3.877 3.894 3.817 3.886 14826001.00 57608044.00
2016/08/22 3.946 3.946 3.868 3.946 8050700.00 31765292.00
2016/08/23 3.942 3.942 3.890 3.933 6641716.00 26123280.00
2016/08/24 3.924 3.924 3.752 3.812 7914700.00 30171920.00
2016/08/25 3.822 3.840 3.779 3.822 6413700.00 24515262.00
2016/08/26 3.790 3.824 3.781 3.798 4235000.00 16084974.00
2016/08/29 3.827 3.827 3.767 3.801 11990400.00 45575788.00
2016/08/30 3.816 3.851 3.816 3.842 8041700.00 30897108.00
2016/08/31 3.873 3.942 3.838 3.881 20501764.00 79572472.00
2016/09/01 3.917 4.029 3.892 4.029 20004700.00 80605728.00
2016/09/02 4.034 4.120 3.991 4.086 14284138.00 58363596.00
2016/09/05 4.130 4.173 4.104 4.165 6427000.00 26766318.00
2016/09/06 4.161 4.222 4.144 4.187 10401669.00 43554140.00
2016/09/07 4.188 4.205 4.137 4.180 7821000.00 32688496.00
2016/09/08 4.209 4.235 4.158 4.235 8743067.00 37025320.00
2016/09/09 4.247 4.367 4.229 4.315 17475000.00 75410608.00
2016/09/12 4.287 4.287 4.123 4.132 11139034.00 46022728.00
2016/09/13 4.197 4.214 4.094 4.111 7978092.00 32800154.00
2016/09/14 4.096 4.173 4.087 4.156 5472693.00 22744230.00
2016/09/15 4.182 4.234 4.147 4.234 4523578.00 19150790.00
2016/09/19 4.149 4.330 4.149 4.270 12552046.00 53593680.00
2016/09/20 4.258 4.327 4.241 4.309 11355598.00 48935460.00
2016/09/21 4.345 4.345 4.224 4.267 10512400.00 44859944.00
2016/09/22 4.323 4.357 4.263 4.314 7373457.00 31809314.00
2016/09/23 4.350 4.358 4.238 4.281 6188325.00 26491648.00
2016/09/26 4.268 4.294 4.139 4.182 10199721.00 42657028.00
2016/09/27 4.168 4.228 4.108 4.176 7394125.00 30880768.00
2016/09/28 4.145 4.179 4.059 4.093 13685334.00 56013816.00
2016/09/29 4.121 4.198 4.112 4.198 7150000.00 30015146.00
2016/09/30 4.167 4.167 4.072 4.115 8458668.00 34811112.00
2016/10/03 4.167 4.202 4.107 4.124 5438281.00 22427722.00
2016/10/04 4.158 4.219 4.133 4.210 10470711.00 44083192.00
2016/10/05 4.210 4.236 4.158 4.202 2573414.00 10812285.00
2016/10/06 4.202 4.279 4.176 4.253 5203668.00 22132198.00
2016/10/07 4.227 4.270 4.193 4.219 6683218.00 28194846.00
2016/10/11 4.281 4.281 4.151 4.186 6314950.00 26432974.00
2016/10/12 4.161 4.161 4.074 4.135 7466000.00 30872042.00
2016/10/13 4.155 4.155 3.999 4.016 7355000.00 29540520.00
2016/10/14 4.000 4.034 3.974 4.008 4750000.00 19039568.00
2016/10/17 4.047 4.099 4.012 4.047 4341792.00 17571538.00
2016/10/18 4.077 4.121 4.016 4.095 5451000.00 22319408.00
2016/10/19 4.122 4.122 4.044 4.070 2638000.00 10735499.00
2016/10/20 4.104 4.104 4.052 4.061 3831685.00 15558589.00
2016/10/24 4.136 4.136 4.066 4.127 8716000.00 35971516.00
2016/10/25 4.113 4.148 4.113 4.122 8724230.00 35961068.00
2016/10/26 4.164 4.164 4.059 4.068 8243000.00 33529782.00
2016/10/27 4.061 4.122 4.017 4.052 5980000.00 24230520.00
2016/10/28 4.069 4.095 4.043 4.069 6941406.00 28244782.00
2016/10/31 4.056 4.100 4.012 4.056 5434610.00 22042574.00
2016/11/01 4.044 4.105 4.035 4.061 10610702.00 43094832.00
2016/11/02 4.042 4.042 3.972 4.007 4024678.00 16127682.00
2016/11/03 4.003 4.029 3.986 3.995 2961101.00 11828370.00
2016/11/04 3.987 4.022 3.978 4.022 5039534.00 20268942.00
2016/11/07 3.982 4.043 3.982 4.017 3520891.00 14142109.00
2016/11/08 4.031 4.075 4.014 4.066 3915000.00 15918780.00
2016/11/09 4.085 4.094 3.884 3.962 10899680.00 43188792.00
2016/11/10 4.044 4.088 4.000 4.035 6436000.00 25971600.00
2016/11/11 4.031 4.066 3.961 3.996 8791400.00 35129164.00
2016/11/14 4.040 4.040 3.987 3.996 12893000.00 51521820.00
2016/11/15 4.044 4.106 4.026 4.070 6917104.00 28156014.00
2016/11/16 4.085 4.138 4.076 4.085 4828213.00 19724608.00
2016/11/17 4.144 4.144 4.064 4.100 2620494.00 10743672.00
2016/11/18 4.133 4.133 4.044 4.080 5026396.00 20505926.00
2016/11/21 4.135 4.144 4.064 4.126 6756786.00 27881504.00
2016/11/22 4.097 4.212 4.088 4.203 6599000.00 27738448.00
2016/11/23 4.185 4.300 4.176 4.247 7842700.00 33305558.00
2016/11/24 4.231 4.293 4.195 4.275 5683000.00 24296870.00
2016/11/25 4.281 4.397 4.272 4.379 11031791.00 48304780.00
2016/11/28 4.380 4.442 4.353 4.415 12803100.00 56527532.00
2016/11/29 4.370 4.432 4.317 4.326 7792106.00 33705780.00
2016/11/30 4.395 4.395 4.298 4.298 9281366.00 39887872.00
2016/12/01 4.365 4.383 4.312 4.330 9511000.00 41181840.00
2016/12/02 4.346 4.346 4.249 4.302 5486385.00 23602420.00
2016/12/05 4.325 4.325 4.209 4.236 5714127.00 24203398.00
2016/12/06 4.253 4.271 4.218 4.262 3141205.00 13388083.00
2016/12/07 4.276 4.303 4.241 4.250 4804580.00 20418426.00
2016/12/08 4.298 4.351 4.271 4.351 6038014.00 26270488.00
2016/12/09 4.366 4.393 4.295 4.357 6678246.00 29098634.00
2016/12/12 4.380 4.407 4.247 4.265 7262000.00 30969764.00
2016/12/13 4.238 4.300 4.220 4.265 7610961.00 32459592.00
2016/12/14 4.280 4.316 4.245 4.263 11440920.00 48767756.00
2016/12/15 4.242 4.269 4.108 4.126 11362800.00 46886924.00
2016/12/16 4.183 4.192 4.085 4.147 12574927.00 52153444.00
2016/12/19 4.115 4.115 4.034 4.034 15660633.00 63180808.00
2016/12/20 4.043 4.070 3.989 3.998 5864390.00 23445906.00
2016/12/21 4.018 4.107 3.982 4.053 7084449.00 28715454.00
2016/12/22 4.053 4.062 3.955 3.964 4665304.00 18491238.00
2016/12/23 3.947 3.991 3.938 3.938 6394122.00 25178646.00
2016/12/28 3.950 4.012 3.932 3.994 5422741.00 21660466.00
2016/12/29 3.986 4.022 3.969 4.013 3945327.00 15833853.00
2016/12/30 4.007 4.079 3.998 4.070 5931000.00 24139292.00
2017/01/03 4.067 4.094 4.013 4.085 9600000.00 39217168.00
2017/01/04 4.087 4.168 4.070 4.105 6308013.00 25897046.00
2017/01/05 4.093 4.165 4.093 4.129 7781908.00 32132470.00
2017/01/06 4.091 4.127 4.038 4.056 7027443.00 28501072.00
2017/01/09 4.090 4.135 4.072 4.099 6410840.00 26279554.00
2017/01/10 4.124 4.142 4.088 4.124 8895000.00 36684596.00
2017/01/11 4.116 4.152 4.107 4.152 6056000.00 25141606.00
2017/01/12 4.128 4.173 4.119 4.146 8573782.00 35545988.00
2017/01/13 4.141 4.150 4.114 4.150 3171468.00 13160837.00
2017/01/16 4.139 4.148 4.068 4.094 6915000.00 28311622.00
2017/01/17 4.110 4.137 4.074 4.119 7684785.00 31652818.00
2017/01/18 4.082 4.135 4.064 4.117 12602673.00 51890116.00
2017/01/19 4.111 4.137 4.084 4.128 5038782.00 20801974.00
2017/01/20 4.144 4.144 4.100 4.127 7770478.00 32065058.00
2017/01/23 4.119 4.172 4.101 4.146 13229548.00 54843592.00
2017/01/24 4.167 4.202 4.149 4.202 8597918.00 36128760.00
2017/01/25 4.218 4.236 4.183 4.227 6549000.00 27682322.00
2017/01/26 4.235 4.270 4.200 4.253 4550116.00 19350558.00
2017/01/27 4.217 4.262 4.173 4.200 2233816.00 9381385.00
2017/02/01 4.200 4.262 4.156 4.262 5876000.00 25041180.00
2017/02/02 4.200 4.262 4.200 4.217 3333734.00 14059675.00
2017/02/03 4.197 4.250 4.170 4.232 7907974.00 33467784.00
2017/02/06 4.254 4.289 4.236 4.280 7011000.00 30008182.00
2017/02/07 4.280 4.289 4.227 4.271 3985792.00 17024762.00
2017/02/08 4.259 4.322 4.233 4.322 7392423.00 31946656.00
2017/02/09 4.312 4.383 4.312 4.366 7899000.00 34483980.00
2017/02/10 4.418 4.471 4.391 4.444 16085490.00 71487464.00
2017/02/13 4.467 4.529 4.440 4.529 9558000.00 43289196.00
2017/02/14 4.522 4.531 4.451 4.496 6762930.00 30403218.00
2017/02/15 4.529 4.617 4.502 4.617 22633060.00 104501240.00
2017/02/16 4.643 4.731 4.616 4.687 20003722.00 93754304.00
2017/02/17 4.676 4.676 4.543 4.570 7901585.00 36108632.00
2017/02/20 4.597 4.659 4.570 4.632 15924110.00 73766336.00
2017/02/21 4.636 4.724 4.636 4.653 12111906.00 56360788.00
2017/02/22 4.727 4.869 4.674 4.869 21815792.00 106218064.00
2017/02/23 4.842 4.877 4.771 4.798 16842448.00 80801872.00
2017/02/24 4.787 4.884 4.751 4.849 13088068.00 63460168.00
2017/02/27 4.788 4.877 4.779 4.841 11450144.00 55433272.00
2017/02/28 4.801 4.845 4.783 4.828 13299975.00 64207092.00
2017/03/01 4.795 4.883 4.768 4.804 4516943.00 21698002.00
2017/03/02 4.875 4.911 4.760 4.778 7195400.00 34376660.00
2017/03/03 4.828 4.828 4.678 4.757 11833533.00 56297192.00
2017/03/06 4.740 4.776 4.714 4.758 7122863.00 33890064.00
2017/03/07 4.778 4.814 4.760 4.814 6556932.00 31562872.00
2017/03/08 4.828 4.837 4.748 4.792 3372500.00 16161496.00
2017/03/09 4.797 4.842 4.717 4.833 9639361.00 46584664.00
2017/03/10 4.807 4.807 4.718 4.771 5194921.00 24784914.00
2017/03/13 4.754 4.922 4.736 4.878 10320333.00 50342324.00
2017/03/14 4.887 4.985 4.869 4.940 13321751.00 65810184.00
2017/03/15 4.938 4.938 4.884 4.893 6510000.00 31854992.00
2017/03/16 4.877 4.983 4.877 4.983 6952660.00 34646088.00
2017/03/17 5.005 5.023 4.934 4.969 11774138.00 58508896.00
2017/03/20 4.906 4.995 4.906 4.951 9777528.00 48406420.00
2017/03/21 4.945 4.963 4.901 4.936 11891131.00 58697304.00
2017/03/22 4.843 4.896 4.817 4.896 18687556.00 91502888.00
2017/03/23 4.876 4.876 4.769 4.787 13248224.00 63420572.00
2017/03/24 4.786 4.804 4.706 4.724 8603891.00 40645516.00
2017/03/27 4.697 4.732 4.644 4.670 7481368.00 34941556.00
2017/03/28 4.702 4.764 4.649 4.702 6638584.00 31213950.00
2017/03/29 4.782 4.782 4.684 4.746 6560268.00 31137742.00
2017/03/30 4.753 4.779 4.637 4.708 4135710.00 19472042.00
2017/03/31 4.661 4.696 4.572 4.661 8749000.00 40778192.00
2017/04/03 4.661 4.705 4.625 4.705 7431340.00 34966588.00
2017/04/05 4.708 4.726 4.602 4.726 11540153.00 54540660.00
2017/04/06 4.720 4.720 4.667 4.685 11429320.00 53540896.00
2017/04/07 4.730 4.810 4.659 4.810 23664056.00 113817200.00
2017/04/10 4.835 4.906 4.772 4.879 12114370.00 59105564.00
2017/04/11 4.899 4.996 4.801 4.828 12882173.00 62190928.00
2017/04/12 4.853 4.897 4.800 4.817 8342936.00 40190700.00
2017/04/13 4.797 4.841 4.797 4.797 4781000.00 22933538.00
2017/04/18 4.810 4.810 4.695 4.721 7292000.00 34426268.00
2017/04/19 4.708 4.708 4.602 4.690 8744000.00 41010328.00
2017/04/20 4.805 4.805 4.681 4.796 7067350.00 33894596.00
2017/04/21 4.789 4.860 4.780 4.815 5792443.00 27892810.00
2017/04/24 4.840 4.857 4.760 4.787 3087751.00 14780222.00
2017/04/25 4.822 4.902 4.796 4.884 7655376.00 37388748.00
2017/04/26 4.884 4.902 4.857 4.902 7707000.00 37776832.00
2017/04/27 4.888 4.914 4.720 4.773 8216688.00 39215208.00
2017/04/28 4.784 4.792 4.704 4.739 7219393.00 34214464.00
2017/05/02 4.743 4.761 4.654 4.725 6577737.00 31081156.00
2017/05/04 4.750 4.750 4.635 4.688 7271460.00 34088976.00
2017/05/05 4.629 4.629 4.523 4.549 11946000.00 54345456.00
2017/05/08 4.580 4.606 4.518 4.597 10685800.00 49126960.00
2017/05/09 4.452 4.487 4.372 4.452 7193658.00 32024628.00
2017/05/10 4.481 4.552 4.481 4.543 10992740.00 49937504.00
2017/05/11 4.593 4.638 4.531 4.558 8054400.00 36711524.00
2017/05/12 4.576 4.602 4.540 4.594 5381274.00 24718954.00
2017/05/15 4.594 4.629 4.558 4.576 3864451.00 17683374.00
2017/05/16 4.567 4.611 4.531 4.611 3363923.00 15510288.00
2017/05/17 4.574 4.583 4.486 4.512 3192413.00 14404494.00
2017/05/18 4.451 4.486 4.380 4.389 9631000.00 42269244.00
2017/05/19 4.375 4.490 4.375 4.437 4057431.00 18001304.00
2017/05/22 4.429 4.473 4.394 4.438 7671010.00 34041388.00
2017/05/23 4.436 4.515 4.410 4.436 7788660.00 34550160.00
2017/05/24 4.459 4.529 4.406 4.441 4422723.00 19641478.00
2017/05/25 4.445 4.587 4.410 4.578 8642682.00 39563912.00
2017/05/26 4.611 4.717 4.594 4.700 9895325.00 46503220.00
2017/05/29 4.664 4.735 4.629 4.708 3612137.00 17007138.00
2017/05/31 4.694 4.747 4.633 4.694 7868538.00 36938044.00
2017/06/01 4.675 4.675 4.501 4.658 9109263.00 42430404.00
2017/06/02 4.692 4.692 4.595 4.613 5790428.00 26710504.00
2017/06/05 4.622 4.648 4.526 4.561 4826675.00 22014360.00
2017/06/06 4.568 4.664 4.551 4.638 8680694.00 40259928.00
2017/06/07 4.605 4.684 4.544 4.579 4730559.00 21662664.00
2017/06/08 4.584 4.636 4.549 4.636 4108059.00 19044774.00
2017/06/09 4.620 4.646 4.533 4.550 9055600.00 41206408.00
2017/06/12 4.567 4.628 4.514 4.558 11998500.00 54688504.00
2017/06/13 4.548 4.609 4.548 4.583 5643753.00 25865238.00
2017/06/14 4.565 4.565 4.487 4.548 5718594.00 26005946.00
