2013/12/23 3.076 3.092 2.981 3.037 33675000.00 129366232.00
2013/12/24 3.036 3.036 2.989 2.997 12791000.00 48687608.00
2013/12/27 2.991 3.007 2.936 2.976 24848000.00 93408528.00
2013/12/30 2.967 2.975 2.920 2.967 15775000.00 59105360.00
2013/12/31 2.972 3.035 2.941 3.027 15374000.00 58422688.00
2014/01/02 3.060 3.060 2.989 3.005 2710000.00 10343070.00
2014/01/03 3.031 3.031 2.976 2.991 3306000.00 12541230.00
2014/01/06 2.992 2.992 2.929 2.953 7626000.00 28631850.00
2014/01/07 2.976 2.991 2.928 2.968 23747000.00 89221480.00
2014/01/08 2.993 3.033 2.930 3.033 25682000.00 97412232.00
2014/01/09 3.018 3.073 2.995 3.058 41898000.00 161791072.00
2014/01/10 3.053 3.116 3.013 3.108 83664000.00 325676352.00
2014/01/13 3.105 3.113 3.010 3.010 1950000.00 7546510.00
2014/01/14 2.986 3.002 2.947 2.954 5631000.00 21206660.00
2014/01/15 2.950 2.982 2.927 2.935 3555000.00 13313960.00
2014/01/16 2.922 2.945 2.898 2.898 6669000.00 24649720.00
2014/01/17 2.834 2.881 2.826 2.834 7771000.00 28016310.00
2014/01/20 2.820 2.820 2.717 2.717 13894000.00 48459540.00
2014/01/21 2.708 2.740 2.653 2.661 13250000.00 45141580.00
2014/01/22 2.646 2.646 2.528 2.615 26325000.00 85856520.00
2014/01/23 2.615 2.639 2.521 2.552 8971000.00 29168400.00
2014/01/24 2.517 2.572 2.517 2.541 4603000.00 14887340.00
2014/01/27 2.499 2.515 2.405 2.452 11000000.00 34100860.00
2014/01/28 2.484 2.484 2.437 2.445 2751000.00 8620040.00
2014/01/29 2.447 2.494 2.447 2.470 5011000.00 15728000.00
2014/01/30 2.390 2.453 2.390 2.430 5652000.00 17438330.00
2014/02/04 2.327 2.390 2.327 2.359 7110000.00 21354290.00
2014/02/05 2.359 2.398 2.335 2.359 8791300.00 26280876.00
2014/02/06 2.319 2.367 2.319 2.351 3877000.00 11580935.00
2014/02/07 2.362 2.393 2.354 2.378 4031000.00 12142985.00
2014/02/10 2.378 2.393 2.354 2.370 3780000.00 11353280.00
2014/02/11 2.377 2.456 2.377 2.440 4608000.00 14175850.00
2014/02/12 2.441 2.512 2.425 2.504 7070000.00 22218640.00
2014/02/13 2.489 2.489 2.442 2.450 4385000.00 13721575.00
2014/02/14 2.449 2.480 2.425 2.457 4509000.00 14029215.00
2014/02/17 2.480 2.488 2.425 2.456 5847000.00 18238470.00
2014/02/18 2.449 2.481 2.410 2.465 5673000.00 17568100.00
2014/02/19 2.443 2.514 2.443 2.506 11907000.00 37501140.00
2014/02/20 2.491 2.507 2.444 2.460 7761000.00 24217500.00
2014/02/21 2.461 2.485 2.437 2.445 3729000.00 11609510.00
2014/02/24 2.446 2.461 2.390 2.390 3873000.00 11829830.00
2014/02/25 2.390 2.413 2.342 2.358 6762000.00 20331450.00
2014/02/26 2.350 2.405 2.326 2.405 3215000.00 9676460.00
2014/02/27 2.367 2.430 2.367 2.430 4644000.00 14086250.00
2014/02/28 2.406 2.445 2.382 2.414 2231000.00 6829710.00
2014/03/03 2.373 2.420 2.318 2.381 4758000.00 14348490.00
2014/03/04 2.367 2.407 2.367 2.383 4056000.00 12239450.00
2014/03/05 2.376 2.384 2.336 2.360 5711000.00 17062900.00
2014/03/06 2.344 2.360 2.305 2.336 8470000.00 24956510.00
2014/03/07 2.326 2.334 2.295 2.303 9361000.00 27392700.00
2014/03/10 2.291 2.307 2.260 2.260 11934000.00 34351600.00
2014/03/11 2.260 2.284 2.236 2.252 7532000.00 21414080.00
2014/03/12 2.237 2.276 2.205 2.268 7554000.00 21285820.00
2014/03/13 2.235 2.291 2.212 2.235 5555000.00 15752440.00
2014/03/14 2.212 2.244 2.188 2.236 4993000.00 13988770.00
2014/03/17 2.211 2.258 2.203 2.234 2619000.00 7366300.00
2014/03/18 2.212 2.235 2.204 2.212 2533000.00 7091670.00
2014/03/19 2.212 2.212 2.188 2.196 3033000.00 8430560.00
2014/03/20 2.184 2.208 2.129 2.137 10161000.00 27726280.00
2014/03/21 2.154 2.233 2.122 2.193 8688000.00 23839580.00
2014/03/24 2.186 2.257 2.131 2.249 16571000.00 46087192.00
2014/03/25 2.217 2.288 2.201 2.288 9561000.00 27107950.00
2014/03/26 2.297 2.337 2.226 2.329 7565000.00 21766090.00
2014/03/27 2.337 2.337 2.266 2.329 3934000.00 11439190.00
2014/03/28 2.330 2.394 2.314 2.386 6247000.00 18546790.00
2014/03/31 2.395 2.474 2.339 2.466 11593000.00 35360452.00
2014/04/01 2.426 2.442 2.386 2.410 7345000.00 22323650.00
2014/04/02 2.378 2.418 2.362 2.410 7629000.00 22947940.00
2014/04/03 2.403 2.443 2.387 2.427 4990000.00 15176510.00
2014/04/04 2.396 2.436 2.388 2.412 2713000.00 8230170.00
2014/04/07 2.396 2.452 2.388 2.436 3126000.00 9543525.00
2014/04/08 2.436 2.483 2.396 2.459 12398000.00 38414648.00
2014/04/09 2.458 2.490 2.411 2.419 15742000.00 48382200.00
2014/04/10 2.420 2.475 2.404 2.467 11604000.00 35616516.00
2014/04/11 2.482 2.482 2.435 2.475 4400000.00 13653900.00
2014/04/14 2.476 2.500 2.460 2.476 6312000.00 19692030.00
2014/04/15 2.470 2.470 2.422 2.438 9155160.00 28096614.00
2014/04/16 2.399 2.518 2.383 2.462 12471000.00 38554980.00
2014/04/17 2.462 2.486 2.438 2.462 6217000.00 19219464.00
2014/04/22 2.415 2.415 2.352 2.376 25013000.00 74705648.00
2014/04/23 2.368 2.415 2.352 2.384 7351000.00 21977604.00
2014/04/24 2.375 2.439 2.375 2.431 6928000.00 20987340.00
2014/04/25 2.406 2.414 2.383 2.398 4669000.00 14094530.00
2014/04/28 2.398 2.414 2.358 2.398 5146000.00 15437750.00
2014/04/29 2.374 2.414 2.358 2.406 6099000.00 18310560.00
2014/04/30 2.399 2.494 2.375 2.446 12343000.00 37677220.00
2014/05/02 2.422 2.486 2.399 2.486 12769000.00 39227436.00
2014/05/05 2.485 2.509 2.454 2.493 9555000.00 29867580.00
2014/05/07 2.461 2.501 2.445 2.501 9153000.00 28691800.00
2014/05/08 2.493 2.509 2.469 2.509 5879000.00 18420250.00
2014/05/09 2.479 2.542 2.471 2.542 9858000.00 31208800.00
2014/05/12 2.528 2.592 2.528 2.544 7680000.00 24761760.00
2014/05/13 2.536 2.576 2.513 2.568 5708300.00 18217852.00
2014/05/14 2.545 2.577 2.521 2.561 5686000.00 18215400.00
2014/05/15 2.640 2.696 2.584 2.600 34666000.00 114473096.00
2014/05/16 2.592 2.647 2.592 2.647 14206000.00 46943784.00
2014/05/19 2.640 2.640 2.592 2.616 8424000.00 27715730.00
2014/05/20 2.623 2.647 2.599 2.647 9883000.00 32685984.00
2014/05/21 2.624 2.672 2.624 2.672 7674000.00 25656410.00
2014/05/22 2.680 2.704 2.672 2.704 12133000.00 41120432.00
2014/05/23 2.705 2.713 2.673 2.705 6707610.00 22752668.00
2014/05/26 2.682 2.721 2.658 2.698 5421000.00 18294630.00
2014/05/27 2.673 2.681 2.641 2.665 7347000.00 24476450.00
2014/05/28 2.658 2.706 2.642 2.698 13461000.00 45293500.00
2014/05/29 2.714 2.714 2.642 2.666 9884000.00 33008270.00
2014/05/30 2.674 2.785 2.618 2.730 136409872.00 467799360.00
2014/06/03 2.714 2.801 2.706 2.794 41964344.00 144325728.00
2014/06/04 2.785 2.793 2.737 2.777 5192346.00 18047460.00
2014/06/05 2.754 2.826 2.754 2.818 9117000.00 32040580.00
2014/06/06 2.822 2.830 2.766 2.774 4380000.00 15385665.00
2014/06/09 2.768 2.784 2.744 2.768 5556196.00 19327328.00
2014/06/10 2.790 2.846 2.759 2.830 8698831.00 30721240.00
2014/06/11 2.825 2.856 2.801 2.849 4438000.00 15778500.00
2014/06/12 2.817 2.841 2.785 2.801 3392000.00 11973670.00
2014/06/13 2.777 2.801 2.761 2.777 6451000.00 22552060.00
2014/06/16 2.794 2.794 2.763 2.779 8990000.00 31418796.00
2014/06/17 2.762 2.810 2.754 2.802 5940400.00 20785148.00
2014/06/18 2.787 2.787 2.756 2.772 3049554.00 10642181.00
2014/06/19 2.755 2.778 2.747 2.755 2017200.00 7011382.00
2014/06/20 2.739 2.818 2.739 2.802 5720000.00 19963060.00
2014/06/23 2.780 2.803 2.764 2.803 6005000.00 21091000.00
2014/06/24 2.819 2.835 2.771 2.819 5493000.00 19364560.00
2014/06/25 2.827 2.835 2.779 2.811 3113000.00 11010825.00
2014/06/26 2.818 2.842 2.779 2.834 3296000.00 11686575.00
2014/06/27 2.826 2.826 2.779 2.818 2556361.00 9002535.00
2014/06/30 2.810 2.842 2.786 2.834 5608000.00 19884650.00
2014/07/02 2.851 2.851 2.811 2.843 6807000.00 24310944.00
2014/07/03 2.837 2.884 2.837 2.884 8832916.00 31940884.00
2014/07/04 2.879 2.895 2.847 2.895 6009916.00 21812354.00
2014/07/07 2.904 2.951 2.888 2.951 14199000.00 52151376.00
2014/07/08 2.791 2.791 2.703 2.759 8932077.00 30851006.00
2014/07/09 2.756 2.772 2.685 2.701 8579000.00 29206160.00
2014/07/10 2.688 2.711 2.672 2.711 5192000.00 17663550.00
2014/07/11 2.697 2.728 2.689 2.705 2429700.00 8292445.00
2014/07/14 2.705 2.721 2.689 2.689 1592000.00 5423390.00
2014/07/15 2.706 2.721 2.674 2.698 2377000.00 8077250.00
2014/07/16 2.708 2.723 2.676 2.700 3364053.00 11400741.00
2014/07/17 2.717 2.724 2.685 2.709 4484000.00 15243040.00
2014/07/18 2.701 2.725 2.685 2.717 2936000.00 10008570.00
2014/07/21 2.724 2.731 2.708 2.724 2033000.00 6980400.00
2014/07/22 2.715 2.755 2.707 2.747 3777958.00 13027104.00
2014/07/23 2.764 2.772 2.740 2.764 2310000.00 8022030.00
2014/07/24 2.773 2.828 2.757 2.828 6320000.00 22228096.00
2014/07/25 2.813 2.861 2.806 2.853 6118778.00 21846612.00
2014/07/28 2.823 2.894 2.823 2.894 6405000.00 23126684.00
2014/07/29 2.894 2.918 2.886 2.918 7122000.00 25899158.00
2014/07/30 2.919 2.927 2.856 2.895 3725000.00 13523580.00
2014/07/31 2.865 2.897 2.849 2.865 2443764.00 8779034.00
2014/08/01 2.841 2.897 2.786 2.881 4781902.00 17257498.00
2014/08/04 2.928 3.007 2.928 2.968 17508000.00 65278792.00
2014/08/05 2.983 3.047 2.975 3.023 11957169.00 45126056.00
2014/08/06 3.008 3.024 2.937 3.016 6095248.00 22876706.00
2014/08/07 3.016 3.024 2.944 2.968 5684958.00 21236684.00
2014/08/08 2.939 2.970 2.923 2.963 4902000.00 18183930.00
2014/08/11 2.961 2.961 2.929 2.953 3941000.00 14608160.00
2014/08/12 2.952 2.952 2.913 2.937 2020958.00 7468014.00
2014/08/13 2.953 2.961 2.929 2.953 5162000.00 19155456.00
2014/08/14 2.914 2.978 2.914 2.962 4684000.00 17340416.00
2014/08/15 2.961 2.961 2.922 2.946 1557000.00 5774730.00
2014/08/18 2.937 2.953 2.913 2.953 2307000.00 8540570.00
2014/08/19 2.938 2.954 2.922 2.938 2515000.00 9309510.00
2014/08/20 2.940 2.940 2.916 2.932 2433000.00 8962405.00
2014/08/21 2.958 2.958 2.902 2.926 3309289.00 12150706.00
2014/08/22 2.934 2.934 2.886 2.926 2354000.00 8640170.00
2014/08/25 2.896 2.927 2.888 2.904 1719000.00 6265970.00
2014/08/26 2.904 2.928 2.872 2.912 4068000.00 14813030.00
2014/08/27 2.920 2.928 2.904 2.920 6324000.00 23180336.00
2014/08/28 2.919 2.919 2.895 2.919 8262000.00 30279856.00
2014/08/29 2.919 2.919 2.864 2.879 7329000.00 26589124.00
2014/09/01 2.921 2.929 2.857 2.921 6114000.00 22253076.00
2014/09/02 2.929 2.961 2.905 2.953 8693000.00 32046076.00
2014/09/03 2.945 2.993 2.937 2.993 9015000.00 33601284.00
2014/09/04 2.992 3.135 2.976 3.087 33027000.00 126959400.00
2014/09/05 3.057 3.089 3.033 3.065 9273000.00 35568100.00
2014/09/08 3.065 3.081 3.049 3.073 7237000.00 27880320.00
2014/09/10 3.012 3.043 3.012 3.035 4749000.00 18168520.00
2014/09/11 3.037 3.053 3.013 3.053 10493000.00 40259520.00
2014/09/12 3.046 3.053 2.974 3.046 6548000.00 25025156.00
2014/09/15 3.029 3.037 3.013 3.021 3855179.00 14711787.00
2014/09/16 2.902 3.045 2.902 3.021 5301000.00 20148290.00
2014/09/17 3.036 3.044 2.918 3.036 12720000.00 47823876.00
2014/09/18 3.015 3.023 2.975 2.975 8321588.00 31429420.00
2014/09/19 2.965 3.037 2.910 2.957 98771800.00 369611136.00
2014/09/22 2.927 2.935 2.776 2.856 16346500.00 59026872.00
2014/09/23 2.823 2.879 2.823 2.839 7169603.00 25849702.00
2014/09/24 2.862 2.870 2.839 2.862 6089897.00 21955256.00
2014/09/25 2.959 2.975 2.856 2.872 9226400.00 33967760.00
2014/09/26 2.792 2.895 2.792 2.879 11618000.00 42044120.00
2014/09/29 2.894 2.902 2.831 2.894 8055000.00 29215620.00
2014/09/30 2.908 2.908 2.829 2.877 9564077.00 34752652.00
2014/10/03 2.853 2.869 2.750 2.869 6416937.00 22825020.00
2014/10/06 2.853 2.877 2.813 2.861 4828000.00 17400020.00
2014/10/07 2.869 2.908 2.829 2.877 6000841.00 21694406.00
2014/10/08 2.894 2.894 2.815 2.878 2822112.00 10211539.00
2014/10/09 2.900 2.932 2.876 2.908 5461900.00 19999682.00
2014/10/10 2.877 2.877 2.853 2.877 1924000.00 6968690.00
2014/10/13 2.852 2.907 2.836 2.852 635702.00 2292982.25
2014/10/14 2.865 2.929 2.842 2.905 4514112.00 16504639.00
2014/10/15 2.908 3.018 2.900 3.011 8779800.00 32860528.00
2014/10/16 2.929 2.984 2.905 2.921 3704900.00 13724543.00
2014/10/17 2.913 2.937 2.834 2.913 28946600.00 106406592.00
2014/10/20 2.954 2.970 2.898 2.946 10014677.00 37042808.00
2014/10/21 2.945 2.992 2.929 2.984 9902552.00 37208280.00
2014/10/22 3.002 3.002 2.962 2.970 3661800.00 13775234.00
2014/10/23 2.955 2.987 2.924 2.932 1338000.00 4987970.00
2014/10/24 2.924 2.956 2.892 2.940 1359248.00 5032805.00
2014/10/27 2.978 2.978 2.915 2.962 3216908.00 11960606.00
2014/10/28 2.961 2.969 2.930 2.961 4868000.00 18165204.00
2014/10/29 2.976 2.992 2.961 2.976 5802000.00 21790376.00
2014/10/30 2.972 2.988 2.901 2.980 3166000.00 11863510.00
2014/10/31 2.980 3.027 2.972 3.012 12883000.00 48881964.00
2014/11/03 3.015 3.038 2.999 3.015 4975000.00 18908270.00
2014/11/04 3.000 3.016 2.961 2.985 7251290.00 27332050.00
2014/11/05 2.959 2.991 2.936 2.983 7398304.00 27736312.00
2014/11/06 2.970 2.986 2.923 2.978 3983000.00 14825340.00
2014/11/07 2.940 2.980 2.916 2.980 3795320.00 14120058.00
2014/11/10 2.953 3.008 2.945 3.001 11371000.00 42972528.00
2014/11/11 2.986 3.018 2.978 3.010 18811000.00 71443104.00
2014/11/12 3.002 3.042 2.987 3.042 24558000.00 93450768.00
2014/11/13 3.042 3.057 3.026 3.057 27341716.00 105093264.00
2014/11/14 3.040 3.048 3.024 3.048 24520000.00 94288928.00
2014/11/17 3.041 3.049 3.017 3.049 12564043.00 48186512.00
2014/11/18 3.050 3.050 3.002 3.026 14459252.00 55138872.00
2014/11/19 3.032 3.032 3.001 3.024 12344000.00 46999604.00
2014/11/20 3.009 3.033 2.993 3.017 9725000.00 37008900.00
2014/11/21 3.008 3.047 2.992 3.000 25095556.00 95834248.00
2014/11/24 3.040 3.048 3.001 3.048 12212000.00 46757472.00
2014/11/25 3.039 3.063 2.762 2.897 43442268.00 166224080.00
2014/11/26 3.006 3.054 2.967 3.046 19324312.00 73181592.00
2014/11/27 3.037 3.076 3.029 3.037 22484000.00 86623248.00
2014/11/28 3.054 3.220 3.038 3.133 144565792.00 568912704.00
2014/12/01 3.102 3.245 3.031 3.039 100060000.00 402589152.00
2014/12/02 3.068 3.218 3.037 3.203 73806472.00 294834528.00
2014/12/03 3.237 3.324 3.126 3.174 63124408.00 258250432.00
2014/12/04 3.216 3.335 3.192 3.335 78389512.00 326904736.00
2014/12/05 3.333 3.539 3.333 3.452 113574960.00 495541024.00
2014/12/08 3.447 3.479 3.368 3.447 51016500.00 222547824.00
2014/12/09 3.452 3.492 3.302 3.342 80430232.00 350952224.00
2014/12/10 3.276 3.441 3.244 3.434 33467760.00 143731440.00
2014/12/11 3.424 3.503 3.400 3.463 50440580.00 222445136.00
2014/12/12 3.489 3.489 3.355 3.370 32085084.00 139767040.00
2014/12/15 3.289 3.384 3.282 3.345 14898039.00 63220880.00
2014/12/16 3.354 3.441 3.346 3.433 24972356.00 107902192.00
2014/12/17 3.469 3.469 3.398 3.453 40242660.00 175752816.00
2014/12/18 3.504 3.519 3.417 3.448 23160778.00 101448144.00
2014/12/19 3.449 3.457 3.386 3.417 19504360.00 84684312.00
2014/12/22 3.450 3.498 3.379 3.434 48507600.00 212622672.00
2014/12/23 3.458 3.473 3.410 3.458 23758556.00 103638344.00
2014/12/24 3.434 3.434 3.355 3.387 7599001.00 32706992.00
2014/12/29 3.486 3.501 3.430 3.430 20594784.00 90434408.00
2014/12/30 3.433 3.464 3.307 3.330 42550000.00 180963616.00
2014/12/31 3.345 3.345 3.282 3.329 14422680.00 60521044.00
2015/01/02 3.353 3.566 3.345 3.510 36555000.00 161878592.00
2015/01/05 3.506 3.553 3.467 3.530 107363256.00 471972128.00
2015/01/06 3.467 3.523 3.396 3.452 151132992.00 650325248.00
2015/01/07 3.413 3.453 3.390 3.398 38987080.00 169416128.00
2015/01/08 3.415 3.447 3.391 3.447 59986532.00 260174752.00
2015/01/09 3.431 3.494 3.415 3.446 58104000.00 254612800.00
2015/01/12 3.436 3.443 3.380 3.420 21544000.00 93236384.00
2015/01/13 3.402 3.465 3.402 3.441 27872008.00 121660552.00
2015/01/14 3.458 3.513 3.426 3.489 34609300.00 153021568.00
2015/01/15 3.457 3.543 3.433 3.536 36887660.00 164160192.00
2015/01/16 3.520 3.552 3.497 3.552 23210000.00 103715528.00
2015/01/19 3.515 3.515 3.294 3.310 97244000.00 424371840.00
2015/01/20 3.356 3.435 3.285 3.420 15927424.00 68421328.00
2015/01/21 3.390 3.501 3.383 3.501 31761808.00 139554192.00
2015/01/22 3.508 3.508 3.429 3.445 10187076.00 44634328.00
2015/01/23 3.481 3.497 3.450 3.497 17543976.00 77229216.00
2015/01/26 3.508 3.508 3.468 3.492 15856493.00 69899248.00
2015/01/27 3.483 3.483 3.411 3.443 8725000.00 37889832.00
2015/01/28 3.478 3.478 3.439 3.470 13488951.00 59171500.00
2015/01/29 3.426 3.473 3.331 3.363 18245000.00 77713480.00
2015/01/30 3.404 3.420 3.230 3.277 13129499.00 55108352.00
2015/02/02 3.215 3.341 3.215 3.294 24467432.00 101446288.00
2015/02/03 3.348 3.372 3.293 3.364 10272000.00 43394004.00
2015/02/04 3.416 3.416 3.345 3.377 7420589.00 31788536.00
2015/02/05 3.459 3.491 3.364 3.404 20938032.00 90481864.00
2015/02/06 3.374 3.382 3.264 3.295 9493225.00 39524936.00
2015/02/09 3.242 3.282 3.242 3.258 7059146.00 29149496.00
2015/02/10 3.225 3.281 3.225 3.257 10911000.00 44891656.00
2015/02/11 3.282 3.305 3.226 3.282 17855648.00 73619256.00
2015/02/12 3.259 3.314 3.251 3.267 12726000.00 52770660.00
2015/02/13 3.264 3.304 3.233 3.241 11933058.00 49196112.00
2015/02/16 3.255 3.255 3.184 3.200 12142000.00 49182504.00
2015/02/17 3.217 3.336 3.209 3.280 7813000.00 32455600.00
2015/02/18 3.272 3.296 3.249 3.257 3541200.00 14612220.00
2015/02/23 3.257 3.328 3.257 3.304 5874074.00 24457108.00
2015/02/24 3.312 3.344 3.233 3.265 10308175.00 42822232.00
2015/02/25 3.269 3.284 3.245 3.269 11875521.00 48912416.00
2015/02/26 3.268 3.300 3.229 3.284 12266000.00 50689752.00
2015/02/27 3.289 3.305 3.226 3.242 16937512.00 69896776.00
2015/03/02 3.276 3.284 3.221 3.268 14123300.00 57840192.00
2015/03/03 3.254 3.270 3.158 3.166 13229534.00 53490764.00
2015/03/04 3.173 3.189 3.070 3.078 25038100.00 98109312.00
2015/03/05 3.102 3.102 3.023 3.062 21521432.00 83129840.00
2015/03/06 3.062 3.126 3.047 3.126 9153200.00 35517480.00
2015/03/09 3.095 3.174 3.063 3.166 5638350.00 22278054.00
2015/03/10 3.150 3.158 3.087 3.102 4727031.00 18645790.00
2015/03/11 3.096 3.127 3.064 3.088 5524840.00 21500064.00
2015/03/12 3.102 3.182 3.078 3.126 9931562.00 39506244.00
2015/03/13 3.149 3.188 3.141 3.165 11798000.00 47100596.00
2015/03/16 3.142 3.190 3.142 3.174 12130570.00 48565764.00
2015/03/17 3.204 3.403 3.204 3.331 47583772.00 199329824.00
2015/03/18 3.331 3.426 3.323 3.402 50475132.00 215079040.00
2015/03/19 3.423 3.431 3.312 3.351 22537292.00 95512720.00
2015/03/20 3.361 3.369 3.321 3.353 12044696.00 50760936.00
2015/03/23 3.367 3.367 3.311 3.335 8318586.00 34990776.00
2015/03/24 3.348 3.356 3.301 3.333 23203200.00 97625008.00
2015/03/25 3.349 3.357 3.318 3.326 28912838.00 121751848.00
2015/03/26 3.324 3.324 3.277 3.316 13775349.00 57703128.00
2015/03/27 3.270 3.318 3.262 3.310 14903063.00 62064508.00
2015/03/30 3.350 3.524 3.350 3.421 57442512.00 249844784.00
2015/03/31 3.477 3.501 3.374 3.382 45988816.00 200678400.00
2015/04/01 3.383 3.478 3.367 3.407 30859844.00 133510976.00
2015/04/02 3.453 3.500 3.405 3.476 35446900.00 154237152.00
2015/04/08 3.545 3.925 3.537 3.853 93084224.00 442410016.00
2015/04/09 3.957 4.440 3.941 4.020 62709548.00 322609376.00
2015/04/10 4.054 4.197 3.999 4.102 46148328.00 237523840.00
2015/04/13 4.199 4.310 4.167 4.286 65840168.00 353733120.00
2015/04/14 4.310 4.397 4.096 4.144 81720496.00 443089312.00
2015/04/15 4.107 4.321 4.099 4.297 68058272.00 362587520.00
2015/04/16 4.311 4.421 4.247 4.405 60025392.00 329608512.00
2015/04/17 4.418 4.466 4.284 4.300 53467980.00 297664416.00
2015/04/20 4.370 4.449 4.023 4.054 46446004.00 248814272.00
2015/04/21 4.112 4.159 4.048 4.143 20591000.00 106658704.00
2015/04/22 4.081 4.152 4.081 4.136 25399320.00 132278976.00
2015/04/23 4.143 4.262 4.072 4.096 32447376.00 172094512.00
2015/04/24 4.125 4.157 3.998 4.157 28727904.00 148885552.00
2015/04/27 4.139 4.250 4.116 4.234 32043580.00 169965744.00
2015/04/28 4.233 4.462 4.146 4.312 51396156.00 280132544.00
2015/04/29 4.262 4.301 4.183 4.270 10866944.00 58338944.00
2015/04/30 4.260 4.291 4.078 4.157 19606072.00 103120920.00
2015/05/04 4.159 4.198 4.080 4.103 13572086.00 71111632.00
2015/05/05 4.143 4.143 3.922 3.946 18701890.00 94965896.00
2015/05/06 3.945 4.000 3.755 3.779 46555732.00 228708048.00
2015/05/07 3.745 3.792 3.713 3.729 27821000.00 132069816.00
2015/05/08 3.738 3.856 3.738 3.841 26894768.00 129839160.00
2015/05/11 3.840 3.974 3.800 3.926 23884508.00 118260696.00
2015/05/12 3.944 3.984 3.897 3.913 10874675.00 54204240.00
2015/05/13 3.998 4.013 3.690 3.856 19565358.00 97316112.00
2015/05/14 3.909 3.925 3.830 3.838 16583460.00 81505848.00
2015/05/15 3.909 3.909 3.728 3.909 18718500.00 90912792.00
2015/05/18 3.909 3.909 3.806 3.830 16818000.00 82094200.00
2015/05/19 3.870 3.933 3.799 3.886 17078256.00 84493400.00
2015/05/20 3.919 4.069 3.919 4.053 21207976.00 107732488.00
2015/05/21 4.077 4.077 3.990 4.006 21700356.00 110373424.00
2015/05/22 4.013 4.116 4.013 4.100 19327270.00 100096960.00
2015/05/26 4.127 4.127 3.993 4.024 29373200.00 151143984.00
2015/05/27 4.010 4.034 3.955 4.018 17058404.00 86153688.00
2015/05/28 4.017 4.025 3.851 3.938 25477792.00 127058752.00
2015/05/29 3.907 3.931 3.820 3.883 43466024.00 214266752.00
2015/06/01 3.829 4.050 3.829 3.971 19577886.00 97857760.00
2015/06/02 3.956 4.058 3.948 4.011 15796101.00 80019264.00
2015/06/03 4.015 4.023 3.952 3.983 9087149.00 45855800.00
2015/06/04 3.992 4.181 3.968 4.094 55807940.00 289327968.00
2015/06/05 4.128 4.144 3.954 4.033 22388084.00 114734664.00
2015/06/08 4.011 4.121 3.963 4.089 48148308.00 249281296.00
2015/06/09 4.112 4.143 3.938 3.954 30085346.00 152735184.00
2015/06/10 3.906 3.945 3.803 3.850 15398239.00 75870552.00
2015/06/11 3.904 3.936 3.841 3.873 18744128.00 91963064.00
2015/06/12 3.882 3.969 3.866 3.953 16461469.00 81728368.00
2015/06/15 3.882 3.913 3.826 3.834 13740734.00 67303368.00
2015/06/16 3.865 3.913 3.668 3.676 16828000.00 80073664.00
2015/06/17 3.747 3.787 3.676 3.724 22854428.00 107862480.00
2015/06/18 3.722 3.737 3.643 3.714 15536978.00 72814824.00
2015/06/19 3.736 3.752 3.665 3.697 21899140.00 103212976.00
2015/06/22 3.697 3.744 3.618 3.626 20449320.00 94667688.00
2015/06/23 3.651 3.722 3.635 3.698 28018934.00 130907792.00
2015/06/24 3.730 3.785 3.699 3.707 15864900.00 75161600.00
2015/06/25 3.762 3.865 3.723 3.770 39629000.00 190576384.00
2015/06/26 3.731 3.770 3.597 3.652 12998200.00 60797100.00
2015/06/29 3.700 3.724 3.487 3.566 18679224.00 84406048.00
2015/06/30 3.588 3.691 3.517 3.667 24964924.00 114938512.00
2015/07/02 3.693 3.724 3.598 3.645 27526852.00 127744224.00
2015/07/03 3.653 3.661 3.535 3.542 11508683.00 51974752.00
2015/07/06 3.582 3.653 3.314 3.369 26790000.00 115891136.00
2015/07/07 3.392 3.432 3.243 3.266 24645438.00 103136992.00
2015/07/08 3.187 3.242 2.942 2.990 44927968.00 173763280.00
2015/07/09 2.989 3.250 2.966 3.131 29959032.00 119501768.00
2015/07/10 3.092 3.589 3.092 3.353 42166512.00 181100016.00
2015/07/13 3.383 3.478 3.352 3.454 22930700.00 99680296.00
2015/07/14 3.409 3.495 3.361 3.377 18534400.00 80254288.00
2015/07/15 3.377 3.400 3.313 3.345 13812675.00 58589476.00
2015/07/16 3.346 3.402 3.283 3.307 14634967.00 61527336.00
2015/07/17 3.371 3.418 3.332 3.371 15328400.00 65445632.00
2015/07/20 3.403 3.427 3.356 3.372 10027385.00 42992212.00
2015/07/21 3.332 3.419 3.332 3.411 12210303.00 52398152.00
2015/07/22 3.386 3.386 3.322 3.362 12062038.00 51116008.00
2015/07/23 3.394 3.449 3.339 3.449 18190000.00 78548072.00
2015/07/24 3.433 3.496 3.425 3.464 24007000.00 105119264.00
2015/07/27 3.465 3.465 3.315 3.331 37713700.00 161341152.00
2015/07/28 3.314 3.361 3.219 3.338 47786232.00 200263376.00
2015/07/29 3.298 3.456 3.298 3.440 32466662.00 139134720.00
2015/07/30 3.480 3.480 3.322 3.362 13949200.00 59589980.00
2015/07/31 3.346 3.417 3.322 3.409 18523006.00 79520120.00
2015/08/03 3.409 3.456 3.259 3.345 9001288.00 38100044.00
2015/08/04 3.338 3.362 3.267 3.283 15401204.00 64426092.00
2015/08/05 3.306 3.330 3.283 3.306 5635609.00 23599426.00
2015/08/06 3.307 3.338 3.267 3.315 11660900.00 48921160.00
2015/08/07 3.338 3.378 3.291 3.346 7053300.00 29962778.00
2015/08/10 3.377 3.377 3.321 3.353 8442000.00 35781736.00
2015/08/11 3.431 3.480 3.399 3.423 10139000.00 43408836.00
2015/08/12 3.492 3.492 3.369 3.394 7375784.00 30715210.00
2015/08/13 3.467 3.467 3.418 3.434 9114921.00 38009748.00
2015/08/14 3.433 3.433 3.375 3.400 10990000.00 45201472.00
2015/08/17 3.406 3.406 3.307 3.316 11422000.00 46114640.00
2015/08/18 3.316 3.366 3.192 3.225 12689700.00 49945096.00
2015/08/19 3.233 3.283 3.192 3.250 8995975.00 35230248.00
2015/08/20 3.199 3.265 3.133 3.149 12145350.00 46688456.00
2015/08/21 3.081 3.098 2.966 2.999 19893430.00 72817048.00
2015/08/24 2.900 2.933 2.735 2.792 27591156.00 93645384.00
2015/08/25 2.749 2.889 2.749 2.823 14513074.00 49680176.00
2015/08/26 2.809 2.892 2.743 2.751 14975238.00 51050512.00
2015/08/27 2.803 2.943 2.803 2.919 27410876.00 94920576.00
2015/08/28 2.997 3.014 2.857 2.890 17761276.00 63042072.00
2015/08/31 2.935 2.951 2.787 2.918 17846372.00 62379628.00
2015/09/01 2.846 2.937 2.756 2.772 18041144.00 62060056.00
2015/09/02 2.783 2.848 2.709 2.766 14715742.00 49830840.00
2015/09/04 2.848 2.848 2.643 2.758 8498758.00 28403262.00
2015/09/07 2.781 2.806 2.650 2.658 15086900.00 49982180.00
2015/09/08 2.669 2.767 2.669 2.743 14477000.00 47977644.00
2015/09/09 2.791 2.939 2.767 2.914 18915000.00 65771500.00
2015/09/10 2.838 2.888 2.814 2.822 17051000.00 59060040.00
2015/09/11 2.845 2.894 2.763 2.820 18915620.00 65368656.00
2015/09/29 2.875 2.875 2.670 2.743 24822744.00 83138168.00
2015/09/30 2.774 2.807 2.676 2.766 17812000.00 59711520.00
2015/10/02 2.758 2.856 2.733 2.840 13861778.00 47361980.00
2015/10/05 2.914 2.971 2.889 2.938 6520030.00 23226376.00
2015/10/06 2.980 2.980 2.856 2.906 16328700.00 57426452.00
2015/10/07 2.906 3.037 2.889 3.037 14362000.00 51915944.00
2015/10/08 3.015 3.015 2.925 2.934 17209700.00 62198568.00
2015/10/09 2.966 3.031 2.966 2.990 11471575.00 42044320.00
2015/10/12 3.003 3.076 2.986 3.043 31016570.00 115031512.00
2015/10/13 3.051 3.060 3.011 3.043 12293000.00 45609152.00
2015/10/14 3.011 3.035 2.937 2.962 16004583.00 58410212.00
2015/10/15 2.970 3.051 2.961 3.027 13579221.00 50089280.00
2015/10/16 3.094 3.127 3.061 3.119 16119996.00 60927516.00
2015/10/19 3.131 3.197 3.107 3.189 16328350.00 62561940.00
2015/10/20 3.185 3.218 3.160 3.209 18170384.00 70614176.00
2015/10/22 3.203 3.212 3.162 3.203 12411132.00 48236232.00
2015/10/23 3.241 3.249 3.167 3.241 8265560.00 32332770.00
2015/10/26 3.239 3.239 3.173 3.223 23572256.00 92097528.00
2015/10/27 3.220 3.228 3.162 3.203 9687000.00 37737808.00
2015/10/28 3.164 3.214 3.107 3.123 14373750.00 55396560.00
2015/10/29 3.118 3.159 3.094 3.110 7635244.00 28992312.00
2015/10/30 3.081 3.154 3.072 3.121 10729344.00 40896764.00
2015/11/02 3.064 3.105 3.056 3.080 9385000.00 35476984.00
2015/11/03 3.129 3.129 3.072 3.088 6329763.00 23968638.00
2015/11/04 3.106 3.187 3.089 3.163 15112888.00 58395440.00
2015/11/05 3.148 3.222 3.148 3.197 11258000.00 43944400.00
2015/11/06 3.169 3.226 3.144 3.160 13675000.00 53116024.00
2015/11/09 3.158 3.281 3.158 3.265 23934000.00 94732096.00
2015/11/10 3.249 3.282 3.167 3.200 11840721.00 46443252.00
2015/11/11 3.159 3.200 3.118 3.135 11448000.00 44050928.00
2015/11/12 3.095 3.235 3.095 3.235 11026140.00 42792660.00
2015/11/13 3.187 3.187 3.088 3.105 9622483.00 36496540.00
2015/11/16 3.084 3.093 3.027 3.043 10675300.00 39729520.00
2015/11/17 3.067 3.133 3.067 3.092 11808000.00 44459436.00
2015/11/18 3.087 3.128 3.054 3.062 9467575.00 35400228.00
2015/11/19 3.119 3.119 3.062 3.078 14074000.00 52671924.00
2015/11/20 3.086 3.119 3.061 3.103 7787000.00 29208368.00
2015/11/23 3.123 3.123 3.049 3.057 6715502.00 25106682.00
2015/11/24 3.050 3.058 2.984 2.992 13589380.00 49499032.00
2015/11/25 2.984 3.000 2.967 2.984 22345694.00 80922624.00
2015/11/26 3.009 3.017 2.960 2.976 12362021.00 44809100.00
2015/11/27 2.994 2.994 2.895 2.903 12124359.00 43107008.00
2015/11/30 2.897 2.938 2.864 2.888 20222282.00 70900216.00
2015/12/01 2.938 2.938 2.889 2.905 30560032.00 107817592.00
2015/12/02 2.929 3.003 2.888 2.987 11458835.00 40998652.00
2015/12/03 2.922 3.038 2.922 3.030 13119611.00 47746088.00
2015/12/04 2.966 2.991 2.941 2.966 7357300.00 26444546.00
2015/12/07 2.972 2.997 2.923 2.931 5103000.00 18249576.00
2015/12/08 2.935 2.935 2.861 2.885 10366000.00 36130340.00
2015/12/09 2.872 2.946 2.872 2.897 8148000.00 28579748.00
2015/12/10 2.909 2.917 2.859 2.893 10768350.00 37615656.00
2015/12/11 2.890 2.915 2.840 2.857 12374711.00 42826004.00
2015/12/14 2.837 2.879 2.804 2.854 9010725.00 30790600.00
2015/12/15 2.874 2.899 2.849 2.849 7006679.00 24148958.00
2015/12/16 2.860 2.943 2.860 2.935 8040381.00 28163188.00
2015/12/17 2.949 3.008 2.933 3.000 12373200.00 44124856.00
2015/12/18 2.976 3.043 2.951 3.010 14686271.00 52750984.00
2015/12/21 2.965 3.066 2.957 3.049 10158536.00 36835596.00
2015/12/22 3.032 3.090 3.032 3.082 6689611.00 24539806.00
2015/12/23 3.081 3.148 3.048 3.148 9693815.00 36242832.00
2015/12/24 3.150 3.175 3.125 3.133 2604000.00 9802280.00
2015/12/28 3.116 3.158 3.083 3.099 8784000.00 32771610.00
2015/12/29 3.113 3.180 3.105 3.180 13068100.00 49198256.00
2015/12/30 3.199 3.207 3.115 3.157 7028199.00 26413096.00
2015/12/31 3.158 3.167 3.142 3.158 2775200.00 10457802.00
2016/01/04 3.180 3.180 3.037 3.071 20886040.00 76719360.00
2016/01/05 3.069 3.128 3.027 3.111 24587200.00 90715736.00
2016/01/06 3.101 3.135 3.067 3.076 18391768.00 67599480.00
2016/01/07 3.074 3.091 2.964 2.972 26207320.00 93296760.00
2016/01/08 2.954 3.030 2.954 2.979 21678208.00 77001312.00
2016/01/11 2.883 2.950 2.874 2.891 24646346.00 84681952.00
2016/01/12 2.892 2.951 2.867 2.875 18817000.00 64693816.00
2016/01/13 2.927 3.036 2.918 3.003 33938100.00 119638608.00
2016/01/14 2.959 3.052 2.900 3.027 31528000.00 112623088.00
2016/01/15 3.039 3.081 2.971 2.988 27951744.00 99858808.00
2016/01/18 2.918 2.960 2.902 2.927 19544668.00 68156376.00
2016/01/19 2.926 3.052 2.926 3.018 21376866.00 76449120.00
2016/01/20 3.036 3.036 2.818 2.877 29173928.00 100759600.00
2016/01/21 2.887 2.937 2.811 2.820 30516000.00 104257056.00
2016/01/22 2.880 2.947 2.855 2.930 20325700.00 70837464.00
2016/01/25 3.010 3.010 2.934 2.993 17229300.00 61236160.00
2016/01/26 2.943 2.959 2.833 2.850 17985630.00 62340496.00
2016/01/27 2.928 2.961 2.860 2.945 19802000.00 68874600.00
2016/01/28 2.935 3.028 2.935 3.011 12959000.00 46010636.00
2016/01/29 2.994 3.069 2.977 3.053 10022304.00 36149972.00
2016/02/01 3.040 3.057 2.922 2.964 9289230.00 32696964.00
2016/02/02 2.956 2.990 2.864 2.872 8571561.00 29614848.00
2016/02/03 2.839 2.848 2.772 2.772 10401258.00 34665044.00
2016/02/04 2.822 2.830 2.755 2.771 7194334.00 23916838.00
2016/02/05 2.794 2.819 2.768 2.794 6509000.00 21606620.00
2016/02/11 2.718 2.768 2.684 2.693 4501400.00 14530850.00
2016/02/12 2.668 2.718 2.592 2.601 4248600.00 13304937.00
2016/02/15 2.617 2.717 2.617 2.709 6042000.00 19480424.00
2016/02/16 2.753 2.811 2.719 2.761 7117050.00 23556166.00
2016/02/17 2.763 2.780 2.679 2.687 10715232.00 34916188.00
2016/02/18 2.728 2.778 2.703 2.720 7891400.00 25826392.00
2016/02/19 2.766 2.766 2.690 2.690 11555638.00 37414676.00
2016/02/22 2.700 2.759 2.700 2.759 7026100.00 22872692.00
2016/02/23 2.756 2.772 2.688 2.722 6691000.00 21650844.00
2016/02/24 2.723 2.723 2.656 2.698 8909000.00 28527496.00
2016/02/25 2.691 2.699 2.666 2.666 20756708.00 66294496.00
2016/02/26 2.683 2.716 2.658 2.683 7294439.00 23314976.00
2016/02/29 2.694 2.719 2.585 2.601 17889046.00 55578180.00
2016/03/01 2.608 2.666 2.599 2.658 20718000.00 64742704.00
2016/03/02 2.713 2.755 2.670 2.746 17831072.00 57600508.00
2016/03/03 2.769 2.786 2.752 2.769 6944000.00 22816264.00
2016/03/04 2.781 2.865 2.773 2.857 17189348.00 57742972.00
2016/03/07 2.927 2.943 2.885 2.927 13152535.00 45797784.00
2016/03/08 2.940 2.940 2.839 2.906 10644745.00 36546976.00
2016/03/09 2.859 2.875 2.850 2.859 3676600.00 12543006.00
2016/03/10 2.826 2.902 2.826 2.868 5662305.00 19358800.00
2016/03/11 2.834 2.893 2.826 2.893 6059704.00 20781154.00
2016/03/14 2.911 2.953 2.869 2.919 8092162.00 28186754.00
2016/03/15 2.894 2.902 2.835 2.894 8891303.00 30497684.00
2016/03/16 2.881 2.906 2.864 2.897 6672000.00 22964850.00
2016/03/17 2.922 2.956 2.889 2.939 7239048.00 25310752.00
2016/03/18 2.925 3.033 2.925 3.025 14557938.00 52202968.00
2016/03/21 3.051 3.076 3.009 3.051 6321000.00 23003530.00
2016/03/22 3.058 3.075 3.017 3.058 6811000.00 24717610.00
2016/03/23 3.057 3.099 3.007 3.040 5807656.00 20989684.00
2016/03/24 3.023 3.023 2.947 2.998 6093746.00 21671916.00
2016/03/29 3.002 3.002 2.927 2.944 4714000.00 16574110.00
2016/03/30 3.001 3.077 2.960 3.060 11844052.00 42806440.00
2016/03/31 3.058 3.158 3.016 3.141 20158464.00 74684224.00
2016/04/01 3.081 3.090 2.948 2.990 9512120.00 34361508.00
2016/04/05 2.977 3.002 2.893 2.919 8139813.00 28575186.00
2016/04/06 2.930 2.947 2.914 2.930 5925717.00 20782344.00
2016/04/07 3.037 3.037 2.920 2.929 4238100.00 14921103.00
2016/04/08 2.911 2.978 2.878 2.962 4685000.00 16395100.00
2016/04/11 2.917 2.983 2.917 2.958 2969732.00 10549043.00
2016/04/12 2.975 3.000 2.941 3.000 3294795.00 11765735.00
2016/04/13 3.007 3.115 3.007 3.048 8784000.00 32174992.00
2016/04/14 3.087 3.145 3.062 3.070 6362350.00 23594544.00
2016/04/15 3.096 3.096 3.046 3.088 5158976.00 18975988.00
2016/04/18 3.074 3.091 2.974 3.024 9923088.00 35797196.00
2016/04/19 3.045 3.045 3.003 3.037 5876324.00 21273950.00
2016/04/20 3.031 3.031 2.973 2.998 5663245.00 20386000.00
2016/04/21 3.025 3.058 3.008 3.041 3106857.00 11293987.00
2016/04/22 3.028 3.045 3.012 3.037 2303525.00 8338671.50
2016/04/25 3.039 3.047 2.955 2.964 5539000.00 19671450.00
2016/04/26 2.978 2.978 2.911 2.961 11930000.00 41864584.00
2016/04/27 2.951 3.001 2.934 2.985 3043850.00 10836890.00
2016/04/28 3.006 3.040 2.973 3.006 6057800.00 21724596.00
2016/04/29 2.989 3.022 2.889 2.939 12669877.00 44665344.00
2016/05/03 2.921 2.937 2.896 2.912 9051706.00 31652630.00
2016/05/04 2.903 2.937 2.887 2.920 6758989.00 23593110.00
2016/05/05 2.870 2.945 2.836 2.878 12174000.00 42016076.00
2016/05/06 2.840 2.882 2.823 2.823 6354752.00 21555208.00
2016/05/09 2.819 2.853 2.794 2.802 7841222.00 26218082.00
2016/05/10 2.773 2.815 2.773 2.781 10396525.00 34449368.00
2016/05/11 2.789 2.815 2.764 2.764 4589136.00 15170372.00
2016/05/12 2.746 2.762 2.695 2.704 11383000.00 37022252.00
2016/05/13 2.749 2.749 2.598 2.623 21288000.00 67018880.00
2016/05/16 2.626 2.685 2.626 2.651 14936745.00 47114828.00
2016/05/17 2.663 2.688 2.629 2.663 21116020.00 66652164.00
2016/05/18 2.646 2.714 2.646 2.714 10700138.00 34176296.00
2016/05/19 2.700 2.717 2.641 2.649 7506000.00 23796540.00
2016/05/20 2.640 2.691 2.640 2.657 5162026.00 16318429.00
2016/05/23 2.671 2.697 2.646 2.663 5406575.00 17165440.00
2016/05/24 2.680 2.697 2.647 2.655 8411225.00 26585908.00
2016/05/25 2.706 2.749 2.698 2.749 11496525.00 37079720.00
2016/05/26 2.761 2.761 2.727 2.744 5955382.00 19376314.00
2016/05/27 2.749 2.791 2.682 2.783 9261000.00 30195556.00
2016/05/30 2.795 2.821 2.787 2.795 6934502.00 22930810.00
2016/05/31 2.820 2.905 2.803 2.828 45210120.00 151300848.00
2016/06/01 2.832 2.866 2.781 2.807 16073372.00 53359276.00
2016/06/02 2.798 2.824 2.773 2.815 14568980.00 48267412.00
2016/06/03 2.837 2.845 2.786 2.811 12392004.00 41084208.00
2016/06/06 2.808 2.825 2.799 2.816 8938000.00 29842784.00
2016/06/07 2.838 2.872 2.821 2.864 17218900.00 58011596.00
2016/06/08 2.880 2.905 2.863 2.880 13442000.00 45937360.00
2016/06/10 2.888 2.888 2.804 2.821 9515000.00 31879984.00
2016/06/13 2.797 2.806 2.729 2.738 10325000.00 33576072.00
2016/06/14 2.737 2.754 2.695 2.729 19472000.00 62735952.00
2016/06/15 2.738 2.764 2.721 2.747 12011000.00 38804136.00
2016/06/16 2.753 2.753 2.702 2.728 8737182.00 28001350.00
2016/06/17 2.739 2.781 2.722 2.764 13368803.00 43381064.00
2016/06/20 2.786 2.820 2.769 2.820 5231000.00 17255296.00
2016/06/21 2.834 2.868 2.817 2.860 16654838.00 55934976.00
2016/06/22 2.872 2.915 2.847 2.898 15240200.00 51776416.00
2016/06/23 2.903 2.903 2.878 2.895 9424002.00 32203666.00
2016/06/24 2.874 2.900 2.773 2.857 20186000.00 67412720.00
2016/06/27 2.882 2.933 2.848 2.925 15331310.00 51961320.00
2016/06/28 2.924 2.966 2.881 2.949 17524000.00 60061124.00
2016/06/29 2.966 3.000 2.949 2.992 43475500.00 151811248.00
2016/06/30 3.000 3.043 2.983 3.026 36511500.00 128388368.00
2016/07/04 3.042 3.067 3.016 3.042 20789000.00 73923320.00
2016/07/05 2.867 2.867 2.790 2.798 18135000.00 59524904.00
2016/07/06 2.792 2.835 2.775 2.826 5461000.00 17802236.00
2016/07/07 2.834 2.851 2.808 2.834 5407000.00 17781204.00
2016/07/08 2.826 2.835 2.801 2.835 4333634.00 14183412.00
2016/07/11 2.861 2.878 2.835 2.869 6716596.00 22353976.00
2016/07/12 2.882 2.900 2.839 2.865 9972046.00 33179596.00
2016/07/13 2.880 2.957 2.880 2.957 15194244.00 51508428.00
2016/07/15 3.007 3.015 2.938 2.972 16739330.00 57961396.00
2016/07/18 2.979 2.996 2.962 2.979 10228285.00 35275892.00
2016/07/19 2.997 3.023 2.962 2.997 11864368.00 40957056.00
2016/07/20 3.013 3.013 2.969 2.995 15481308.00 53641192.00
2016/07/21 2.992 3.018 2.983 3.009 12890848.00 44938444.00
2016/07/22 2.948 2.983 2.931 2.983 17355000.00 59673180.00
2016/07/25 3.000 3.034 2.965 3.034 12475323.00 43569780.00
2016/07/26 3.013 3.022 2.987 3.004 8595328.00 30056216.00
2016/07/27 3.008 3.026 2.940 2.983 8810000.00 30458740.00
2016/07/28 2.979 2.988 2.928 2.954 6419000.00 22148344.00
2016/07/29 2.941 2.950 2.890 2.890 11697676.00 39815868.00
2016/08/01 2.930 2.964 2.922 2.956 9314760.00 32184384.00
2016/08/03 2.943 2.943 2.883 2.900 13106370.00 44676556.00
2016/08/04 2.929 2.954 2.912 2.929 6433132.00 22020006.00
2016/08/05 2.937 2.980 2.937 2.971 7340200.00 25385560.00
2016/08/08 2.998 3.006 2.972 3.006 7408567.00 25829048.00
2016/08/09 3.005 3.031 2.988 3.031 6523006.00 22914956.00
2016/08/10 3.019 3.036 3.011 3.036 4739706.00 16723836.00
2016/08/11 3.024 3.118 3.007 3.101 11361000.00 40874564.00
2016/08/12 3.140 3.191 3.114 3.191 20892202.00 76981664.00
2016/08/15 3.203 3.255 3.195 3.212 9132000.00 34391204.00
2016/08/16 3.231 3.231 3.171 3.214 17365000.00 65050560.00
2016/08/17 3.220 3.237 3.177 3.211 12696100.00 47846252.00
2016/08/18 3.239 3.248 3.196 3.231 9179000.00 34650240.00
2016/08/19 3.245 3.245 3.185 3.202 5215001.00 19531528.00
2016/08/22 3.224 3.232 3.163 3.198 5632700.00 20860892.00
2016/08/23 3.177 3.195 3.152 3.195 8379000.00 30994472.00
2016/08/24 3.187 3.187 3.084 3.127 6567100.00 23898464.00
2016/08/25 3.118 3.135 3.058 3.109 14802000.00 53251076.00
2016/08/26 3.095 3.129 3.078 3.121 3561190.00 12927102.00
2016/08/29 3.094 3.129 3.017 3.060 12896800.00 45872856.00
2016/08/30 3.058 3.110 3.032 3.093 11530000.00 41177480.00
2016/08/31 3.079 3.165 3.079 3.165 13274663.00 48294104.00
2016/09/01 3.160 3.168 3.117 3.151 7418500.00 27192578.00
2016/09/02 3.157 3.174 3.131 3.140 6072490.00 22288586.00
2016/09/05 3.190 3.208 3.173 3.190 11660000.00 43124752.00
2016/09/06 3.181 3.259 3.173 3.259 18776668.00 70136368.00
2016/09/07 3.253 3.253 3.193 3.210 6415610.00 24045722.00
2016/09/08 3.230 3.238 3.187 3.187 8439526.00 31438240.00
2016/09/09 3.215 3.241 3.198 3.224 15518500.00 58194796.00
2016/09/12 3.191 3.191 3.114 3.140 14121586.00 51545072.00
2016/09/13 3.139 3.191 3.122 3.122 16001000.00 58835560.00
2016/09/14 3.130 3.173 3.130 3.156 9281360.00 34038096.00
2016/09/15 3.139 3.225 3.139 3.216 8094530.00 30117488.00
2016/09/19 3.202 3.254 3.185 3.220 17098820.00 63965060.00
2016/09/20 3.193 3.245 3.193 3.211 11168900.00 41893180.00
2016/09/21 3.244 3.287 3.235 3.287 11612617.00 44061128.00
2016/09/22 3.302 3.336 3.233 3.268 20130324.00 77119104.00
2016/09/23 3.275 3.292 3.206 3.232 6460100.00 24284632.00
2016/09/26 3.227 3.227 3.141 3.167 8368900.00 30933188.00
2016/09/27 3.154 3.214 3.068 3.205 7413297.00 27315156.00
2016/09/28 3.182 3.190 3.156 3.164 4104668.00 15114802.00
2016/09/29 3.174 3.217 3.174 3.183 3271000.00 12124820.00
2016/09/30 3.160 3.177 3.108 3.108 11747668.00 42761904.00
2016/10/03 3.134 3.168 3.108 3.117 2653769.00 9653726.00
2016/10/04 3.108 3.151 3.108 3.117 9530693.00 34492932.00
2016/10/05 3.125 3.151 3.117 3.125 4760032.00 17325312.00
2016/10/06 3.134 3.186 3.134 3.177 3437660.00 12618800.00
2016/10/07 3.203 3.203 3.151 3.160 3010000.00 11084430.00
2016/10/11 3.191 3.217 3.105 3.105 11049600.00 40287600.00
2016/10/12 3.147 3.147 3.095 3.112 8269138.00 29664342.00
2016/10/13 3.097 3.114 3.053 3.080 9809000.00 34716064.00
2016/10/14 3.073 3.099 3.056 3.073 5996000.00 21328716.00
2016/10/17 3.083 3.126 3.066 3.126 10295000.00 36695756.00
2016/10/18 3.132 3.158 3.080 3.140 7397900.00 26756784.00
2016/10/19 3.141 3.167 3.115 3.115 4901000.00 17666690.00
2016/10/20 3.132 3.149 3.115 3.123 2816672.00 10162169.00
2016/10/24 3.167 3.220 3.132 3.220 7654000.00 27975280.00
2016/10/25 3.231 3.231 3.179 3.188 5371300.00 19666644.00
2016/10/26 3.204 3.204 3.134 3.134 4610000.00 16667315.00
2016/10/27 3.170 3.170 3.083 3.083 5336000.00 18953610.00
2016/10/28 3.089 3.124 3.080 3.089 4002302.00 14180322.00
2016/10/31 3.079 3.140 3.079 3.088 4741464.00 16898088.00
2016/11/01 3.136 3.136 3.092 3.109 4614002.00 16479291.00
2016/11/02 3.101 3.101 3.049 3.049 4740901.00 16712898.00
2016/11/03 3.063 3.107 3.055 3.089 4498401.00 15949897.00
2016/11/04 3.082 3.108 3.073 3.082 2355264.00 8350113.00
2016/11/07 3.074 3.135 3.074 3.109 4510826.00 16076293.00
2016/11/08 3.130 3.148 3.122 3.148 4242000.00 15215415.00
2016/11/09 3.158 3.166 3.044 3.105 7875282.00 27880920.00
2016/11/10 3.143 3.160 3.116 3.116 5867500.00 21032080.00
2016/11/11 3.126 3.162 3.056 3.074 10602000.00 37200292.00
2016/11/14 3.081 3.116 3.028 3.028 8545900.00 29715284.00
2016/11/15 3.046 3.090 3.046 3.055 4161000.00 14468147.00
2016/11/16 3.086 3.104 3.060 3.060 4482345.00 15619808.00
2016/11/17 3.064 3.082 3.046 3.055 4297000.00 14842170.00
2016/11/18 3.077 3.086 3.042 3.060 4452021.00 15367687.00
2016/11/21 3.077 3.104 3.059 3.059 9331000.00 32312636.00
2016/11/22 3.077 3.201 3.051 3.184 20296800.00 72417856.00
2016/11/23 3.216 3.261 3.189 3.252 14765798.00 53814744.00
2016/11/24 3.260 3.269 3.162 3.233 9611000.00 34987208.00
2016/11/25 3.255 3.300 3.228 3.282 10797995.00 39690392.00
2016/11/28 3.276 3.329 3.258 3.285 15697500.00 58154684.00
2016/11/29 3.286 3.313 3.278 3.278 7518614.00 27857984.00
2016/11/30 3.276 3.321 3.268 3.268 13583998.00 50242780.00
2016/12/01 3.290 3.316 3.281 3.290 6064989.00 22468692.00
2016/12/02 3.291 3.291 3.229 3.255 11550000.00 42408104.00
2016/12/05 3.250 3.268 3.232 3.250 8257335.00 30191142.00
2016/12/06 3.245 3.263 3.210 3.210 7660772.00 28001608.00
2016/12/07 3.238 3.265 3.212 3.229 10358000.00 37716660.00
2016/12/08 3.252 3.279 3.252 3.279 10935758.00 40295780.00
2016/12/09 3.290 3.317 3.281 3.290 18009788.00 66728116.00
2016/12/12 3.303 3.330 3.259 3.285 15511504.00 57238596.00
2016/12/13 3.305 3.305 3.261 3.270 11000116.00 40560080.00
2016/12/14 3.275 3.301 3.248 3.275 9268642.00 34216116.00
2016/12/15 3.278 3.287 3.206 3.215 17531208.00 63522892.00
2016/12/16 3.198 3.243 3.171 3.189 14785484.00 47150040.00
