2011/07/06 48321.629 48518.270 48031.070 48048.930 0.00 0.00
2011/07/07 48198.191 48453.969 48062.539 48075.879 0.00 0.00
2011/07/08 48452.801 48727.621 48392.469 48495.879 0.00 0.00
2011/07/11 48223.148 48223.148 47601.328 47686.711 0.00 0.00
2011/07/12 47143.289 47143.289 46195.449 46226.969 0.00 0.00
2011/07/13 46506.961 46808.512 46345.730 46789.730 0.00 0.00
2011/07/14 46811.031 46828.430 46406.828 46818.141 0.00 0.00
2011/07/15 46673.801 46891.480 46465.512 46679.820 0.00 0.00
2011/07/18 46365.191 47002.531 46365.191 46529.121 0.00 0.00
2011/07/19 46529.648 46752.719 46116.012 46737.488 0.00 0.00
2011/07/20 47101.281 47134.031 46672.520 46953.609 0.00 0.00
2011/07/21 47070.859 47138.969 46640.660 46918.621 0.00 0.00
2011/07/22 47439.949 47904.090 47439.949 47894.898 0.00 0.00
2011/07/25 47558.969 47650.359 47409.660 47571.602 0.00 0.00
2011/07/26 47553.988 48186.738 47505.809 48166.512 0.00 0.00
2011/07/27 47990.730 48301.602 47946.941 48101.672 0.00 0.00
2011/07/28 47472.191 48166.988 47438.840 48163.660 0.00 0.00
2011/07/29 48107.672 48275.180 47635.328 47885.191 0.00 0.00
2011/08/01 48523.879 48670.648 48334.930 48361.320 0.00 0.00
2011/08/02 48082.629 48275.648 47773.539 47845.109 0.00 0.00
2011/08/03 46979.180 47035.090 46695.609 46930.211 0.00 0.00
2011/08/04 46988.250 47131.648 46360.352 46699.789 0.00 0.00
2011/08/05 44682.531 44849.648 44050.590 44696.910 0.00 0.00
2011/08/08 43550.730 43899.621 42772.621 43724.770 0.00 0.00
2011/08/09 40991.531 43016.281 40262.609 41249.730 0.00 0.00
2011/08/10 42664.680 42903.871 41979.449 42216.328 0.00 0.00
2011/08/11 41232.629 42106.512 41125.879 41821.070 0.00 0.00
2011/08/12 42590.852 42590.852 41778.090 41874.148 0.00 0.00
2011/08/15 42812.922 43255.961 42530.691 43246.930 0.00 0.00
2011/08/16 43427.621 43613.559 42991.219 43144.422 0.00 0.00
2011/08/17 43436.398 43834.059 43214.828 43373.680 0.00 0.00
2011/08/18 43314.219 43487.449 42689.988 42790.590 0.00 0.00
2011/08/19 41641.621 41891.961 41290.172 41472.949 0.00 0.00
2011/08/22 41617.809 42048.711 40724.828 41663.922 0.00 0.00
2011/08/23 41641.680 42533.031 41442.648 42494.891 0.00 0.00
2011/08/24 42488.102 42517.102 41610.109 41640.352 0.00 0.00
2011/08/25 42241.121 42366.828 42015.090 42258.148 0.00 0.00
2011/08/26 42217.988 42616.371 41823.961 41895.309 0.00 0.00
2011/08/29 42545.891 42623.520 42259.891 42507.480 0.00 0.00
2011/08/30 43231.691 43526.051 42949.160 43233.012 0.00 0.00
2011/08/31 43347.059 43990.301 43160.012 43943.051 0.00 0.00
2011/09/01 44489.512 44885.570 44024.609 44051.059 0.00 0.00
2011/09/02 43999.609 44048.602 43187.910 43261.191 0.00 0.00
2011/09/05 42484.531 42484.531 41921.672 42025.852 0.00 0.00
2011/09/06 41516.789 42264.719 41327.441 42227.461 0.00 0.00
2011/09/07 42535.809 43036.520 42426.539 42989.879 0.00 0.00
2011/09/08 43335.879 43335.879 42562.430 42806.051 0.00 0.00
2011/09/09 42988.949 43184.371 42582.781 42706.781 0.00 0.00
2011/09/12 41422.379 41506.371 40830.570 40918.941 0.00 0.00
2011/09/14 41341.371 41410.969 40074.988 40973.809 0.00 0.00
2011/09/15 41278.711 41456.520 40737.238 41267.391 0.00 0.00
2011/09/16 42054.711 42285.000 41859.430 41860.660 0.00 0.00
2011/09/19 41413.738 41413.738 40614.340 40704.469 0.00 0.00
2011/09/20 40903.570 41003.738 40309.961 40916.891 0.00 0.00
2011/09/21 40651.578 40935.781 40237.141 40506.699 0.00 0.00
2011/09/22 39375.398 39375.398 38433.898 38547.180 0.00 0.00
2011/09/23 37845.270 38335.469 37388.230 38023.980 0.00 0.00
2011/09/26 37949.922 38166.031 36583.641 37462.230 0.00 0.00
2011/09/27 38350.172 39032.531 38242.762 39020.762 0.00 0.00
2011/09/28 38659.051 38957.738 38403.930 38763.590 0.00 0.00
2011/09/30 38628.230 38628.230 37672.199 37866.629 0.00 0.00
2011/10/03 36977.219 36977.219 35982.660 36208.691 0.00 0.00
2011/10/04 36013.750 36249.078 34805.738 34977.762 0.00 0.00
2011/10/06 36537.699 36978.801 36267.461 36962.328 0.00 0.00
2011/10/07 37755.359 38315.000 37679.301 38113.289 0.00 0.00
2011/10/10 38428.109 38441.211 37533.941 38122.031 0.00 0.00
2011/10/11 39695.031 39725.789 38833.691 39048.699 0.00 0.00
2011/10/12 38723.629 39630.262 38323.270 39453.090 0.00 0.00
2011/10/13 40038.969 40377.102 39719.121 40375.102 0.00 0.00
2011/10/14 40120.281 40177.359 39535.719 39824.020 0.00 0.00
2011/10/17 40484.531 40698.719 40198.578 40625.148 0.00 0.00
2011/10/18 39629.469 39629.469 38664.871 38908.531 0.00 0.00
2011/10/19 39605.629 39661.500 39183.020 39409.520 0.00 0.00
2011/10/20 39180.422 39180.422 38284.520 38717.488 0.00 0.00
2011/10/21 38827.488 38931.328 38595.160 38809.238 0.00 0.00
2011/10/24 39710.141 40534.070 39691.301 40415.590 0.00 0.00
2011/10/25 40621.621 40867.191 40479.328 40838.398 0.00 0.00
2011/10/26 40321.160 41136.672 40271.898 41050.121 0.00 0.00
2011/10/27 41052.379 42399.289 41006.910 42389.621 0.00 0.00
2011/10/28 43387.578 43646.281 43000.078 43101.270 0.00 0.00
2011/10/31 43119.539 43394.898 42412.520 42768.922 0.00 0.00
2011/11/01 41906.410 42418.711 41608.219 41710.199 0.00 0.00
2011/11/02 41111.340 42518.828 40965.391 42493.488 0.00 0.00
2011/11/03 41816.762 42080.121 41221.379 41437.070 0.00 0.00
2011/11/04 42901.969 43028.488 42580.129 42729.738 0.00 0.00
2011/11/07 42840.488 43018.941 42313.648 42374.641 0.00 0.00
2011/11/08 42742.031 42885.059 42335.980 42375.891 0.00 0.00
2011/11/09 43213.379 43441.121 42997.578 43099.352 0.00 0.00
2011/11/10 41111.699 41343.578 40797.691 40837.121 0.00 0.00
2011/11/11 41224.051 41359.199 40975.828 41210.250 0.00 0.00
2011/11/14 42207.699 42294.512 41983.301 42009.180 0.00 0.00
2011/11/15 41572.270 41819.441 41432.449 41665.211 0.00 0.00
2011/11/16 41955.172 41955.172 40416.711 40830.660 0.00 0.00
2011/11/17 40239.051 40826.512 40177.828 40521.801 0.00 0.00
2011/11/18 39969.602 39969.602 39620.578 39819.270 0.00 0.00
2011/11/21 39227.969 39400.738 38884.461 39254.090 0.00 0.00
2011/11/22 39253.289 39532.500 38805.352 39309.520 0.00 0.00
2011/11/23 38737.430 38758.621 38487.500 38542.930 0.00 0.00
2011/11/24 38101.910 38834.230 38101.910 38700.512 0.00 0.00
2011/11/25 38104.262 38469.000 38005.910 38170.512 0.00 0.00
2011/11/28 38882.000 39045.969 38741.699 38922.141 0.00 0.00
2011/11/29 39326.281 39644.238 38956.910 39393.391 0.00 0.00
2011/11/30 39255.480 39255.480 38540.199 38817.578 0.00 0.00
2011/12/01 41003.020 41004.391 41002.801 41003.250 0.00 0.00
2011/12/02 40956.289 41332.789 40742.871 41092.672 0.00 0.00
2011/12/05 41259.941 41413.102 40947.020 41393.309 0.00 0.00
2011/12/06 41031.000 41088.559 40614.191 40880.828 0.00 0.00
2011/12/07 41251.590 41529.520 41025.871 41524.730 0.00 0.00
2011/12/08 41247.941 41302.398 40911.441 41238.191 0.00 0.00
2011/12/09 40403.711 40662.199 39951.059 40112.512 0.00 0.00
2011/12/12 40713.910 40856.648 39968.441 40114.301 0.00 0.00
2011/12/13 39578.289 39876.180 39513.961 39836.828 0.00 0.00
2011/12/14 39521.289 39899.422 39477.270 39636.559 0.00 0.00
2011/12/15 39136.211 39160.410 38644.738 38929.129 0.00 0.00
2011/12/16 38926.449 39714.262 38926.449 39487.469 0.00 0.00
2011/12/19 38987.000 39070.590 38485.730 39022.781 0.00 0.00
2011/12/20 38967.809 39455.750 38893.328 39044.359 0.00 0.00
2011/12/21 39870.250 39893.031 39494.520 39770.500 0.00 0.00
2011/12/22 39641.828 39709.078 39385.949 39687.961 0.00 0.00
2011/12/23 40144.590 40246.238 40036.422 40229.871 0.00 0.00
2011/12/28 40213.301 40213.301 39868.801 39991.238 0.00 0.00
2011/12/29 39582.961 39754.660 39505.660 39730.480 0.00 0.00
2011/12/30 39927.238 39964.449 39769.191 39809.230 0.00 0.00
2012/01/03 40535.371 40784.750 40435.020 40765.941 0.00 0.00
2012/01/04 40967.180 40967.180 40356.781 40441.801 0.00 0.00
2012/01/05 40498.109 40644.328 40433.102 40627.738 0.00 0.00
2012/01/06 40566.070 40566.070 39965.121 40151.879 0.00 0.00
2012/01/09 40141.730 40780.738 39525.148 40740.699 0.00 0.00
2012/01/10 40918.641 41217.539 40725.262 41039.922 0.00 0.00
2012/01/11 41185.949 41410.430 40994.270 41358.789 0.00 0.00
2012/01/12 41274.191 41594.941 41140.711 41236.660 0.00 0.00
2012/01/13 41532.129 41532.129 41188.711 41472.121 0.00 0.00
2012/01/16 41183.441 41183.441 40999.898 41057.020 0.00 0.00
2012/01/17 41458.461 42413.379 41404.910 42386.320 0.00 0.00
2012/01/18 42437.801 42600.309 42276.879 42514.102 0.00 0.00
2012/01/19 42849.988 43096.340 42707.148 43066.988 0.00 0.00
2012/01/20 43539.441 43539.441 43034.461 43428.539 0.00 0.00
2012/01/26 44169.461 44169.461 43841.469 44138.512 0.00 0.00
2012/01/27 44147.852 44466.031 44019.551 44273.551 0.00 0.00
2012/01/30 44308.809 44308.809 43503.199 43536.590 0.00 0.00
2012/01/31 43895.238 44196.281 43663.699 44033.449 0.00 0.00
2012/02/01 44042.488 44343.852 43772.211 43910.109 0.00 0.00
2012/02/02 44570.031 44835.078 44410.238 44787.031 0.00 0.00
2012/02/03 44660.191 44910.750 44571.172 44824.891 0.00 0.00
2012/02/06 45383.270 45383.270 44557.430 44723.301 0.00 0.00
2012/02/07 44935.199 45094.570 44592.309 44700.109 0.00 0.00
2012/02/08 44978.031 45400.078 44822.199 45389.570 0.00 0.00
2012/02/09 45181.891 45464.289 44891.539 45371.320 0.00 0.00
2012/02/10 45320.020 45354.738 44710.039 44882.949 0.00 0.00
2012/02/13 44742.449 45284.488 44645.621 45106.539 0.00 0.00
2012/02/14 45015.488 45237.289 44947.012 45172.250 0.00 0.00
2012/02/15 45335.828 46220.578 45205.852 46138.410 0.00 0.00
2012/02/16 45925.230 46035.820 45689.941 45948.488 0.00 0.00
2012/02/17 46437.199 46530.359 46173.961 46411.352 0.00 0.00
2012/02/20 46991.672 46991.672 46199.430 46267.039 0.00 0.00
2012/02/21 46287.590 46386.988 45827.781 46383.488 0.00 0.00
2012/02/22 46081.809 46580.059 46002.281 46535.871 0.00 0.00
2012/02/23 46119.641 46275.059 46052.762 46172.461 0.00 0.00
2012/02/24 46297.660 46362.352 45981.129 46228.309 0.00 0.00
2012/02/27 46173.891 46621.691 45514.941 45820.160 0.00 0.00
2012/02/28 46004.879 46608.852 45941.391 46577.879 0.00 0.00
2012/02/29 46740.102 46897.551 46485.410 46818.340 0.00 0.00
2012/03/01 46604.039 46740.000 46090.711 46193.191 0.00 0.00
2012/03/02 46692.809 46703.801 46506.578 46572.090 0.00 0.00
2012/03/05 46476.551 46607.730 45855.762 45930.711 0.00 0.00
2012/03/06 45732.941 45732.941 44902.719 44939.199 0.00 0.00
2012/03/07 44325.172 44780.711 44325.172 44553.730 0.00 0.00
2012/03/08 44759.262 45162.648 44668.852 45143.250 0.00 0.00
2012/03/09 45220.910 45823.379 45192.289 45555.941 0.00 0.00
2012/03/12 45549.121 45758.691 45226.570 45680.078 0.00 0.00
2012/03/13 45996.121 46315.398 45957.020 46126.441 0.00 0.00
2012/03/14 46722.930 46883.500 46070.340 46167.559 0.00 0.00
2012/03/15 46200.449 46298.852 45851.840 46266.461 0.00 0.00
2012/03/16 46261.910 46453.391 46052.039 46191.711 0.00 0.00
2012/03/19 46486.738 46486.738 45666.328 45752.801 0.00 0.00
2012/03/20 45899.602 45899.602 45040.789 45260.828 0.00 0.00
2012/03/21 45390.590 45488.859 44974.340 45192.328 0.00 0.00
2012/03/22 45256.230 45456.379 45081.262 45289.691 0.00 0.00
2012/03/23 44940.840 44945.469 44629.531 44785.352 0.00 0.00
2012/03/26 44793.102 45018.422 44594.512 44785.488 0.00 0.00
2012/03/27 45333.559 45640.340 45278.070 45604.648 0.00 0.00
2012/03/28 45416.289 45480.422 45065.500 45254.730 0.00 0.00
2012/03/29 44897.031 44897.031 44478.660 44656.621 0.00 0.00
2012/03/30 44159.699 44562.789 44146.629 44540.020 0.00 0.00
2012/04/02 44775.602 44775.602 44244.090 44470.691 0.00 0.00
2012/04/03 44864.852 45107.422 44613.590 45053.012 0.00 0.00
2012/04/05 44377.551 44791.289 44214.770 44624.000 0.00 0.00
2012/04/10 44178.531 44363.871 43983.422 44110.941 0.00 0.00
2012/04/11 43551.738 43758.949 43427.578 43655.148 0.00 0.00
2012/04/12 43739.801 44131.590 43649.410 44059.719 0.00 0.00
2012/04/13 44738.539 44908.781 44595.160 44869.762 0.00 0.00
2012/04/16 44468.879 44705.922 44464.539 44673.820 0.00 0.00
2012/04/17 44819.891 44819.891 44201.129 44569.051 0.00 0.00
2012/04/18 45084.711 45219.328 44902.039 45042.480 0.00 0.00
2012/04/19 45013.711 45506.930 45013.711 45506.930 0.00 0.00
2012/04/20 45378.891 45689.230 45266.922 45546.609 0.00 0.00
2012/04/23 45460.590 45460.590 44709.301 44709.301 0.00 0.00
2012/04/24 44669.801 45028.828 44513.629 44823.691 0.00 0.00
2012/04/25 45000.391 45001.000 44639.199 44772.148 0.00 0.00
2012/04/26 45003.941 45163.828 44834.270 45126.531 0.00 0.00
2012/04/27 45357.211 45387.309 44777.539 44978.520 0.00 0.00
2012/04/30 45300.148 45768.121 45300.148 45743.488 0.00 0.00
2012/05/02 46071.500 46374.711 46053.480 46209.422 0.00 0.00
2012/05/03 45998.852 46101.590 45877.820 46085.801 0.00 0.00
2012/05/04 45777.090 45914.711 45677.230 45731.141 0.00 0.00
2012/05/07 44808.961 44843.750 44417.340 44544.859 0.00 0.00
2012/05/08 44785.039 44785.039 44247.121 44432.289 0.00 0.00
2012/05/09 44165.070 44186.988 43939.609 44098.020 0.00 0.00
2012/05/10 44075.191 44207.680 43592.879 43887.090 0.00 0.00
2012/05/11 43574.629 43574.629 43180.051 43317.219 0.00 0.00
2012/05/14 43475.371 43490.930 42776.711 42819.078 0.00 0.00
2012/05/15 42754.578 43233.398 42618.551 43170.730 0.00 0.00
2012/05/16 42736.070 42736.070 41705.129 41876.121 0.00 0.00
2012/05/17 42152.078 42332.430 41652.211 41785.391 0.00 0.00
2012/05/18 40890.422 41322.309 40531.969 41249.219 0.00 0.00
2012/05/21 41218.539 41331.238 40988.891 41262.852 0.00 0.00
2012/05/22 41575.531 41839.969 41447.328 41526.961 0.00 0.00
2012/05/23 41097.648 41105.328 40703.211 40975.219 0.00 0.00
2012/05/24 40926.891 41103.031 40707.949 40733.352 0.00 0.00
2012/05/25 40898.820 40995.000 40555.441 40853.039 0.00 0.00
2012/05/28 40763.328 41169.391 40763.328 41044.230 0.00 0.00
2012/05/29 40911.461 41616.711 40911.461 41610.141 0.00 0.00
2012/05/30 41380.809 41380.809 40739.930 40927.750 0.00 0.00
2012/05/31 40493.148 40903.391 40290.078 40841.172 0.00 0.00
2012/06/01 40564.020 41062.941 40539.352 40694.340 0.00 0.00
2012/06/04 40024.078 40024.078 39600.352 39883.680 0.00 0.00
2012/06/05 40300.641 40385.750 39971.430 40050.172 0.00 0.00
2012/06/06 40474.410 40853.559 40410.289 40851.262 0.00 0.00
2012/06/07 41542.121 41586.410 41098.422 41217.270 0.00 0.00
2012/06/08 41481.320 41481.320 40738.191 40829.020 0.00 0.00
2012/06/11 41880.590 41880.590 41591.051 41824.871 0.00 0.00
2012/06/12 41312.328 41766.719 41286.660 41649.250 0.00 0.00
2012/06/13 41821.512 42000.512 41522.422 41993.820 0.00 0.00
2012/06/14 41893.621 41973.031 41658.551 41686.809 0.00 0.00
2012/06/15 41943.219 42675.680 41932.320 42629.969 0.00 0.00
2012/06/18 43392.820 43392.820 42988.988 43059.648 0.00 0.00
2012/06/19 43111.512 43157.730 42821.121 43034.980 0.00 0.00
2012/06/20 43334.680 43394.371 43151.250 43261.449 0.00 0.00
2012/06/21 43176.910 43209.770 42683.531 42698.961 0.00 0.00
2012/06/22 42095.719 42309.711 42058.371 42100.660 0.00 0.00
2012/06/25 42156.078 42261.859 41807.051 41886.602 0.00 0.00
2012/06/26 41782.469 42110.512 41782.469 42073.648 0.00 0.00
2012/06/27 42092.129 42588.078 41985.359 42506.129 0.00 0.00
2012/06/28 42791.602 42791.602 42134.441 42169.930 0.00 0.00
2012/06/29 42106.309 43246.039 42094.191 43092.422 0.00 0.00
2012/07/03 43810.449 43810.449 43493.398 43744.219 0.00 0.00
2012/07/04 43966.672 43969.531 43619.988 43691.590 0.00 0.00
2012/07/05 43797.270 44044.859 43423.109 43911.898 0.00 0.00
2012/07/06 43787.070 43978.359 43649.219 43893.059 0.00 0.00
2012/07/09 43525.531 43754.039 43053.172 43067.219 0.00 0.00
2012/07/10 43236.422 43261.852 42887.969 42996.879 0.00 0.00
2012/07/11 42704.770 43096.121 42636.449 43049.012 0.00 0.00
2012/07/12 42909.160 42909.160 42114.480 42173.910 0.00 0.00
2012/07/13 42272.000 42474.020 42190.488 42323.590 0.00 0.00
2012/07/16 42706.449 42706.449 42254.969 42387.238 0.00 0.00
2012/07/17 42466.191 43180.691 42466.191 43127.602 0.00 0.00
2012/07/18 43120.750 43120.750 42416.551 42650.000 0.00 0.00
2012/07/19 42990.430 43449.012 42990.430 43357.531 0.00 0.00
2012/07/20 43478.840 43572.672 43253.000 43538.738 0.00 0.00
2012/07/23 42693.191 42693.191 42087.660 42236.789 0.00 0.00
2012/07/24 42291.461 42395.250 41795.309 41903.660 0.00 0.00
2012/07/25 41591.109 41953.469 41476.711 41846.328 0.00 0.00
2012/07/26 41830.801 42033.078 41659.719 41880.590 0.00 0.00
2012/07/27 42484.078 42851.309 42478.539 42727.770 0.00 0.00
2012/07/30 43237.770 43434.148 43179.398 43415.930 0.00 0.00
2012/07/31 43584.430 43980.672 43489.461 43884.578 0.00 0.00
2012/08/01 43552.391 44110.922 43552.391 43936.820 0.00 0.00
2012/08/02 43856.531 43862.199 43563.051 43648.262 0.00 0.00
2012/08/03 43345.871 43611.680 43125.391 43595.012 0.00 0.00
2012/08/06 44451.371 44537.391 44287.672 44332.160 0.00 0.00
2012/08/07 44410.090 44594.641 44299.012 44495.840 0.00 0.00
2012/08/08 44753.699 44753.699 44259.891 44480.238 0.00 0.00
2012/08/09 44674.879 45009.301 44674.879 44941.551 0.00 0.00
2012/08/10 44797.980 44836.609 44444.539 44645.898 0.00 0.00
2012/08/13 44768.070 44768.070 44433.961 44530.531 0.00 0.00
2012/08/14 44907.648 45014.762 44558.621 44996.930 0.00 0.00
2012/08/15 44697.699 44719.270 44455.039 44535.570 0.00 17236910080.00
2012/08/16 44756.328 44756.328 44240.781 44337.141 0.00 18767255552.00
2012/08/17 44552.969 44753.059 44531.488 44683.488 0.00 20699054080.00
2012/08/20 44608.629 44673.590 44233.578 44661.840 0.00 15607323648.00
2012/08/21 44692.691 44757.559 44398.488 44666.289 0.00 15734234112.00
2012/08/22 44436.621 44436.621 44118.160 44194.512 0.00 13836720128.00
2012/08/23 44299.730 44740.340 44299.730 44737.738 0.00 17179396096.00
2012/08/24 44291.922 44291.922 44091.328 44179.871 0.00 16489488384.00
2012/08/27 44321.059 44321.059 43942.949 44007.941 0.00 14435310592.00
2012/08/28 43840.410 44136.090 43840.410 44037.129 0.00 12415735808.00
2012/08/29 44138.969 44152.000 43945.430 43985.379 0.00 13163511808.00
2012/08/30 43698.500 43698.500 43369.738 43466.660 0.00 17021110272.00
2012/08/31 43386.719 43469.660 43239.602 43310.289 0.00 15786874880.00
2012/09/03 43166.121 43597.301 43102.570 43487.602 0.00 13796930560.00
2012/09/04 43457.641 43527.430 43176.488 43210.738 0.00 12788052992.00
2012/09/05 43017.230 43017.230 42542.512 42605.328 0.00 19313463296.00
2012/09/06 42629.551 42884.301 42573.441 42869.172 0.00 15055011840.00
2012/09/07 43603.988 44253.641 43484.172 44193.691 0.00 48683073536.00
2012/09/10 44361.820 44482.250 44112.469 44251.922 0.00 28530286592.00
2012/09/11 44105.949 44440.648 43885.711 44330.328 0.00 19100157952.00
2012/09/12 44643.910 44916.398 44643.910 44820.852 0.00 20141129728.00
2012/09/13 44795.379 44984.719 44678.219 44763.359 0.00 18769784832.00
2012/09/14 45727.391 46104.121 45719.262 46063.211 0.00 36164792320.00
2012/09/17 46355.570 46355.570 45982.531 46131.410 0.00 23091800064.00
2012/09/18 46051.020 46253.270 45930.441 46005.941 0.00 20692373504.00
2012/09/19 46022.898 46661.762 46022.898 46541.852 0.00 24759808000.00
2012/09/20 46485.699 46485.699 45953.762 45981.359 0.00 20446113792.00
2012/09/21 46225.922 46473.309 46180.961 46310.051 0.00 23117549568.00
2012/09/24 46036.738 46414.309 45795.828 46223.469 0.00 12853295104.00
2012/09/25 46224.602 46367.621 46122.430 46234.320 0.00 14100286464.00
2012/09/26 45759.238 45962.172 45757.199 45852.469 0.00 16103088128.00
2012/09/27 45763.609 46574.750 45763.609 46377.730 0.00 22844143616.00
2012/09/28 46368.070 46662.762 46295.578 46552.148 0.00 19278618624.00
2012/10/03 46800.090 46921.379 46461.539 46659.141 0.00 20885250048.00
2012/10/04 46717.320 46790.988 46540.281 46703.090 0.00 15192606720.00
2012/10/05 46925.680 46956.148 46740.570 46936.359 0.00 16015332352.00
2012/10/08 46862.980 46867.672 46479.672 46516.820 0.00 15536719872.00
2012/10/09 46745.262 47116.660 46745.262 46768.602 0.00 17179594752.00
2012/10/10 46428.578 46778.898 46389.039 46729.109 0.00 14528336896.00
2012/10/11 46491.109 46938.750 46491.109 46906.590 0.00 23472709632.00
2012/10/12 47022.820 47437.141 47022.820 47213.449 0.00 21979088896.00
2012/10/15 47216.078 47320.672 47080.578 47239.852 0.00 15122951168.00
2012/10/16 47482.980 47482.980 47177.141 47371.250 0.00 16868366336.00
2012/10/17 47851.051 47897.648 47696.949 47839.371 0.00 23097638912.00
2012/10/18 48005.172 48263.078 47972.648 48067.379 0.00 26400831488.00
2012/10/19 48172.449 48230.230 48076.762 48141.199 0.00 19700236288.00
2012/10/22 47891.578 48470.250 47871.988 48466.859 0.00 18816342016.00
2012/10/24 48236.281 48775.199 48172.852 48688.602 0.00 27619041280.00
2012/10/25 48754.148 48859.230 48571.078 48793.430 0.00 21726787584.00
2012/10/26 48877.270 48877.270 48161.012 48201.352 0.00 21147635712.00
2012/10/29 48050.449 48238.039 47869.172 48124.121 0.00 20440602624.00
2012/10/30 48209.398 48267.250 47738.430 47939.621 0.00 17126106112.00
2012/10/31 48187.750 48431.941 48092.512 48416.680 0.00 18016014336.00
2012/11/01 48264.789 48843.391 48112.930 48819.469 0.00 20804149248.00
2012/11/02 49374.078 49560.711 49269.719 49474.859 0.00 25180284928.00
2012/11/05 49324.680 49541.551 49204.910 49240.078 0.00 16726252544.00
2012/11/06 49136.238 49245.578 48850.480 49101.422 0.00 18898372608.00
2012/11/07 49271.398 49449.172 48803.281 49449.172 0.00 21811613696.00
2012/11/08 48746.539 48939.012 48231.730 48256.699 0.00 22868721664.00
2012/11/09 47958.398 48164.012 47727.352 47848.270 0.00 19895814144.00
2012/11/12 47810.672 48022.961 47747.160 47951.031 0.00 12908142592.00
2012/11/13 47822.531 47882.359 47395.270 47410.328 0.00 16395077632.00
2012/11/14 47549.789 47986.980 47483.422 47977.199 0.00 15756226560.00
2012/11/15 47410.980 47633.711 47208.422 47231.961 0.00 18798280704.00
2012/11/16 47444.270 47447.609 47223.629 47344.012 0.00 16452421632.00
2012/11/19 47483.059 47691.590 47318.219 47599.719 0.00 15988493312.00
2012/11/20 48083.148 48083.148 47490.160 47524.102 0.00 16823461888.00
2012/11/21 47835.879 48200.539 47526.020 48186.930 0.00 16806277120.00
2012/11/22 48346.410 48746.711 48172.500 48676.859 0.00 18458611712.00
2012/11/23 48654.160 49089.301 48639.898 49066.730 0.00 18176966656.00
2012/11/26 49228.789 49228.789 48872.578 48949.922 0.00 15484329984.00
2012/11/27 49191.500 49265.719 48856.621 48910.090 0.00 16740018176.00
2012/11/28 48732.949 48732.949 48429.941 48607.719 0.00 16869683200.00
2012/11/29 48858.648 49251.270 48780.238 49086.680 0.00 18136467456.00
2012/11/30 49146.039 49464.449 49076.961 49327.379 0.00 27290030080.00
2012/12/03 49423.988 49630.078 48631.988 48746.379 0.00 18710308864.00
2012/12/04 48787.180 48937.398 48567.301 48818.309 0.00 17911300096.00
2012/12/05 48860.941 49879.922 48829.410 49872.910 0.00 44912816128.00
2012/12/06 50063.211 50063.211 49747.879 49825.660 0.00 22008092672.00
2012/12/07 49926.270 50097.961 49687.422 49694.359 0.00 23771570176.00
2012/12/10 50113.859 50113.859 49796.301 49888.031 0.00 18526552064.00
2012/12/11 49931.180 50148.879 49814.789 49993.770 0.00 20426145792.00
2012/12/12 50193.012 50406.012 50193.012 50395.570 0.00 23267686400.00
2012/12/13 50390.281 50529.461 50121.070 50266.191 0.00 22747398144.00
2012/12/14 50156.770 50693.590 50156.770 50625.398 0.00 24489019392.00
2012/12/17 50591.320 50668.910 50284.129 50418.539 0.00 20470657024.00
2012/12/18 50445.070 50586.199 50275.500 50376.250 0.00 74255884288.00
2012/12/19 50734.379 50799.488 50526.941 50664.328 0.00 23378540544.00
2012/12/20 50618.699 50750.270 50352.109 50745.879 0.00 22787121152.00
2012/12/21 50533.820 50533.820 50215.980 50402.141 0.00 22617669632.00
2012/12/24 50376.199 50561.738 50376.199 50480.270 0.00 8157150208.00
2012/12/27 50848.172 50878.109 50631.250 50656.289 0.00 13960171520.00
2012/12/28 50850.121 50850.121 50675.730 50761.121 0.00 14242351104.00
2012/12/31 50577.148 50832.211 50537.852 50739.469 0.00 10323572736.00
2013/01/02 51194.828 52218.590 51194.828 52206.469 0.00 32030234624.00
2013/01/03 52382.398 52405.238 52032.801 52400.449 0.00 31633078272.00
2013/01/04 52337.211 52337.211 51893.621 52249.270 0.00 22400686080.00
2013/01/07 52280.859 52409.070 52077.141 52246.262 0.00 24903247872.00
2013/01/08 52099.078 52099.078 51705.762 51756.801 0.00 23998472192.00
2013/01/09 51854.262 52034.941 51825.059 51997.051 0.00 23675795456.00
2013/01/10 52045.430 52578.020 51878.750 52301.270 0.00 28628344832.00
2013/01/11 52580.090 52597.531 51984.590 52099.180 0.00 24369147904.00
2013/01/14 52239.699 52497.512 52161.879 52433.281 0.00 24001347584.00
2013/01/15 52242.059 52663.031 52193.441 52362.160 0.00 23602929664.00
2013/01/16 52381.602 52381.602 51962.930 52307.250 0.00 23406899200.00
2013/01/17 52564.078 52638.121 52007.102 52268.672 0.00 23921213440.00
2013/01/18 52648.781 52866.031 52517.281 52855.461 0.00 26263754752.00
2013/01/21 52775.238 52940.219 52706.961 52831.109 0.00 18511806464.00
2013/01/22 52843.359 53043.051 52625.191 52983.570 0.00 21340440576.00
2013/01/23 53076.422 53099.750 52718.039 52930.070 0.00 23548272640.00
2013/01/24 52818.109 53050.309 52734.551 52849.012 0.00 24489904128.00
2013/01/25 52971.371 53000.148 52585.801 52807.641 0.00 28211398656.00
2013/01/28 52900.621 53156.078 52900.621 53012.441 0.00 22767388672.00
2013/01/29 52983.840 53091.340 52857.852 52975.020 0.00 30964084736.00
2013/01/30 53226.211 53559.512 53222.270 53348.781 0.00 28828010496.00
2013/01/31 53297.512 53297.512 53003.621 53141.551 0.00 25343760384.00
2013/02/01 53217.281 53217.281 52787.211 53124.340 0.00 22407751680.00
2013/02/04 53448.969 53623.512 52934.738 53041.852 0.00 83217645568.00
2013/02/05 52030.859 52419.230 51741.289 51840.410 0.00 32685856768.00
2013/02/06 52162.672 52303.621 51964.750 52083.172 0.00 24237258752.00
2013/02/07 52089.641 52175.441 51809.621 51904.172 0.00 27223230464.00
2013/02/08 51734.180 52106.180 51734.180 51989.641 0.00 25280034816.00
2013/02/14 52550.430 52570.469 52192.680 52445.012 0.00 23085074432.00
2013/02/15 52225.840 52520.078 52155.590 52515.129 0.00 15939124224.00
2013/02/18 52588.898 52588.898 52212.719 52374.871 0.00 14623910912.00
2013/02/19 52344.148 52536.719 51830.879 51841.699 0.00 21320914944.00
2013/02/20 52215.809 52215.809 51886.379 52207.930 0.00 22463660032.00
2013/02/21 51577.980 51577.980 51134.441 51310.281 0.00 29045807104.00
2013/02/22 51161.660 51183.898 50790.430 51032.012 0.00 22989074432.00
2013/02/25 51189.828 51241.648 51021.250 51116.328 0.00 17591715840.00
2013/02/26 50712.898 51002.078 50423.469 50443.469 0.00 21032421376.00
2013/02/27 50749.680 50749.680 50276.910 50571.852 0.00 24463294464.00
2013/02/28 51130.520 51590.320 50925.391 51564.738 0.00 31209250816.00
2013/03/01 51423.211 51554.449 51225.199 51251.031 0.00 29094555648.00
2013/03/04 51220.320 51220.320 50323.359 50484.039 0.00 28553912320.00
2013/03/05 50671.738 50761.090 50452.422 50534.879 0.00 24451944448.00
2013/03/06 50960.641 51091.070 50768.809 51021.699 0.00 24952682496.00
2013/03/07 50912.969 51169.309 50749.629 51007.379 0.00 19883988992.00
2013/03/08 51172.539 52026.750 51172.539 51738.680 0.00 27721691136.00
2013/03/11 51827.172 52084.500 51678.148 51736.160 0.00 18072778752.00
2013/03/12 51830.660 52119.738 51261.961 51287.551 0.00 21124673536.00
2013/03/13 51329.500 51329.500 50402.051 50557.422 0.00 24620087296.00
2013/03/14 50395.160 50779.852 49994.609 50697.590 0.00 28107300864.00
2013/03/15 50895.160 51105.301 50420.230 50507.809 0.00 46333378560.00
2013/03/18 49738.930 49738.930 49318.340 49510.340 0.00 32826515456.00
2013/03/19 49633.070 49814.109 49392.191 49417.301 0.00 26133280768.00
2013/03/20 49426.691 50129.000 49394.910 50025.469 0.00 25606285312.00
2013/03/21 50091.480 50356.660 49852.531 49956.781 0.00 24824682496.00
2013/03/22 49867.672 49970.680 49523.641 49708.219 0.00 22504372224.00
2013/03/25 50185.250 50238.180 49900.988 50013.570 0.00 20647507968.00
2013/03/26 49916.719 50227.371 49648.121 50148.270 0.00 24330741760.00
2013/03/27 50315.480 50638.922 50271.762 50493.828 0.00 23315224576.00
2013/03/28 50326.449 50326.449 49746.500 50122.539 0.00 26404954112.00
2013/04/02 49908.109 50460.000 49908.109 50276.488 0.00 20685125632.00
2013/04/03 50634.531 50634.531 50086.180 50208.301 0.00 16152936448.00
2013/04/05 49968.789 49968.789 48782.781 48835.871 0.00 30781140992.00
2013/04/08 48851.340 48937.770 48577.730 48815.988 0.00 19326783488.00
2013/04/09 49000.719 49402.699 49000.719 49158.281 0.00 18613905408.00
2013/04/10 49379.551 49549.352 49144.480 49539.609 0.00 20986365952.00
2013/04/11 49908.172 50027.609 49592.980 49689.590 0.00 20181518336.00
2013/04/12 49878.648 49878.648 49573.379 49662.121 0.00 16810107904.00
2013/04/15 49459.059 49459.059 48866.801 48950.789 0.00 18196264960.00
2013/04/16 48498.699 49042.719 48282.309 48724.539 0.00 23366486016.00
2013/04/17 49000.309 49009.039 48451.809 48494.410 0.00 24780537856.00
2013/04/18 48203.621 48603.219 48165.219 48365.922 0.00 18510372864.00
2013/04/19 48378.102 49500.059 48329.422 49492.410 0.00 24531337216.00
2013/04/22 49556.730 49767.031 49373.238 49570.762 0.00 16856333312.00
2013/04/23 49663.691 49663.691 48903.129 49036.109 0.00 19189944320.00
2013/04/24 49621.738 49911.570 49387.559 49882.609 0.00 20847495168.00
2013/04/25 50142.539 50564.859 49953.672 50373.250 0.00 21886124032.00
2013/04/26 50741.629 51034.828 50671.852 50714.051 0.00 23800967168.00
2013/04/29 50758.871 50938.711 50581.219 50788.422 0.00 16866833408.00
2013/04/30 51213.109 51422.512 50988.070 51139.828 0.00 22031030272.00
2013/05/02 51047.199 51078.109 50732.230 50993.148 0.00 19735805952.00
2013/05/03 51316.039 51483.250 51016.469 51041.871 0.00 17061562368.00
2013/05/06 51666.852 51695.602 51435.441 51548.320 0.00 16958466048.00
2013/05/07 51569.012 51871.469 51414.449 51845.262 0.00 18796916736.00
2013/05/08 52225.109 52346.699 52090.840 52289.000 0.00 23189223424.00
2013/05/09 52534.941 52534.941 52024.590 52215.059 0.00 19511625728.00
2013/05/10 52219.801 52483.020 52063.520 52461.922 0.00 19170402304.00
2013/05/13 52297.320 52297.320 51652.289 51721.898 0.00 20673085440.00
2013/05/14 52051.141 52099.922 51498.320 51614.551 0.00 19234324480.00
2013/05/15 51945.988 52147.031 51784.039 51878.410 0.00 19135991808.00
2013/05/16 52033.590 52152.488 51686.199 51971.648 0.00 22071314432.00
2013/05/20 52578.719 52947.309 52578.719 52903.641 0.00 26535639040.00
2013/05/21 52761.512 52807.250 52563.441 52627.898 0.00 33471715328.00
2013/05/22 52659.160 52845.172 52294.578 52478.719 0.00 19427119104.00
2013/05/23 52050.500 52178.488 51010.191 51154.590 0.00 33784989696.00
2013/05/24 51239.020 51469.879 50767.219 51101.910 0.00 19686604800.00
2013/05/27 51003.230 51360.789 50942.809 51261.781 0.00 12804152320.00
2013/05/28 51341.770 51841.789 51157.988 51801.340 0.00 14848792576.00
2013/05/29 51605.969 51684.531 50940.672 50991.219 0.00 22915256320.00
2013/05/30 51067.762 51221.969 50452.602 50890.770 0.00 25036572672.00
2013/05/31 51123.738 51123.738 50588.629 50692.719 0.00 29941854208.00
2013/06/03 50487.891 51082.160 50370.109 50443.770 0.00 20857497600.00
2013/06/04 50614.770 50636.430 50293.090 50535.449 0.00 20081276928.00
2013/06/05 50225.750 50300.648 49754.488 50061.449 0.00 21820442624.00
2013/06/06 49696.711 49790.531 49449.000 49537.879 0.00 22248523776.00
2013/06/07 49525.570 49644.309 48929.699 49086.520 0.00 23249747968.00
2013/06/10 49162.090 49460.250 48945.000 49212.609 0.00 18938542080.00
2013/06/11 49046.898 49251.141 48513.422 48619.680 0.00 24216838144.00
2013/06/13 48182.281 48182.281 47229.789 47765.570 0.00 39683923968.00
2013/06/14 48214.641 48400.488 47920.199 47953.320 0.00 28267716608.00
2013/06/17 48200.090 48809.191 48200.090 48701.699 0.00 22814298112.00
2013/06/18 48418.789 48734.070 48172.801 48701.648 0.00 20398137344.00
2013/06/19 48615.648 48716.859 47945.262 48153.301 0.00 23428042752.00
2013/06/20 47423.469 47503.680 46747.379 46767.410 0.00 31690389504.00
2013/06/21 45824.301 46773.270 45824.301 46497.391 0.00 44823932928.00
2013/06/24 45946.961 46125.531 45334.672 45466.320 0.00 29359722496.00
2013/06/25 45379.121 45875.500 44576.859 45562.102 0.00 35917369344.00
2013/06/26 46101.441 46705.898 45695.789 46670.039 0.00 32734533632.00
2013/06/27 46970.520 47560.320 46784.371 46932.879 0.00 27441780736.00
2013/06/28 47311.602 47820.898 47068.699 47786.301 0.00 28098250752.00
2013/07/02 48248.629 48248.629 47395.500 47454.051 0.00 28316493824.00
2013/07/03 47247.102 47297.090 46215.730 46279.469 0.00 26597310464.00
2013/07/04 46710.480 47163.469 46671.621 47017.672 0.00 15500522496.00
2013/07/05 47642.531 47931.180 47615.730 47904.328 0.00 17169394688.00
2013/07/08 47315.230 47536.441 46501.750 47278.430 0.00 19558162432.00
2013/07/09 47343.590 47704.270 47253.980 47510.012 0.00 15968506880.00
2013/07/10 47874.590 48340.301 47395.180 48018.922 0.00 19765065728.00
2013/07/11 48646.191 49395.211 48646.191 49243.102 0.00 28694566912.00
2013/07/12 49437.559 49437.559 48795.121 48875.078 0.00 18080980992.00
2013/07/15 48878.160 49138.051 48710.430 48934.879 0.00 14724671488.00
2013/07/16 49003.219 49143.480 48718.641 48955.699 0.00 14383814656.00
2013/07/17 49085.238 49297.012 48820.672 49092.359 0.00 14871070720.00
2013/07/18 49225.660 49267.578 48907.879 49038.012 0.00 15044913152.00
2013/07/19 49282.422 49282.422 48737.109 49077.539 0.00 18040965120.00
2013/07/22 49391.219 49391.219 48896.988 49201.781 0.00 13410445312.00
2013/07/23 49433.102 50459.629 49433.102 50347.961 0.00 29332525056.00
2013/07/24 50342.191 50506.129 50081.230 50470.910 0.00 17608884224.00
2013/07/25 50248.531 50422.422 50178.020 50314.738 0.00 14555896832.00
2013/07/26 50294.949 50621.270 50161.469 50470.949 0.00 15677340672.00
2013/07/29 50303.629 50435.109 49967.219 50198.020 0.00 15237007360.00
2013/07/30 50243.941 50618.578 50174.148 50436.512 0.00 17579329536.00
2013/07/31 50286.809 50703.422 50205.570 50275.000 0.00 19893229568.00
2013/08/01 50601.441 50891.621 50503.570 50746.262 0.00 14965836800.00
2013/08/02 51150.559 51211.770 50856.520 50981.020 0.00 17650778112.00
2013/08/05 51171.359 51171.359 50987.219 51052.328 0.00 13574213632.00
2013/08/06 50544.441 50571.020 50101.102 50366.988 0.00 18026948608.00
2013/08/07 49982.809 50315.910 49557.059 49597.699 0.00 17893468160.00
2013/08/08 49860.391 50062.191 49703.281 49763.898 0.00 13061149696.00
2013/08/09 50003.270 50120.898 49807.770 50112.449 0.00 13590022144.00
2013/08/12 50086.941 51205.090 49945.840 51178.039 0.00 25981741056.00
2013/08/13 51401.379 51850.262 51268.250 51798.141 0.00 28267503616.00
2013/08/15 51860.000 52154.000 51641.309 51793.820 0.00 30421780480.00
2013/08/16 51590.641 52079.922 51270.590 51744.559 0.00 23676866560.00
2013/08/19 51559.602 51831.730 51455.809 51630.461 0.00 14853730304.00
2013/08/20 51475.520 51671.922 50351.422 50496.398 0.00 23462533120.00
2013/08/21 50551.891 50564.691 49755.359 50213.660 0.00 23251040256.00
2013/08/22 49570.301 50505.359 49570.301 50392.422 0.00 23021047808.00
2013/08/23 50654.488 50878.891 50108.109 50325.559 0.00 19574360064.00
2013/08/26 50514.801 50912.129 50410.629 50657.340 0.00 15946707968.00
2013/08/27 50446.371 50630.770 50131.629 50371.160 0.00 16676625408.00
2013/08/28 49702.891 49865.641 49429.230 49564.930 0.00 28493369344.00
2013/08/29 49774.648 50016.211 49639.461 49986.129 0.00 19433017344.00
2013/08/30 49796.309 50107.410 49638.801 50056.660 0.00 20504762368.00
2013/09/02 50564.691 51235.820 50564.691 51086.770 0.00 24108175360.00
2013/09/03 51432.828 51741.109 51358.711 51597.750 0.00 22821351424.00
2013/09/04 51118.680 51733.051 51051.961 51474.410 0.00 35306045440.00
2013/09/05 52094.309 52427.090 51973.359 52230.699 0.00 28832004096.00
2013/09/06 52278.922 52472.199 52191.891 52291.039 0.00 25992833024.00
2013/09/09 52635.539 52826.871 52428.371 52590.230 0.00 22974099456.00
2013/09/10 53018.449 53148.410 52811.031 53120.289 0.00 26934736896.00
2013/09/11 53404.250 53461.141 52832.352 53037.250 0.00 26710720512.00
2013/09/12 53089.328 53309.922 52987.879 53091.340 0.00 21065619456.00
2013/09/13 53020.609 53103.910 52719.930 53007.930 0.00 21551671296.00
2013/09/16 53695.559 53829.250 53611.070 53792.840 0.00 21150996480.00
2013/09/17 53780.121 53780.121 53504.730 53626.531 0.00 19446624256.00
2013/09/18 53703.520 53705.578 53395.371 53480.641 0.00 20182773760.00
2013/09/19 54486.070 54496.371 54298.988 54376.449 0.00 34113036288.00
2013/09/23 54173.949 54293.539 53887.629 54073.441 0.00 19349059584.00
2013/09/24 53967.711 53967.711 53453.750 53631.422 0.00 21612169216.00
2013/09/25 53665.051 53870.750 53577.422 53704.199 0.00 18646353920.00
2013/09/26 53665.020 53738.281 53320.699 53508.441 0.00 19330033664.00
2013/09/27 53685.922 54012.430 53500.219 53704.320 0.00 19834664960.00
2013/09/30 53101.941 53194.988 52867.520 52900.891 0.00 21749403648.00
2013/10/02 53218.738 53546.531 53070.871 53189.281 0.00 21982429184.00
2013/10/03 53612.129 53784.070 53519.078 53721.359 0.00 19903645696.00
2013/10/04 53344.512 53578.531 53186.961 53545.809 0.00 20865224704.00
2013/10/07 53579.070 53579.070 52986.031 53164.910 0.00 18791469056.00
2013/10/08 53197.941 53754.410 53056.539 53639.078 0.00 19722471424.00
2013/10/09 53230.012 53377.172 53146.309 53303.809 0.00 17684029440.00
2013/10/10 53404.480 53419.828 52631.559 53112.512 0.00 20190527488.00
2013/10/11 53962.172 54004.121 53697.891 53730.430 0.00 19586093056.00
2013/10/15 54150.352 54176.789 53871.590 54003.941 0.00 18764480512.00
2013/10/16 54037.320 54037.320 53523.012 53753.590 0.00 15021441024.00
2013/10/17 54038.578 54051.719 53396.172 53444.770 0.00 17163292672.00
2013/10/18 53830.691 54068.629 53718.191 54012.230 0.00 20911376384.00
2013/10/21 54369.230 54462.488 54050.852 54239.129 0.00 20690980864.00
2013/10/22 53947.441 54129.191 53842.172 53963.590 0.00 21558976512.00
2013/10/23 54358.672 54475.449 53234.949 53303.148 0.00 26238103552.00
2013/10/24 53246.602 53246.602 52752.129 52922.770 0.00 23720177664.00
2013/10/25 52751.461 52938.699 52477.512 52612.320 0.00 21010124800.00
2013/10/28 52740.762 52962.230 52740.762 52863.211 0.00 15652992000.00
2013/10/29 52946.078 53263.680 52757.340 52955.840 0.00 20534542336.00
2013/10/30 53234.941 54044.270 53162.270 54016.230 0.00 23934537728.00
2013/10/31 53623.039 53892.539 53562.500 53789.879 0.00 21613416448.00
2013/11/01 53795.512 54092.621 53658.129 53890.520 0.00 16382646272.00
2013/11/04 54058.078 54113.379 53694.148 53751.070 0.00 15056988160.00
2013/11/05 54038.441 54038.441 53194.289 53401.809 0.00 18069964800.00
2013/11/06 53409.148 53587.469 53206.551 53397.172 0.00 17538656256.00
2013/11/07 53366.539 53366.539 52893.500 53035.770 0.00 14998288384.00
2013/11/08 52646.309 52879.859 52585.051 52719.070 0.00 17217974272.00
2013/11/11 52806.211 53599.648 52589.301 53473.441 0.00 18788816896.00
2013/11/12 53431.512 53508.281 52980.680 53083.012 0.00 15860510720.00
2013/11/13 52537.160 52537.160 52067.762 52068.762 0.00 24924424192.00
2013/11/14 52554.320 52596.859 52220.570 52498.301 0.00 20199184384.00
2013/11/15 52731.148 53428.262 52731.148 53386.070 0.00 23976271872.00
2013/11/18 54257.121 54973.551 54240.719 54865.441 0.00 48790085632.00
2013/11/19 55270.000 55321.898 54773.199 54860.230 0.00 39824232448.00
2013/11/20 55133.371 55294.520 54939.730 54963.031 0.00 28951130112.00
2013/11/21 54879.820 54879.820 54525.809 54691.648 0.00 22927013888.00
2013/11/22 55090.559 55118.691 54832.922 54960.672 0.00 23982757888.00
2013/11/25 55270.750 55270.750 54907.898 54933.230 0.00 20988688384.00
2013/11/26 54912.180 55089.590 54876.488 54925.891 0.00 21469009920.00
2013/11/27 54862.480 55333.250 54852.859 55215.961 0.00 24135598080.00
2013/11/28 55514.219 55699.469 55049.422 55175.941 0.00 21500542976.00
2013/11/29 55345.941 55461.691 55223.770 55389.789 0.00 13594971136.00
2013/12/02 55524.359 55931.238 55311.160 55761.898 0.00 20046192640.00
2013/12/03 55412.129 55616.238 55285.660 55464.789 0.00 20515850240.00
2013/12/04 55022.031 55317.191 54751.602 55043.141 0.00 24185405440.00
2013/12/05 54823.672 55043.602 54659.250 55005.719 0.00 20289128448.00
2013/12/06 54791.719 55238.441 54777.539 55076.551 0.00 24923381760.00
2013/12/09 55602.871 55602.871 55150.551 55234.430 0.00 19068020736.00
2013/12/10 55207.262 55233.910 54994.570 55079.070 0.00 16367849472.00
2013/12/11 54945.930 54961.488 54037.398 54137.379 0.00 27999952896.00
2013/12/12 53967.809 54112.352 53726.031 53858.762 0.00 23025276928.00
2013/12/13 53538.789 54121.820 53393.000 53923.328 0.00 22656120832.00
2013/12/16 53673.539 53827.449 53352.219 53618.750 0.00 19933558784.00
2013/12/17 54005.480 54005.480 53446.949 53513.359 0.00 21295007744.00
2013/12/18 53530.320 53911.148 53337.789 53686.391 0.00 19972689920.00
2013/12/19 54290.969 54290.969 52780.512 53094.711 0.00 27090874368.00
2013/12/20 53130.500 53206.449 52688.648 52917.090 0.00 28682930176.00
2013/12/23 53228.801 53366.520 53034.730 53170.828 0.00 15340239872.00
2013/12/24 53458.648 53804.262 53413.320 53769.281 0.00 11513978880.00
2013/12/27 53675.012 54009.969 53656.328 53917.020 0.00 12513306624.00
2013/12/30 54172.891 54209.609 53766.340 53920.809 0.00 15438112768.00
2013/12/31 54114.660 54190.980 53983.281 54063.520 0.00 10268420096.00
2014/01/02 54403.031 54441.469 53756.230 54141.578 0.00 14723248128.00
2014/01/03 53580.059 53580.059 52848.059 52928.922 0.00 25090074624.00
2014/01/06 52733.031 52790.141 52350.141 52620.109 0.00 20176304128.00
2014/01/07 52631.930 52895.449 52528.309 52686.512 0.00 22449637376.00
2014/01/08 52969.590 53425.129 52839.738 53344.871 0.00 28091394048.00
2014/01/09 53179.340 53457.109 52677.828 52859.461 0.00 24399863808.00
2014/01/10 52740.211 53195.520 52719.129 52996.121 0.00 20841160704.00
2014/01/13 53460.449 53508.980 52801.262 53094.750 0.00 17397653504.00
2014/01/14 52512.020 53081.379 52512.020 52868.621 0.00 16840444928.00
2014/01/15 53319.801 53376.148 52951.441 53125.461 0.00 16368138240.00
2014/01/16 53550.281 53550.281 53206.039 53321.262 0.00 20100286464.00
2014/01/17 53117.281 53963.820 53002.730 53662.102 0.00 25200185344.00
2014/01/20 53464.430 53559.789 53085.141 53187.969 0.00 20691206144.00
2014/01/21 53447.520 53676.730 53321.398 53429.609 0.00 21001893888.00
2014/01/22 53247.859 53630.230 53152.488 53543.570 0.00 25239785472.00
2014/01/23 53543.031 53570.488 52709.262 52735.520 0.00 26428297216.00
2014/01/24 52244.969 52563.430 52043.820 52077.078 0.00 28980187136.00
2014/01/27 51077.398 51135.691 50756.422 50977.648 0.00 35547566080.00
2014/01/28 51062.109 51084.449 50783.031 50941.789 0.00 29135400960.00
2014/01/29 51292.051 51549.691 51288.102 51361.590 0.00 28429242368.00
2014/01/30 50632.559 51154.090 50444.430 51115.262 0.00 23412160512.00
2014/02/04 50016.371 50127.469 49614.859 49636.109 0.00 35395215360.00
2014/02/05 50023.762 50023.762 49172.199 49338.289 0.00 29635651584.00
2014/02/06 49457.820 49735.000 49355.988 49694.941 0.00 25343662080.00
2014/02/07 49868.828 50345.762 49827.078 50190.711 0.00 26366679040.00
2014/02/10 50213.672 50308.980 49930.809 50057.109 0.00 24478973952.00
2014/02/11 50189.199 51121.770 50189.199 50976.469 0.00 25838718976.00
2014/02/12 51196.320 51777.852 51086.910 51725.719 0.00 28875384832.00
2014/02/13 51753.359 51753.359 51290.320 51446.590 0.00 21557133312.00
2014/02/14 51950.699 52020.371 51628.191 51755.012 0.00 18680113152.00
2014/02/17 52137.961 52421.770 52137.961 52306.320 0.00 18967099392.00
2014/02/18 52304.602 52437.262 52077.559 52426.500 0.00 16744286208.00
2014/02/19 52456.398 52706.609 52302.262 52604.762 0.00 19259250688.00
2014/02/20 52445.512 52786.262 51753.711 51977.059 0.00 31446845440.00
2014/02/21 52495.922 52532.262 52089.180 52381.281 0.00 22440538112.00
2014/02/24 52400.102 52400.102 51666.148 51964.238 0.00 20545742848.00
2014/02/25 52219.250 52266.641 51665.309 51798.629 0.00 23980199936.00
2014/02/26 51753.191 52229.789 51663.301 52077.711 0.00 24119476224.00
2014/02/27 52143.898 53072.930 52066.191 52984.621 0.00 30197166080.00
2014/02/28 53251.031 53352.539 52709.211 53005.000 0.00 27402057728.00
2014/03/03 52526.422 52801.141 52193.270 52224.461 0.00 25009090560.00
2014/03/04 52320.770 52882.020 52302.039 52588.762 0.00 20763039744.00
2014/03/05 53010.730 53010.730 52292.148 52408.078 0.00 21730830336.00
2014/03/06 52435.699 52843.352 52435.680 52700.801 0.00 19930845184.00
2014/03/07 52760.141 52973.430 52471.121 52602.199 0.00 20773488640.00
2014/03/10 51868.801 51982.672 51560.879 51695.852 0.00 24237318144.00
2014/03/11 51625.461 51898.000 51540.621 51706.719 0.00 18767972352.00
2014/03/12 51282.219 51282.219 50942.578 51009.539 0.00 27860264960.00
2014/03/13 51063.059 51343.500 50649.352 50679.031 0.00 24225038336.00
2014/03/14 50346.828 50390.230 49998.371 50177.750 0.00 29302042624.00
2014/03/17 50072.621 50168.898 49906.430 50025.051 0.00 20171505664.00
2014/03/18 50200.398 50334.961 50014.020 50280.262 0.00 24095614976.00
2014/03/19 50284.031 50352.551 50051.988 50245.762 0.00 21409898496.00
2014/03/20 49742.121 50028.629 49241.539 49345.320 0.00 27279511552.00
2014/03/21 49477.941 50016.578 49321.441 49938.281 0.00 38396157952.00
2014/03/24 50452.781 50940.641 50295.578 50892.828 0.00 32600958976.00
2014/03/25 50723.219 50919.988 50562.691 50626.961 0.00 23550834688.00
2014/03/26 50993.719 51266.000 50936.809 50989.039 0.00 26083440640.00
2014/03/27 51010.750 51080.078 50588.078 50864.871 0.00 37190660096.00
2014/03/28 51088.391 51584.211 51088.391 51403.180 0.00 28281020416.00
2014/03/31 51819.320 51819.320 51351.891 51602.441 0.00 25312980992.00
2014/04/01 51931.520 52319.672 51834.469 52295.441 0.00 24917374976.00
2014/04/02 52645.922 52645.922 52268.230 52472.449 0.00 26728345600.00
2014/04/03 52803.531 52934.398 52489.449 52568.281 0.00 24944132096.00
2014/04/04 52361.340 52639.641 52306.340 52440.148 0.00 23951982592.00
2014/04/07 52222.070 52382.281 52012.262 52130.469 0.00 24447494144.00
2014/04/08 52160.738 52708.371 52020.609 52642.578 0.00 29356113920.00
2014/04/09 52953.320 53437.750 52943.441 53227.672 0.00 32207810560.00
2014/04/10 53476.121 54116.320 52974.211 54028.762 0.00 41009680384.00
2014/04/11 53944.488 54045.500 53467.770 53601.590 0.00 42976591872.00
2014/04/14 53387.648 53805.020 53387.648 53683.531 0.00 23941629952.00
2014/04/15 53719.762 53719.762 52796.840 52827.109 0.00 23403886592.00
2014/04/16 52861.949 53282.191 52725.172 52884.781 0.00 19679275008.00
2014/04/17 53264.078 53264.078 52796.102 53034.449 0.00 16635086848.00
2014/04/22 52951.281 53160.141 52778.199 52979.230 0.00 16786360320.00
2014/04/23 53278.270 53278.270 52439.840 52472.590 0.00 23518578688.00
2014/04/24 52513.961 52626.129 52359.449 52596.531 0.00 17812774912.00
2014/04/25 52512.039 52567.898 51787.422 51810.238 0.00 22213943296.00
2014/04/28 51583.770 51770.051 51524.469 51607.430 0.00 20622252032.00
2014/04/29 51699.648 52404.090 51529.711 52356.762 0.00 28134068224.00
2014/04/30 52385.078 52385.078 51525.410 51610.781 0.00 31793455104.00
2014/05/02 51752.301 52027.570 51648.980 51906.219 0.00 20791967744.00
2014/05/05 51942.102 52149.820 51188.719 51428.500 0.00 17460594688.00
2014/05/07 51260.461 51304.051 50735.809 50890.102 0.00 27603605504.00
2014/05/08 51026.730 51318.730 50871.109 51102.711 0.00 28340596736.00
2014/05/09 51062.500 51309.281 50793.801 51163.250 0.00 20816443392.00
2014/05/12 51307.441 52426.309 51015.602 52103.250 0.00 30086516736.00
2014/05/13 52537.141 52537.141 52186.410 52340.770 0.00 20230797312.00
2014/05/14 52650.129 53071.328 52370.859 52880.262 0.00 25477869568.00
2014/05/15 53217.039 53371.691 52944.059 53227.039 0.00 22397620224.00
2014/05/16 53039.840 53209.770 52829.211 53197.680 0.00 18740133888.00
2014/05/19 53303.801 53303.801 52846.301 53194.289 0.00 16170084352.00
2014/05/20 53344.961 53710.980 53344.961 53524.648 0.00 22610526208.00
2014/05/21 53376.281 53770.852 53221.379 53660.461 0.00 20834529280.00
2014/05/22 53947.859 54208.898 53812.059 53974.879 0.00 24096626688.00
2014/05/23 54120.031 54120.031 53912.828 54015.160 0.00 19071707136.00
2014/05/26 54245.051 54319.191 53876.391 54027.910 0.00 12768249856.00
2014/05/27 54075.180 54149.020 53918.141 54054.410 0.00 13257103360.00
2014/05/28 54276.910 54703.891 54102.551 54409.422 0.00 36493406208.00
2014/05/29 54464.309 54714.078 54145.559 54244.672 0.00 23384674304.00
2014/05/30 54404.551 54649.309 54213.391 54420.730 0.00 29430347776.00
2014/06/03 55021.078 55021.078 54565.461 54935.059 0.00 27650314240.00
2014/06/04 54920.090 54920.090 54511.281 54607.660 0.00 17007777792.00
2014/06/05 54643.238 54726.871 54430.191 54565.320 0.00 16153091072.00
2014/06/06 54862.238 54862.238 54199.469 54200.250 0.00 22241417216.00
2014/06/09 54521.281 54692.871 54442.031 54593.379 0.00 15034162176.00
2014/06/10 54810.820 55174.680 54468.469 55069.551 0.00 24574296064.00
2014/06/11 55001.500 55001.500 54734.539 54945.148 0.00 20983590912.00
2014/06/12 54813.648 55074.219 54665.949 54925.520 0.00 18666160128.00
2014/06/13 54759.898 55466.102 54759.898 55279.770 0.00 19408424960.00
2014/06/16 55246.781 55344.910 55089.148 55250.648 0.00 16553308160.00
2014/06/17 55101.172 55113.160 54838.891 55020.449 0.00 18028607488.00
2014/06/18 54841.730 55247.531 54841.730 54968.590 0.00 17814470656.00
2014/06/19 55308.461 55392.602 54970.480 55077.410 0.00 18694455296.00
2014/06/20 55152.180 55357.441 55053.949 55140.012 0.00 18805348352.00
2014/06/23 55071.539 55614.879 54208.191 54214.629 0.00 27374798848.00
2014/06/24 54478.781 54550.531 54281.441 54394.910 0.00 17226938368.00
2014/06/25 54532.699 54541.352 54281.211 54370.160 0.00 15296820224.00
2014/06/26 54563.102 55170.930 54511.262 55157.500 0.00 21691158528.00
2014/06/27 55135.262 55334.078 54951.109 55213.820 0.00 18320033792.00
2014/06/30 55336.672 55510.340 54592.191 55140.590 0.00 22437203968.00
2014/07/02 55697.922 56294.430 55619.820 56230.602 0.00 31277787136.00
2014/07/03 56289.711 56380.219 56120.750 56236.750 0.00 17560647680.00
2014/07/04 56430.461 56470.660 56188.930 56279.969 0.00 16721777664.00
2014/07/07 56363.719 56389.969 56014.379 56266.969 0.00 15063054336.00
2014/07/08 56301.359 56302.191 56061.910 56268.059 0.00 17078266880.00
2014/07/09 55949.398 55949.398 55276.871 55394.922 0.00 23128956928.00
2014/07/10 55724.539 55724.539 55486.648 55622.910 0.00 15596537856.00
2014/07/11 55447.770 55811.379 55426.941 55609.641 0.00 16132677632.00
2014/07/14 55793.250 56150.648 55705.289 55880.641 0.00 16495585280.00
2014/07/15 56206.551 56239.410 56004.078 56151.789 0.00 19140755456.00
2014/07/16 56224.719 56396.789 56080.410 56303.340 0.00 17065010176.00
2014/07/17 56447.129 56447.129 56060.910 56297.578 0.00 16957638656.00
2014/07/18 55808.328 56152.211 55626.781 56139.422 0.00 14977867776.00
2014/07/21 56210.609 56243.691 55942.781 55977.512 0.00 15317471232.00
2014/07/22 56165.820 56973.289 56064.160 56922.879 0.00 28477423616.00
2014/07/23 57064.359 57386.340 57048.012 57377.070 0.00 28035833856.00
2014/07/24 57637.340 57803.422 57456.961 57783.078 0.00 31291545600.00
2014/07/25 58036.070 58036.070 57657.398 57961.422 0.00 26913923072.00
2014/07/28 58041.020 58643.852 58038.840 58470.320 0.00 29586135040.00
2014/07/29 58704.898 59040.789 58490.609 58977.520 0.00 34273177600.00
2014/07/30 59130.801 59627.801 59024.941 59196.941 0.00 42761535488.00
2014/07/31 59372.949 59583.559 59027.859 59255.910 0.00 31782445056.00
2014/08/01 58866.680 59195.289 58606.980 58718.762 0.00 30050004992.00
2014/08/04 58856.828 59097.359 58780.859 58880.699 0.00 20615780352.00
2014/08/05 59069.852 59069.852 58627.000 58996.012 0.00 20814966784.00
2014/08/06 58781.941 58855.879 58395.602 58842.520 0.00 19515043840.00
2014/08/07 58638.352 58646.660 58317.020 58372.031 0.00 26475810816.00
2014/08/08 58184.570 58629.590 57906.488 58242.762 0.00 22747607040.00
2014/08/11 58726.121 59056.441 58624.820 58995.852 0.00 20246362112.00
2014/08/12 59063.988 59119.281 58785.891 59113.891 0.00 18679115776.00
2014/08/13 59202.070 59635.121 58926.680 59594.969 0.00 24363438080.00
2014/08/14 59604.191 59772.371 59191.629 59381.949 0.00 28483530752.00
2014/08/15 59785.039 59882.230 59552.770 59749.648 0.00 26197651456.00
2014/08/18 59733.031 59817.648 59305.398 59761.430 0.00 24753250304.00
2014/08/19 59992.078 60364.930 59665.621 60177.469 0.00 26620135424.00
2014/08/20 60338.680 60418.020 60098.262 60345.422 0.00 25796939776.00
2014/08/21 60303.660 60303.660 59713.301 59948.109 0.00 25512280064.00
2014/08/22 60235.031 60281.078 60024.461 60231.430 0.00 19726508032.00
2014/08/25 60088.910 60552.352 59841.570 60369.441 0.00 19916996608.00
2014/08/26 60323.480 60420.781 60134.531 60147.770 0.00 20778788864.00
2014/08/27 60297.711 60360.539 59695.488 59780.148 0.00 23693029376.00
2014/08/28 60119.359 60119.359 59215.480 59364.000 0.00 28816351232.00
2014/08/29 59381.250 59539.809 59099.590 59366.551 0.00 29966397440.00
2014/09/01 59281.141 59731.148 59262.988 59397.160 0.00 21701750784.00
2014/09/02 59279.090 59560.199 58982.621 59397.309 0.00 23820609536.00
2014/09/03 59487.031 60780.941 59404.672 60763.629 0.00 39288565760.00
2014/09/04 60713.520 60940.680 60533.148 60784.359 0.00 29955057664.00
2014/09/05 60927.961 60927.961 60483.500 60648.238 0.00 29610713088.00
2014/09/08 60783.078 60783.078 60256.621 60536.422 0.00 20386390016.00
2014/09/10 60017.520 60017.520 59324.781 59382.879 0.00 28274337792.00
2014/09/11 59459.801 59655.301 59190.609 59365.711 0.00 22567616512.00
2014/09/12 59266.328 59461.891 58947.969 59206.461 0.00 18921320448.00
2014/09/15 58788.578 58936.500 58524.121 58660.000 0.00 21057071104.00
2014/09/16 58573.648 58783.578 58089.000 58133.340 0.00 20636975104.00
2014/09/17 58721.672 58938.391 58623.520 58712.352 0.00 28224636928.00
2014/09/18 58516.520 58516.520 58056.211 58213.230 0.00 22939199488.00
2014/09/19 58617.961 58823.191 58186.699 58549.328 0.00 35190501376.00
2014/09/22 57985.699 58010.840 57689.672 57704.609 0.00 25015535616.00
2014/09/23 57537.289 57849.199 57400.859 57427.621 0.00 23156953088.00
2014/09/24 57313.609 57861.551 57313.609 57633.148 0.00 21462988800.00
2014/09/25 57938.578 57961.809 57230.141 57263.391 0.00 22752208896.00
2014/09/26 56813.898 57140.398 56751.398 57047.230 0.00 22216251392.00
2014/09/29 56376.238 56376.238 55644.461 55965.941 0.00 36471754752.00
2014/09/30 55745.680 55745.680 55065.711 55253.500 0.00 34790400000.00
2014/10/03 54671.898 55771.191 54368.352 55570.520 0.00 44010668032.00
2014/10/06 55544.570 56478.141 55387.602 56174.012 0.00 29775144960.00
2014/10/07 55955.199 56662.648 55920.379 56432.969 0.00 25559298048.00
2014/10/08 55949.281 56304.980 55858.672 56049.441 0.00 18954362880.00
2014/10/09 56526.531 56815.648 56469.949 56702.840 0.00 18802089984.00
2014/10/10 55893.961 55986.961 55586.691 55628.301 0.00 22127796224.00
2014/10/13 55135.500 56072.828 55104.828 55760.441 0.00 22347139072.00
2014/10/14 55571.398 56402.719 55513.281 55530.559 0.00 22023086080.00
2014/10/15 55625.789 55988.488 55397.930 55752.398 0.00 21591488512.00
2014/10/16 55206.578 55512.121 55097.012 55176.320 0.00 22745077760.00
2014/10/17 55183.930 55773.871 55146.949 55470.891 0.00 26660089856.00
2014/10/20 55998.969 56120.988 55547.238 55590.488 0.00 18379659264.00
2014/10/21 55597.941 55979.051 55336.648 55634.621 0.00 15698268160.00
2014/10/22 56145.160 56531.469 55887.410 56394.609 0.00 22948280320.00
2014/10/23 56212.031 56456.141 56032.719 56301.738 0.00 16720939008.00
2014/10/24 56250.359 56348.590 55877.801 56227.000 0.00 15436582912.00
2014/10/27 56170.770 56170.770 55537.031 55851.801 0.00 18923999232.00
2014/10/28 55984.922 56904.949 55984.922 56761.930 0.00 22474772480.00
2014/10/29 57205.000 57571.148 57194.410 57484.750 0.00 29725988864.00
2014/10/30 57537.520 57537.520 56990.570 57200.379 0.00 22120540160.00
2014/10/31 57711.141 58031.422 57559.129 57914.762 0.00 27531317248.00
2014/11/03 58241.488 58241.488 57617.988 57716.648 0.00 18326990848.00
2014/11/04 57556.770 57959.070 57475.031 57546.969 0.00 20862906368.00
2014/11/05 57549.820 57549.820 57009.969 57184.879 0.00 19982114816.00
2014/11/06 57286.578 57378.219 57010.621 57073.129 0.00 16632406016.00
2014/11/07 56972.590 57512.199 56544.340 56834.039 0.00 23333724160.00
2014/11/10 58100.090 58185.488 57204.441 57303.328 0.00 31464349696.00
2014/11/11 57459.500 57754.020 57341.531 57456.770 0.00 36873084928.00
2014/11/12 57637.828 57919.371 57440.949 57770.250 0.00 24441917440.00
2014/11/13 57567.891 58155.750 57558.391 57967.559 0.00 31889440768.00
2014/11/14 58036.148 58167.289 57839.320 58130.320 0.00 24185124864.00
2014/11/17 58674.961 58674.961 57406.090 57429.738 0.00 28492912640.00
2014/11/18 57624.910 57654.148 56693.719 56804.730 0.00 24393705472.00
2014/11/19 56654.922 56911.180 56353.352 56430.969 0.00 22796634112.00
2014/11/20 56497.809 56642.719 56139.602 56373.809 0.00 22440140800.00
2014/11/21 56395.238 56767.840 56269.090 56596.629 0.00 24350793728.00
2014/11/24 57674.102 57802.141 57529.801 57697.820 0.00 40218984448.00
2014/11/25 57572.301 57799.078 57495.871 57578.941 0.00 29204158464.00
2014/11/26 57570.391 58400.020 57488.820 58243.828 0.00 31807348736.00
2014/11/27 58383.621 58524.340 57882.602 57983.672 0.00 25457860608.00
2014/11/28 57930.570 58256.352 57701.910 57943.031 0.00 32211193856.00
2014/12/01 57195.520 57325.379 56327.078 56445.371 0.00 45207162880.00
2014/12/02 56531.852 57461.578 56275.051 57145.949 0.00 38920617984.00
2014/12/03 57391.762 57792.090 56480.391 56600.719 0.00 44036333568.00
2014/12/04 56905.590 57604.820 56668.590 57576.602 0.00 44367503360.00
2014/12/05 57758.320 58391.941 57432.328 57987.500 0.00 56349483008.00
2014/12/08 58254.441 58439.129 58010.461 58096.270 0.00 46308036608.00
2014/12/09 57764.672 57821.711 56531.270 56738.941 0.00 46942535680.00
2014/12/10 56634.711 57151.270 56400.852 56832.398 0.00 31718893568.00
2014/12/11 56216.340 56490.102 55975.141 56320.289 0.00 32387598336.00
2014/12/12 56360.039 56642.621 56120.961 56167.270 0.00 24508973056.00
2014/12/15 55511.711 55728.730 55217.410 55632.531 0.00 23445798912.00
2014/12/16 55268.820 55430.629 54698.090 54769.211 0.00 33889878016.00
2014/12/17 54834.859 54904.629 54429.160 54564.672 0.00 37646245888.00
2014/12/18 55271.309 55408.320 54929.590 55159.871 0.00 36583591936.00
2014/12/19 55947.590 56023.281 55665.180 55847.000 0.00 34803318784.00
2014/12/22 56203.141 56722.191 56203.141 56552.281 0.00 36008181760.00
2014/12/23 56587.961 56762.602 56216.160 56371.398 0.00 23023218688.00
2014/12/24 56266.871 56582.570 56266.871 56409.211 0.00 10775054336.00
2014/12/29 57243.141 57660.922 57243.141 57433.148 0.00 29258622976.00
2014/12/30 57626.289 57626.289 56634.379 56775.828 0.00 23599644672.00
2014/12/31 56726.809 57092.910 56686.801 57026.930 0.00 12673226752.00
2015/01/02 57216.809 57660.922 57100.770 57637.629 0.00 24162492416.00
2015/01/05 57254.379 57978.371 57148.891 57307.852 0.00 34391732224.00
2015/01/06 56809.719 57041.328 56320.191 56737.922 0.00 40043216896.00
2015/01/07 56523.609 57294.309 56367.379 57211.078 0.00 36107395072.00
2015/01/08 57788.711 57840.141 57302.391 57583.789 0.00 31992879104.00
2015/01/09 58101.199 58389.559 57641.680 57787.738 0.00 38142296064.00
2015/01/12 58267.621 58267.621 57751.641 58045.051 0.00 30298636288.00
2015/01/13 57759.422 58595.031 57759.422 58502.891 0.00 28035938304.00
2015/01/14 58648.699 58770.391 58116.949 58253.148 0.00 26567528448.00
2015/01/15 58390.250 58872.578 58151.180 58828.879 0.00 29751990272.00
2015/01/16 58456.680 58592.551 58189.391 58231.211 0.00 33544128512.00
2015/01/19 57911.621 58100.840 56990.738 57349.352 0.00 41498861568.00
2015/01/20 57494.219 57974.621 57372.121 57863.121 0.00 25125507072.00
2015/01/21 58069.070 58882.910 58021.289 58832.898 0.00 31975235584.00
2015/01/22 59140.801 59405.570 59041.648 59243.738 0.00 33379997696.00
2015/01/23 59931.590 60146.270 59736.898 60035.691 0.00 42298523648.00
2015/01/26 60172.781 60195.250 59820.941 60179.328 0.00 27178731520.00
2015/01/27 60385.102 60385.102 59606.422 59931.398 0.00 28183648256.00
2015/01/28 59913.762 60358.070 59712.520 60063.141 0.00 24947656704.00
2015/01/29 59539.828 59766.980 59247.461 59420.609 0.00 29399582720.00
2015/01/30 59844.648 59844.648 59068.379 59206.090 0.00 27880163328.00
2015/02/02 58820.090 59205.520 58764.762 59152.199 0.00 26636728320.00
2015/02/03 59291.719 59436.941 58772.359 59321.410 0.00 25129451520.00
2015/02/04 59794.859 59973.199 59533.309 59623.328 0.00 28556048384.00
2015/02/05 60513.590 60513.590 59534.070 59830.449 0.00 33347969024.00
2015/02/06 60018.172 60018.172 59541.180 59622.430 0.00 23298349056.00
2015/02/09 59260.461 59570.461 59067.020 59239.801 0.00 21423513600.00
2015/02/10 59146.148 59408.961 59020.031 59274.379 0.00 19529172992.00
2015/02/11 59236.980 59331.520 58642.641 58759.461 0.00 23308896256.00
2015/02/12 58910.660 59241.488 58545.020 59018.340 0.00 25925890048.00
2015/02/13 59292.660 59695.941 59257.551 59647.609 0.00 24267671552.00
2015/02/16 59732.051 59862.809 59658.730 59753.891 0.00 16071985152.00
2015/02/17 59578.340 60066.172 59578.340 59894.910 0.00 14913561600.00
2015/02/18 60018.578 60104.941 59946.102 60008.980 0.00 13225460736.00
2015/02/23 60212.352 60212.352 59604.430 60020.281 0.00 20222699520.00
2015/02/24 59875.180 59951.500 59626.781 59810.781 0.00 21787355136.00
2015/02/25 59851.441 60099.090 59669.922 59878.961 0.00 25379997696.00
2015/02/26 59736.578 60414.129 59715.520 60180.730 0.00 30170644480.00
2015/02/27 60182.039 60663.820 59970.391 59990.352 0.00 29114763264.00
2015/03/02 60416.609 60419.191 59736.520 60152.379 0.00 28372615168.00
2015/03/03 60387.270 60387.270 59610.961 59706.070 0.00 27224606720.00
2015/03/04 59595.250 59713.738 59069.199 59132.262 0.00 26226040832.00
2015/03/05 58820.852 59109.078 58478.730 58622.488 0.00 28928862208.00
2015/03/06 58725.988 58867.980 58460.250 58552.109 0.00 25530861568.00
2015/03/09 58124.898 58666.238 57949.570 58465.539 0.00 24176074752.00
2015/03/10 58532.500 58536.672 57851.789 57917.621 0.00 25877575680.00
2015/03/11 57743.449 57968.430 57493.000 57527.270 0.00 24020596736.00
2015/03/12 57516.551 57931.578 57438.660 57731.949 0.00 24283553792.00
2015/03/13 57758.648 58024.879 57714.648 57793.199 0.00 22677583872.00
2015/03/16 57694.422 58176.551 57548.480 58126.801 0.00 21205821440.00
2015/03/17 58507.660 58507.660 57819.121 58010.160 0.00 21515855872.00
2015/03/18 58104.789 58765.289 58104.789 58545.211 0.00 27998015488.00
2015/03/19 59043.969 59467.941 58857.750 59391.871 0.00 36558147584.00
2015/03/20 59267.199 59526.961 59106.930 59164.551 0.00 41544871936.00
2015/03/23 59465.738 59517.680 59267.320 59454.039 0.00 15077154816.00
2015/03/24 59430.191 59443.469 58969.672 59223.680 0.00 26643281920.00
2015/03/25 59250.219 59743.340 59171.070 59535.910 0.00 25998544896.00
2015/03/26 59181.359 59543.340 59078.051 59460.289 0.00 13592768512.00
2015/03/27 59567.949 59588.441 59274.328 59433.871 0.00 22811648000.00
2015/03/30 60019.469 60558.051 60014.762 60329.328 0.00 44833931264.00
2015/03/31 60955.750 60955.750 60380.910 60440.430 0.00 43140943872.00
2015/04/01 60572.250 60921.441 60501.641 60881.852 0.00 29262413824.00
2015/04/02 61201.219 61403.828 61051.320 61350.039 0.00 31307341824.00
2015/04/08 62402.320 63711.602 62236.770 63685.449 0.00 72551014400.00
2015/04/09 65327.328 67777.453 64887.871 65402.852 0.00 98553200640.00
2015/04/10 66444.891 66444.891 65083.328 66199.031 0.00 66706436096.00
2015/04/13 66446.461 68042.750 66276.039 68004.828 0.00 91237654528.00
2015/04/14 67207.352 67757.742 66710.219 66900.758 0.00 73077465088.00
2015/04/15 67232.508 67511.039 66623.797 67051.813 0.00 66798186496.00
2015/04/16 66902.422 67462.492 66690.750 67345.297 0.00 57994424320.00
2015/04/17 67511.711 67902.992 67000.523 67135.109 0.00 50782212096.00
2015/04/20 67420.773 67420.773 65451.809 65779.953 0.00 55896264704.00
2015/04/21 66530.656 67796.031 66530.656 67614.273 0.00 55559733248.00
2015/04/22 67543.430 68094.883 67316.531 67816.633 0.00 48976150528.00
2015/04/23 68254.820 68500.641 67506.156 67563.633 0.00 49379586048.00
2015/04/24 67929.500 68198.953 66990.328 68130.023 0.00 47630016512.00
2015/04/27 68577.148 69410.852 68577.148 69034.688 0.00 56800014336.00
2015/04/28 69070.203 69313.547 68593.773 69056.922 0.00 47701073920.00
2015/04/29 69094.438 69094.438 68484.102 68966.320 0.00 42513448960.00
2015/04/30 68696.289 68766.047 67989.047 68317.117 0.00 45148835840.00
2015/05/04 68582.594 68855.828 68062.563 68321.578 0.00 39413628928.00
2015/05/05 68739.188 68789.992 67044.617 67426.922 0.00 41282846720.00
2015/05/06 67287.383 68153.633 66977.180 67148.453 0.00 43724967936.00
2015/05/07 66970.391 67059.969 66095.023 66295.898 0.00 38481825792.00
2015/05/08 66945.852 67176.883 66483.281 66994.000 0.00 34770354176.00
2015/05/11 67624.906 67625.492 67005.898 67336.211 0.00 30108489728.00
2015/05/12 67239.359 67310.953 66587.320 66614.711 0.00 29537804288.00
2015/05/13 66786.891 66911.648 66100.219 66241.820 0.00 43229544448.00
2015/05/14 66598.281 66602.539 66104.820 66332.406 0.00 28799565824.00
2015/05/15 66767.773 67908.188 66416.469 67649.672 0.00 36502433792.00
2015/05/18 67577.102 67577.102 66709.383 67087.906 0.00 27047084032.00
2015/05/19 67128.281 67538.109 66894.023 67362.938 0.00 27977295872.00
2015/05/20 67525.477 67525.477 66890.141 67120.617 0.00 28466870272.00
2015/05/21 67018.117 67272.477 66740.352 67058.078 0.00 25506148352.00
2015/05/22 67553.711 68327.719 67488.656 68209.570 0.00 38282854400.00
2015/05/26 69365.633 69517.406 68817.703 68847.844 0.00 56493903872.00
2015/05/27 68762.063 68762.063 68195.391 68436.828 0.00 34806460416.00
2015/05/28 68634.328 68634.328 66391.852 66909.008 0.00 57378226176.00
2015/05/29 66772.438 67274.469 66425.430 66835.594 0.00 52218404864.00
2015/06/01 66714.930 67673.391 66395.367 67261.109 0.00 35798253568.00
2015/06/02 66968.531 67284.031 66663.063 66952.133 0.00 30217781248.00
2015/06/03 67604.047 67728.180 67097.930 67460.461 0.00 39260995584.00
2015/06/04 67570.203 68081.969 66223.797 67341.750 0.00 55170600960.00
2015/06/05 67307.953 67573.531 66509.430 66628.711 0.00 39845072896.00
2015/06/08 66357.406 67045.133 66144.750 66770.602 0.00 36575322112.00
2015/06/09 66724.250 66788.453 65931.477 65975.359 0.00 40545636352.00
2015/06/10 66154.430 66311.250 64983.512 65261.500 0.00 38410235904.00
2015/06/11 65890.891 66021.406 65649.422 65816.781 0.00 30638137344.00
2015/06/12 66244.219 66914.211 66011.648 66728.383 0.00 32924831744.00
2015/06/15 66274.977 66363.477 65654.531 65704.156 0.00 23260125184.00
2015/06/16 65571.742 65780.156 64948.910 64982.320 0.00 28082235392.00
2015/06/17 65237.910 65750.570 64956.039 65439.930 0.00 28211554304.00
2015/06/18 65546.039 65759.273 65079.730 65321.238 0.00 24073838592.00
2015/06/19 65788.773 66097.633 65338.512 65482.410 0.00 39526019072.00
2015/06/22 65729.648 66493.797 65625.227 66284.109 0.00 26306451456.00
2015/06/23 66647.219 67335.008 66357.406 67155.781 0.00 34629054464.00
2015/06/24 67312.797 67492.477 67056.008 67331.477 0.00 27509274624.00
2015/06/25 67283.242 67335.727 66770.047 66831.672 0.00 28134240256.00
2015/06/26 66512.438 66512.438 65297.121 65645.289 0.00 39037329408.00
2015/06/29 65565.313 65741.508 63239.059 64101.078 0.00 53383536640.00
2015/06/30 64063.320 65363.180 63919.191 64818.922 0.00 42390347776.00
2015/07/02 65336.012 65336.012 64536.422 64898.672 0.00 42441752576.00
2015/07/03 65065.379 65196.281 64036.379 64359.828 0.00 34294851584.00
2015/07/06 64419.859 64858.328 61126.059 62326.262 0.00 67224592384.00
2015/07/07 62710.230 62827.738 61296.320 61681.719 0.00 53017952256.00
2015/07/08 60288.789 60288.789 56400.281 58079.039 0.00 90674675712.00
2015/07/09 57878.859 60991.309 57625.461 60243.078 0.00 71769841664.00
2015/07/10 60675.590 61780.172 60675.590 61498.891 0.00 56716062720.00
2015/07/13 61025.449 62423.750 60746.020 62295.941 0.00 37812027392.00
2015/07/14 62197.289 62362.488 61511.730 62041.328 0.00 34733228032.00
2015/07/15 62284.672 62284.672 61403.480 61880.410 0.00 27381041152.00
2015/07/16 61683.629 62163.422 61350.371 62144.719 0.00 22386817024.00
2015/07/17 62351.852 63020.660 62196.789 62768.309 0.00 22858391552.00
2015/07/20 63077.109 63077.109 62481.039 62742.461 0.00 19031744512.00
2015/07/21 62801.922 63309.289 62589.051 63067.531 0.00 20021096448.00
2015/07/22 62735.031 62735.031 62181.340 62440.711 0.00 21558106112.00
2015/07/23 62504.730 62980.000 62361.012 62727.738 0.00 20282068992.00
2015/07/24 62434.102 62434.102 61923.488 62060.090 0.00 20721049600.00
2015/07/27 61524.539 61528.988 59981.730 60154.031 0.00 34398187520.00
2015/07/28 59951.328 61624.762 59631.980 60529.449 0.00 34723037184.00
2015/07/29 60841.930 61059.801 60382.551 60814.781 0.00 24125368320.00
2015/07/30 61316.172 61440.371 60465.559 60514.738 0.00 22152241152.00
2015/07/31 60904.621 60929.961 60452.238 60868.422 0.00 23463868416.00
2015/08/03 60613.590 60613.590 59871.051 60312.859 0.00 23923314688.00
2015/08/04 60196.711 60579.520 59834.430 60299.762 0.00 20736165888.00
2015/08/05 60448.441 60734.762 60336.391 60566.680 0.00 18212757504.00
2015/08/06 60600.230 60600.230 60088.828 60223.551 0.00 16739108864.00
2015/08/07 60105.641 60882.340 60105.641 60661.320 0.00 18467233792.00
2015/08/10 60367.809 60785.379 59631.500 60583.891 0.00 21312499712.00
2015/08/11 61029.672 61596.328 60352.352 60543.879 0.00 26922446848.00
2015/08/12 59977.711 60113.828 58885.000 59105.102 0.00 34868109312.00
2015/08/13 59232.031 59722.969 59047.270 59438.219 0.00 30656884736.00
2015/08/14 59527.871 59704.262 59286.191 59369.512 0.00 20194967552.00
2015/08/17 59267.301 59279.602 58659.031 58943.191 0.00 18723960832.00
2015/08/18 59295.180 59462.270 58076.180 58102.469 0.00 22203215872.00
2015/08/19 58300.609 58379.238 57270.262 57342.328 0.00 31777918976.00
2015/08/20 56862.180 57010.941 55962.891 56326.578 0.00 36391739392.00
2015/08/21 55308.211 55678.379 54918.578 55472.500 0.00 42084392960.00
2015/08/24 53483.160 53665.051 52320.988 52605.879 0.00 53562007552.00
2015/08/25 52304.121 54166.180 51674.398 53011.012 0.00 55949955072.00
2015/08/26 53086.250 53710.879 52159.570 52209.852 0.00 41181077504.00
2015/08/27 53889.621 54396.879 53020.230 54087.559 0.00 48035700736.00
2015/08/28 55538.559 55538.559 53460.441 53527.461 0.00 40998264832.00
2015/08/31 53974.809 53974.809 53000.469 53671.559 0.00 33169014784.00
2015/09/01 53726.559 53726.559 52433.922 52470.012 0.00 29766619136.00
2015/09/02 52278.371 52741.930 51461.672 51865.922 0.00 33031999488.00
2015/09/04 52420.852 52460.320 51321.078 51632.219 0.00 27136356352.00
2015/09/07 51319.699 52245.391 51063.191 51072.102 0.00 23632523264.00
2015/09/08 51210.000 53183.180 50932.199 52754.000 0.00 29570146304.00
2015/09/09 53694.660 55173.750 53439.301 54932.289 0.00 41892544512.00
2015/09/10 53825.961 54083.590 53389.320 53564.230 0.00 26661859328.00
2015/09/11 53933.809 54429.891 53342.621 53422.641 0.00 31487244288.00
2015/09/14 53879.840 54086.789 53290.391 53589.102 0.00 19963623424.00
2015/09/15 53515.398 53781.270 53226.141 53335.672 0.00 21745534976.00
2015/09/16 54022.059 54946.121 53716.691 54607.039 0.00 28928116736.00
2015/09/17 55134.520 55210.809 54005.680 54343.660 0.00 31275849728.00
2015/09/18 54343.762 54953.949 54343.762 54626.801 0.00 33624580096.00
2015/09/21 53863.238 54271.012 53804.102 54218.352 0.00 20981682176.00
2015/09/22 54333.059 55124.160 54269.828 54338.641 0.00 23384633344.00
2015/09/23 53678.719 53798.340 52380.070 53113.840 0.00 31461822464.00
2015/09/24 53118.809 53264.199 52492.012 52597.922 0.00 21401403392.00
2015/09/25 52534.121 53152.301 52253.871 52823.160 0.00 23298930688.00
2015/09/29 51309.512 51309.512 50783.180 51253.109 0.00 33033951232.00
2015/09/30 51851.641 52209.340 51570.328 51977.230 0.00 28621156352.00
2015/10/02 52791.680 53683.949 52684.891 53622.340 0.00 34598100992.00
2015/10/05 54681.719 54806.059 54205.309 54491.051 0.00 24560353280.00
2015/10/06 55275.449 55275.449 54153.910 54433.988 0.00 26554304512.00
2015/10/07 54566.410 56169.781 54398.578 56139.789 0.00 39925571584.00
2015/10/08 56321.621 56321.621 55355.250 55738.730 0.00 28946821120.00
2015/10/09 56389.578 56868.109 55953.102 55997.781 0.00 31083175936.00
2015/10/12 56385.578 56797.410 56255.762 56676.309 0.00 26968481792.00
2015/10/13 56543.320 56845.770 56139.730 56350.988 0.00 24594368512.00
2015/10/14 55848.230 56291.250 55742.859 55950.680 0.00 20201416704.00
2015/10/15 56517.930 57198.191 56269.172 57068.340 0.00 29748867072.00
2015/10/16 57680.281 57791.359 57231.410 57515.172 0.00 28203036672.00
2015/10/19 57567.012 57604.539 57138.078 57542.070 0.00 18449111040.00
2015/10/20 57332.578 57497.980 56962.129 57326.648 0.00 18080092160.00
2015/10/22 56911.629 57096.398 56741.879 57035.930 0.00 21134798848.00
2015/10/23 57972.191 57972.191 57641.762 57801.320 0.00 23778990080.00
2015/10/26 58479.629 58479.629 57589.090 57712.199 0.00 21145655296.00
2015/10/27 57563.309 57789.941 57144.070 57787.070 0.00 20689387520.00
2015/10/28 57607.219 57730.949 57240.059 57322.238 0.00 18348331008.00
2015/10/29 57566.840 57566.840 56959.551 56981.070 0.00 24163430400.00
2015/10/30 56895.969 57049.039 56463.250 56531.859 0.00 22235219968.00
2015/11/02 56187.871 56446.359 55764.461 55857.672 0.00 22951575552.00
2015/11/03 56439.750 56674.090 56332.422 56353.051 0.00 21285869568.00
2015/11/04 56775.070 58284.820 56775.070 57564.441 0.00 43030331392.00
2015/11/05 57543.281 57880.801 57332.328 57558.109 0.00 25641074688.00
2015/11/06 57226.180 57247.629 56920.781 57109.129 0.00 20296620032.00
2015/11/09 56824.859 57367.602 56664.398 56758.078 0.00 23109625856.00
2015/11/10 56205.980 56278.961 55791.391 55946.250 0.00 24998578176.00
2015/11/11 55927.391 56140.449 55753.219 55822.551 0.00 20298213376.00
2015/11/12 56135.801 57392.930 56079.270 57163.039 0.00 25621755904.00
2015/11/13 56176.988 56240.020 55738.770 55932.371 0.00 24285820928.00
2015/11/16 54864.461 55286.980 54864.461 54995.738 0.00 23292334080.00
2015/11/17 55756.219 56211.340 55578.281 55628.969 0.00 21115514880.00
2015/11/18 55797.660 55842.539 55376.672 55439.090 0.00 16916037632.00
2015/11/19 56027.801 56365.559 56008.109 56218.539 0.00 19012411392.00
2015/11/20 56256.359 56955.172 56010.398 56866.828 0.00 17476157440.00
2015/11/23 56880.148 56986.770 56529.352 56644.859 0.00 15729499136.00
2015/11/24 56480.051 56571.691 56081.121 56466.398 0.00 14743873536.00
2015/11/25 56334.410 56543.621 56090.609 56245.590 0.00 19271661568.00
2015/11/26 56874.602 56969.352 56134.809 56222.941 0.00 16568875008.00
2015/11/27 56389.141 56389.141 55128.102 55171.379 0.00 26403362816.00
2015/11/30 54937.609 55488.711 54768.949 54991.629 0.00 37719683072.00
2015/12/01 55495.102 56194.352 55359.488 55953.949 0.00 28237694976.00
2015/12/02 56186.949 56417.289 55930.191 56207.801 0.00 25554939904.00
2015/12/03 55826.059 56221.648 55826.059 56051.020 0.00 19983437824.00
2015/12/04 55363.660 55614.648 55279.531 55598.148 0.00 26651748352.00
2015/12/07 55849.270 55889.102 55509.789 55516.469 0.00 18327717888.00
2015/12/08 55154.750 55154.750 54422.309 54771.141 0.00 24619016192.00
2015/12/09 54442.672 54689.109 54397.461 54517.660 0.00 19617665024.00
2015/12/10 54293.809 54708.770 54178.512 54269.750 0.00 18993123328.00
2015/12/11 54306.148 54336.711 53609.871 53668.262 0.00 20284248064.00
2015/12/14 52666.180 53453.570 52533.609 53282.699 0.00 22735001600.00
2015/12/15 53046.898 53613.672 53046.898 53194.000 0.00 20448278528.00
2015/12/16 53902.488 54440.219 53902.488 54261.250 0.00 19884480512.00
2015/12/17 54611.012 55021.320 54417.660 54688.449 0.00 21676797952.00
2015/12/18 54149.609 54899.551 54072.750 54397.148 0.00 22692497408.00
2015/12/21 54111.129 54686.340 54111.129 54487.461 0.00 15147523072.00
2015/12/22 54625.539 54684.070 54385.102 54583.328 0.00 11906633728.00
2015/12/23 54681.789 55267.461 54624.480 55109.828 0.00 13969774592.00
2015/12/24 55527.961 55552.039 55330.180 55353.711 0.00 7775059456.00
2015/12/28 55387.738 55387.738 54709.578 54807.371 0.00 9867185152.00
2015/12/29 54816.500 55069.059 54712.590 55007.398 0.00 9700005888.00
2015/12/30 55244.852 55294.789 54678.359 54713.672 0.00 11749443584.00
2015/12/31 54738.930 54934.160 54668.590 54794.309 0.00 6871564800.00
2016/01/04 54464.809 54495.371 53077.078 53325.891 0.00 23832940544.00
2016/01/05 53304.809 53639.988 52747.750 52979.840 0.00 20738170880.00
2016/01/06 52864.602 53007.090 52376.199 52459.988 0.00 20945725440.00
2016/01/07 51939.379 52073.988 50817.629 50841.059 0.00 35898507264.00
2016/01/08 51237.480 51498.871 50819.262 51142.039 0.00 27047337984.00
2016/01/11 50001.129 50179.559 49670.480 49728.789 0.00 28151810048.00
2016/01/12 50082.660 50334.629 49244.941 49286.871 0.00 24210518016.00
2016/01/13 50079.738 50594.621 49634.352 49844.762 0.00 24413374464.00
2016/01/14 48954.719 49742.250 48780.102 49551.039 0.00 24596842496.00
2016/01/15 49461.148 49579.840 48758.340 48809.320 0.00 23354585088.00
2016/01/18 48225.762 48606.090 47996.172 48100.910 0.00 24646291456.00
2016/01/19 48216.238 49126.828 48017.840 49096.980 0.00 25917728768.00
2016/01/20 48337.871 48337.871 47091.828 47222.898 0.00 32373250048.00
2016/01/21 47705.059 48102.961 46342.770 46362.398 0.00 34628485120.00
2016/01/22 47509.180 47889.262 46931.141 47708.512 0.00 30939858944.00
2016/01/25 48360.871 48733.078 48237.102 48357.699 0.00 24530321408.00
2016/01/26 47679.352 47752.430 47036.719 47159.172 0.00 24999213056.00
2016/01/27 48036.941 48049.762 47335.531 47638.352 0.00 25203349504.00
2016/01/28 47741.660 48066.262 47462.750 47996.852 0.00 25133182976.00
2016/01/29 47853.301 49282.441 47833.719 49215.230 0.00 31978172416.00
2016/02/01 49434.898 49434.898 48618.020 48996.180 0.00 22725888000.00
2016/02/02 48694.559 49078.871 48516.090 48624.480 0.00 22356051968.00
2016/02/03 47284.391 47589.012 46919.180 47486.191 0.00 30982891520.00
2016/02/04 48001.840 48372.070 47941.359 47983.660 0.00 22392901632.00
2016/02/05 48244.469 48520.930 48101.000 48246.500 0.00 17081811968.00
2016/02/11 46242.320 46593.961 46141.352 46389.578 0.00 29337636864.00
2016/02/12 45721.719 46230.820 45721.719 45823.719 0.00 24908220416.00
2016/02/15 46697.410 47368.262 46697.410 47320.930 0.00 23082864640.00
2016/02/16 47560.059 48177.719 47462.160 47831.059 0.00 21804244992.00
2016/02/17 48021.430 48297.469 47298.238 47337.031 0.00 19733905408.00
2016/02/18 48549.289 48617.281 48191.621 48433.898 0.00 22530945024.00
2016/02/19 48122.090 48381.230 48052.602 48239.828 0.00 15413328896.00
2016/02/22 48461.801 48838.828 48461.801 48686.551 0.00 18571786240.00
2016/02/23 48793.738 48826.039 48346.809 48563.219 0.00 17122428928.00
2016/02/24 48231.930 48428.191 47676.180 48007.078 0.00 17552121856.00
2016/02/25 48064.711 48064.711 47194.762 47247.422 0.00 19079428096.00
2016/02/26 47975.828 48618.078 47832.281 48436.578 0.00 21847609344.00
2016/02/29 48441.609 48470.512 47660.211 47805.672 0.00 17676183552.00
2016/03/01 48176.012 48576.250 47796.590 48544.891 0.00 21105371136.00
2016/03/02 49502.898 50178.211 49492.262 50041.551 0.00 34233866240.00
2016/03/03 50384.801 50384.801 49656.180 50032.922 0.00 22977574912.00
2016/03/04 50309.770 50681.801 50122.422 50622.379 0.00 25329633280.00
2016/03/07 50979.191 51043.461 50450.828 50611.730 0.00 24440332288.00
2016/03/08 50545.449 50559.578 49969.621 50242.859 0.00 17863657472.00
2016/03/09 49959.551 50227.359 49757.891 50204.391 0.00 17164318720.00
2016/03/10 50364.648 50688.129 50033.461 50186.352 0.00 17491636224.00
2016/03/11 49996.781 50846.070 49878.609 50747.789 0.00 23505827840.00
2016/03/14 51179.898 51532.730 51072.602 51340.059 0.00 27832049664.00
2016/03/15 50995.391 51167.262 50885.949 50971.820 0.00 17496807424.00
2016/03/16 51100.262 51209.051 50670.262 50893.750 0.00 16805730304.00
2016/03/17 51703.629 51802.320 51340.828 51512.070 0.00 24106057728.00
2016/03/18 51751.699 51974.750 51540.121 51933.699 0.00 35055673344.00
2016/03/21 52101.070 52187.020 51800.371 51965.148 0.00 25887469568.00
2016/03/22 52168.430 52168.430 51695.441 51921.422 0.00 21922211840.00
2016/03/23 51827.590 51988.578 51536.691 51791.988 0.00 20162875392.00
2016/03/24 51378.602 51500.980 50920.961 51114.609 0.00 21774454784.00
2016/03/29 51216.898 51216.898 50874.801 51166.609 0.00 20202582016.00
2016/03/30 51616.660 52308.281 51605.691 52264.719 0.00 27853125632.00
2016/03/31 52284.988 52438.469 51977.891 52197.660 0.00 23964207104.00
2016/04/01 52235.551 52235.551 51404.328 51513.672 0.00 21465182208.00
2016/04/05 51043.590 51043.590 50553.578 50704.691 0.00 24604942336.00
2016/04/06 50513.641 50890.199 50513.641 50781.711 0.00 18288523264.00
2016/04/07 51010.781 51193.480 50678.898 50930.941 0.00 19922903040.00
2016/04/08 50419.789 51195.980 50379.250 51195.879 0.00 17639585792.00
2016/04/11 50907.949 51649.629 50869.871 51372.828 0.00 16376554496.00
2016/04/12 51372.621 51638.289 51289.930 51532.762 0.00 14492393472.00
2016/04/13 52134.809 53220.648 52078.430 53189.031 0.00 36245889024.00
2016/04/14 53937.891 54074.820 53459.262 53639.250 0.00 31142465536.00
2016/04/15 53731.859 53853.559 53378.590 53585.609 0.00 19163846656.00
2016/04/18 53116.051 53222.441 52797.020 53196.039 0.00 17617774592.00
2016/04/19 53891.422 53943.980 53441.539 53886.590 0.00 20806139904.00
2016/04/20 53928.359 53928.359 53049.840 53384.102 0.00 23311579136.00
2016/04/21 53811.672 54385.680 53623.621 54354.281 0.00 26658635776.00
2016/04/22 53916.629 54036.379 53691.340 53964.109 0.00 20346038272.00
2016/04/25 53817.102 53872.430 53429.719 53555.359 0.00 17654804480.00
2016/04/26 53745.352 53845.648 52993.371 53813.852 0.00 19269705728.00
2016/04/27 53726.031 53902.449 53486.488 53699.059 0.00 18020909056.00
2016/04/28 54019.199 54434.262 53432.129 53765.480 0.00 25655986176.00
2016/04/29 53331.020 53381.781 52849.801 52958.602 0.00 20644493312.00
2016/05/03 52980.551 52980.551 51990.949 52012.512 0.00 24922499072.00
2016/05/04 51709.539 51769.609 51344.570 51632.391 0.00 21392168960.00
2016/05/05 51224.949 51654.852 51171.852 51441.180 0.00 18660927488.00
2016/05/06 51208.840 51260.391 50457.520 50586.059 0.00 23693043712.00
2016/05/09 51013.750 51072.328 50626.059 50704.121 0.00 15910288384.00
2016/05/10 50279.320 51115.602 50279.320 50985.180 0.00 17552975872.00
2016/05/11 51249.859 51249.859 50396.422 50513.211 0.00 17673299968.00
2016/05/12 50627.078 50627.078 50030.449 50161.020 0.00 17428756480.00
2016/05/13 49979.738 50076.512 49352.891 49666.922 0.00 24936441856.00
2016/05/16 49648.000 50370.840 49633.238 50081.672 0.00 19586379776.00
2016/05/17 50388.301 50787.961 50036.520 50719.969 0.00 20346009600.00
2016/05/18 50133.051 50288.051 49847.512 50042.160 0.00 18659981312.00
2016/05/19 49877.199 50038.570 49666.660 49787.961 0.00 19814649856.00
2016/05/20 49686.730 50503.262 49686.730 50244.770 0.00 17233219584.00
2016/05/23 50089.398 50511.871 49994.449 50142.301 0.00 13912451072.00
2016/05/24 50190.359 50297.031 49898.379 50196.461 0.00 14949971968.00
2016/05/25 51022.500 51586.730 51022.500 51557.340 0.00 25751891968.00
2016/05/26 51571.102 51650.199 51258.441 51630.910 0.00 17074095104.00
2016/05/27 51701.512 52195.488 51361.910 52085.680 0.00 23560964096.00
2016/05/30 51951.250 52563.672 51804.871 52218.859 0.00 21746821120.00
2016/05/31 52193.141 53097.852 52193.141 52693.770 0.00 45714161664.00
2016/06/01 52496.441 52931.879 52462.910 52583.699 0.00 22066259968.00
2016/06/02 52662.809 52937.660 52436.738 52889.512 0.00 22981474304.00
2016/06/03 53135.090 53371.199 52961.941 53112.680 0.00 25817430016.00
2016/06/06 53181.621 53355.941 52851.488 53331.469 0.00 18967339008.00
2016/06/07 53845.930 54181.828 53680.270 54123.238 0.00 24318652416.00
2016/06/08 54097.660 54245.262 53807.230 54106.828 0.00 21054482432.00
2016/06/10 53983.910 54061.531 53419.422 53482.102 0.00 23571431424.00
2016/06/13 52497.301 52540.730 51946.340 52155.281 0.00 25404303360.00
2016/06/14 52063.141 52218.672 51763.602 51836.289 0.00 19406280704.00
2016/06/15 51274.609 52273.012 51274.609 52054.141 0.00 21601974272.00
2016/06/16 51718.801 51750.641 50901.539 51090.340 0.00 23862177792.00
2016/06/17 51615.090 51711.488 51223.898 51425.781 0.00 24517588992.00
2016/06/20 52076.129 52397.281 51727.930 52293.199 0.00 19725879296.00
2016/06/21 52324.219 52730.711 52309.871 52696.672 0.00 18039263232.00
2016/06/22 52638.898 53375.371 52539.809 53256.559 0.00 23119777792.00
2016/06/23 53439.609 53507.391 53161.301 53454.340 0.00 20163721216.00
2016/06/24 52468.590 53879.129 50366.078 51893.840 0.00 57080791040.00
2016/06/27 51185.641 52073.199 51151.859 51812.289 0.00 26117787648.00
2016/06/28 50970.719 51732.629 50970.719 51671.828 0.00 25748406272.00
2016/06/29 51970.910 52586.609 51970.910 52534.012 0.00 24272156672.00
2016/06/30 53307.070 53541.461 52992.941 53454.930 0.00 29671434240.00
2016/07/04 53899.914 54410.316 53573.879 54135.719 0.00 27080030208.00
2016/07/05 53793.773 53861.813 53324.840 53359.711 0.00 17305397248.00
2016/07/06 52651.742 52869.445 52211.996 52702.891 0.00 21098950656.00
2016/07/07 52989.316 53309.309 52912.328 53247.078 0.00 14636113920.00
2016/07/08 53030.871 53089.398 52634.102 52880.031 0.00 15977464832.00
2016/07/11 53887.230 53942.988 53601.289 53705.461 0.00 23264937984.00
2016/07/12 54133.539 54662.609 53902.879 54590.852 0.00 27011794944.00
2016/07/13 54930.109 55147.680 54732.398 54841.969 0.00 24508194816.00
2016/07/14 54778.109 55508.262 54637.648 55455.891 0.00 23578064896.00
2016/07/15 55527.961 55914.102 55338.320 55708.441 0.00 26201001984.00
2016/07/18 55702.340 56127.039 55597.609 56078.629 0.00 19106588672.00
2016/07/19 55901.559 55987.828 55588.441 55744.309 0.00 17944256512.00
2016/07/20 55675.359 56315.379 55639.660 56282.590 0.00 21345855488.00
2016/07/21 56512.781 56888.941 56361.512 56586.129 0.00 24503447552.00
2016/07/22 56361.180 56515.070 56153.852 56492.949 0.00 16621079552.00
2016/07/25 56769.449 56769.449 56273.328 56567.980 0.00 16524859392.00
2016/07/26 56304.230 57357.789 56304.230 56918.539 0.00 27761037312.00
2016/07/27 57082.051 57297.922 56579.398 57148.102 0.00 26396999680.00
2016/07/28 56929.820 57137.129 56722.488 57033.270 0.00 22047002624.00
2016/07/29 56732.461 56981.449 56152.461 56309.129 0.00 23778643968.00
2016/08/01 56659.672 57259.762 56659.672 56920.719 0.00 25512966144.00
2016/08/03 55928.309 56131.262 55882.172 55917.512 0.00 26770087936.00
2016/08/04 56262.789 56388.988 56044.031 56157.000 0.00 16116603904.00
2016/08/05 56488.340 57085.711 56488.340 56964.301 0.00 17546262528.00
2016/08/08 57422.398 57883.090 57257.500 57861.172 0.00 20757037056.00
2016/08/09 57782.309 57866.289 57624.910 57786.191 0.00 17094855680.00
2016/08/10 57903.199 58178.270 57615.602 57855.180 0.00 21816094720.00
2016/08/11 57730.020 58445.148 57595.078 58163.379 0.00 28614561792.00
2016/08/12 58721.309 58793.129 58502.730 58664.699 0.00 30008545280.00
2016/08/15 58660.379 59202.809 58660.379 59091.422 0.00 30255865856.00
2016/08/16 59286.160 59483.102 58857.309 59035.570 0.00 28665978880.00
2016/08/17 59253.762 59341.289 58687.801 58749.410 0.00 29915850752.00
2016/08/18 59385.641 59764.961 59203.770 59325.012 0.00 34801209344.00
2016/08/19 59668.230 59668.230 58951.352 59110.250 0.00 27857905664.00
2016/08/22 59124.309 59288.289 58740.031 59269.609 0.00 21066412032.00
2016/08/23 59108.328 59292.559 58919.820 59292.559 0.00 18199570432.00
2016/08/24 59322.730 59388.320 58528.641 58833.289 0.00 20805928960.00
2016/08/25 58840.789 58981.629 58636.160 58824.590 0.00 9667988480.00
2016/08/26 58864.012 59302.852 58864.012 59076.289 0.00 19418773504.00
2016/08/29 59062.520 59110.172 58697.711 58848.852 0.00 17078624256.00
2016/08/30 59171.281 59502.500 59051.879 59354.449 0.00 21555625984.00
2016/08/31 59424.020 59475.781 59157.859 59253.301 0.00 26181566464.00
2016/09/01 59120.840 59884.781 58982.078 59805.539 0.00 28151541760.00
2016/09/02 59800.441 60186.430 59789.539 60083.699 0.00 33829294080.00
2016/09/05 60899.789 61189.359 60781.102 61088.980 0.00 29113399296.00
2016/09/06 61176.129 61445.801 60828.102 61445.801 0.00 27203629056.00
2016/09/07 61449.070 61566.672 61217.711 61336.891 0.00 30459064320.00
2016/09/08 61258.969 61839.320 61153.609 61814.539 0.00 29292290048.00
2016/09/09 61871.309 63007.191 61845.340 62323.691 0.00 50154405888.00
2016/09/12 61031.000 61106.891 60241.012 60241.012 0.00 39217577984.00
2016/09/13 60952.719 61181.070 60001.750 60051.602 0.00 27104079872.00
2016/09/14 60081.648 60459.199 59900.949 59991.262 0.00 22368284672.00
2016/09/15 60122.738 60728.898 60011.922 60377.309 0.00 28098754560.00
2016/09/19 60813.762 61174.441 60576.391 60979.031 0.00 30693130240.00
2016/09/20 60832.891 60993.559 60582.039 60928.309 0.00 23148496896.00
2016/09/21 60909.520 61443.340 60685.199 61290.262 0.00 23213907968.00
2016/09/22 61940.621 62299.180 61327.949 61525.320 0.00 33086414848.00
2016/09/23 61727.590 61753.770 61189.059 61338.840 0.00 29652072448.00
2016/09/26 60999.949 61022.398 60278.199 60386.422 0.00 25040195584.00
2016/09/27 60485.109 61236.121 60327.191 61044.148 0.00 24074878976.00
2016/09/28 60743.309 61167.809 60522.430 61167.809 0.00 20737120256.00
2016/09/29 61708.922 61708.922 61137.609 61478.102 0.00 21195984896.00
2016/09/30 60690.359 60817.461 60182.961 60332.621 0.00 26603276288.00
2016/10/03 61253.719 61371.469 60859.770 61076.578 0.00 16736700416.00
2016/10/04 61286.141 61348.531 60906.000 61348.531 0.00 16452389888.00
2016/10/05 61168.469 61757.762 61029.430 61604.578 0.00 18848770048.00
2016/10/06 61788.719 62163.398 61703.371 62029.801 0.00 25641162752.00
2016/10/07 62020.602 62020.602 61557.531 61769.059 0.00 18604615680.00
2016/10/11 62188.641 62319.828 60705.340 60986.191 0.00 33974161408.00
2016/10/12 60565.102 60714.648 60256.172 60617.230 0.00 24678666240.00
2016/10/13 60341.000 60464.238 59578.949 59644.160 0.00 26791008256.00
2016/10/14 59873.750 60387.539 59788.750 60167.289 0.00 21124005888.00
2016/10/17 59989.199 60021.961 59506.148 59660.309 0.00 17802031104.00
2016/10/18 59907.012 60613.270 59907.012 60591.262 0.00 20395247616.00
2016/10/19 60589.738 60723.801 60177.590 60359.672 0.00 16211070976.00
2016/10/20 60721.398 60949.988 60586.199 60622.121 0.00 16300856320.00
2016/10/24 60770.559 61259.328 60262.172 61217.809 0.00 28649660416.00
2016/10/25 61159.738 61288.512 60965.102 61116.738 0.00 18666125312.00
2016/10/26 60678.500 60854.570 60455.691 60495.109 0.00 17016099840.00
2016/10/27 60551.551 60565.641 59657.672 59994.359 0.00 22600957952.00
2016/10/28 59881.488 60060.191 59256.199 59533.910 0.00 22291738624.00
2016/10/31 59251.238 59769.199 59068.320 59481.340 0.00 25158133760.00
2016/11/01 59699.570 60355.809 59699.570 60042.000 0.00 26435452928.00
2016/11/02 59520.586 59548.570 59103.715 59168.949 0.00 17784315904.00
2016/11/03 58904.512 59284.422 58839.559 58839.559 0.00 18112237568.00
2016/11/04 58660.180 59075.441 58598.047 58740.809 0.00 17154295808.00
2016/11/07 58844.836 59323.555 58692.113 59152.750 0.00 26804367360.00
2016/11/08 59621.039 59660.109 59202.012 59433.109 0.00 19211917312.00
2016/11/09 59793.324 59793.324 56963.996 58150.820 0.00 50813194240.00
2016/11/10 59275.543 59456.102 59090.754 59250.559 0.00 29514567680.00
2016/11/11 58688.508 58820.426 58222.293 58451.469 0.00 41327833088.00
