2011/07/06 18675.250 18739.500 18472.090 18482.359 0.00 0.00
2011/07/07 18577.490 18682.359 18530.900 18544.820 0.00 0.00
2011/07/08 18711.910 18814.820 18669.971 18716.141 0.00 0.00
2011/07/11 18576.350 18576.350 18268.510 18337.961 0.00 0.00
2011/07/12 18096.490 18096.490 17642.570 17655.230 0.00 0.00
2011/07/13 17832.301 18047.619 17783.381 18039.119 0.00 0.00
2011/07/14 18033.160 18091.520 17866.150 18088.350 0.00 0.00
2011/07/15 18007.301 18133.600 17907.961 17999.010 0.00 0.00
2011/07/18 17881.770 18209.119 17881.770 17987.449 0.00 0.00
2011/07/19 18040.150 18054.920 17773.949 18043.971 0.00 0.00
2011/07/20 18208.789 18237.500 18018.410 18169.740 0.00 0.00
2011/07/21 18216.080 18217.619 17931.961 18081.070 0.00 0.00
2011/07/22 18273.010 18496.270 18272.410 18486.830 0.00 0.00
2011/07/25 18387.750 18387.750 18159.881 18254.789 0.00 0.00
2011/07/26 18235.270 18513.631 18208.461 18495.490 0.00 0.00
2011/07/27 18423.590 18564.820 18352.750 18470.529 0.00 0.00
2011/07/28 18196.631 18367.770 18109.180 18367.619 0.00 0.00
2011/07/29 18306.250 18350.020 18057.930 18156.480 0.00 0.00
2011/08/01 18436.340 18546.820 18390.529 18401.170 0.00 0.00
2011/08/02 18213.830 18253.400 17949.029 18017.289 0.00 0.00
2011/08/03 17615.279 17691.270 17494.410 17618.641 0.00 0.00
2011/08/04 17648.840 17735.619 17317.471 17451.949 0.00 0.00
2011/08/05 16611.020 16806.131 16426.381 16778.561 0.00 0.00
2011/08/08 16375.800 16410.770 15935.510 16307.350 0.00 0.00
2011/08/09 15136.240 16043.480 14905.490 15298.710 0.00 0.00
2011/08/10 15887.790 15960.980 15405.750 15525.180 0.00 0.00
2011/08/11 15141.980 15603.610 15088.560 15411.200 0.00 0.00
2011/08/12 15676.800 15753.560 15307.150 15337.700 0.00 0.00
2011/08/15 15690.160 16072.610 15611.350 16058.950 0.00 0.00
2011/08/16 16108.700 16320.440 15984.450 16062.570 0.00 0.00
2011/08/17 16103.080 16329.160 15970.830 16047.120 0.00 0.00
2011/08/18 15974.730 16105.550 15679.620 15727.750 0.00 0.00
2011/08/19 15275.350 15338.770 15006.500 15080.530 0.00 0.00
2011/08/22 15167.040 15376.300 14674.800 15034.200 0.00 0.00
2011/08/23 15035.950 15548.240 14952.130 15523.050 0.00 0.00
2011/08/24 15448.430 15488.090 15010.590 15048.620 0.00 0.00
2011/08/25 15269.480 15435.440 15207.100 15305.050 0.00 0.00
2011/08/26 15288.720 15538.230 15082.910 15113.110 0.00 0.00
2011/08/29 15416.770 15488.730 15251.300 15424.610 0.00 0.00
2011/08/30 15746.450 16020.750 15628.860 15769.740 0.00 0.00
2011/08/31 15769.370 16082.100 15698.920 16064.790 0.00 0.00
2011/09/01 16306.140 16427.990 16022.930 16034.320 0.00 0.00
2011/09/02 16023.110 16028.070 15628.070 15655.460 0.00 0.00
2011/09/05 15392.470 15392.470 15074.020 15119.220 0.00 0.00
2011/09/06 14968.810 15198.900 14884.080 15189.500 0.00 0.00
2011/09/07 15356.880 15580.350 15253.010 15509.940 0.00 0.00
2011/09/08 15653.690 15653.690 15386.350 15458.190 0.00 0.00
2011/09/09 15524.040 15715.830 15376.080 15412.550 0.00 0.00
2011/09/12 14875.390 14948.920 14628.500 14674.920 0.00 0.00
2011/09/14 14844.270 14916.600 14300.190 14676.390 0.00 0.00
2011/09/15 14851.200 14984.120 14582.810 14798.300 0.00 0.00
2011/09/16 15102.630 15277.610 15055.150 15089.110 0.00 0.00
2011/09/19 14888.630 14888.630 14493.840 14526.390 0.00 0.00
2011/09/20 14613.400 14679.990 14339.800 14598.910 0.00 0.00
2011/09/21 14446.490 14681.210 14322.220 14461.170 0.00 0.00
2011/09/22 13974.010 13999.840 13499.050 13548.430 0.00 0.00
2011/09/23 13291.810 13423.070 13024.200 13298.730 0.00 0.00
2011/09/26 13209.940 13346.880 12624.120 12860.460 0.00 0.00
2011/09/27 13263.580 13689.760 13238.910 13683.180 0.00 0.00
2011/09/28 13488.200 13803.140 13461.970 13658.540 0.00 0.00
2011/09/30 13527.100 13533.030 12994.660 13128.350 0.00 0.00
2011/10/03 12742.300 12750.250 12275.770 12378.840 0.00 0.00
2011/10/04 12295.630 12488.230 11864.020 11928.800 0.00 0.00
2011/10/06 12577.370 12658.970 12427.020 12619.150 0.00 0.00
2011/10/07 12875.700 13179.390 12861.730 13084.430 0.00 0.00
2011/10/10 13153.770 13184.210 12794.900 13057.970 0.00 0.00
2011/10/11 13778.700 13847.630 13502.830 13628.870 0.00 0.00
2011/10/12 13448.500 14004.500 13322.370 13921.110 0.00 0.00
2011/10/13 14147.220 14455.470 14077.060 14431.590 0.00 0.00
2011/10/14 14248.620 14334.600 14008.230 14111.010 0.00 0.00
2011/10/17 14388.760 14579.470 14306.420 14506.320 0.00 0.00
2011/10/18 14026.020 14038.970 13655.340 13751.210 0.00 0.00
2011/10/19 14034.620 14062.650 13830.870 13911.250 0.00 0.00
2011/10/20 13748.840 13748.840 13317.130 13539.580 0.00 0.00
2011/10/21 13565.670 13638.100 13451.980 13573.500 0.00 0.00
2011/10/24 13963.970 14389.440 13928.840 14310.650 0.00 0.00
2011/10/25 14404.340 14548.140 14375.550 14521.710 0.00 0.00
2011/10/26 14293.290 14829.020 14256.660 14800.950 0.00 0.00
2011/10/27 14868.480 15579.910 14868.480 15559.620 0.00 0.00
2011/10/28 15959.460 16123.630 15644.190 15647.080 0.00 0.00
2011/10/31 15700.060 15799.990 15234.630 15481.900 0.00 0.00
2011/11/01 15065.910 15360.050 14941.250 14998.120 0.00 0.00
2011/11/02 14722.380 15385.390 14658.450 15383.020 0.00 0.00
2011/11/03 15082.770 15427.270 15025.970 15160.750 0.00 0.00
2011/11/04 15793.090 15951.560 15695.350 15765.360 0.00 0.00
2011/11/07 15834.980 15981.820 15563.420 15678.880 0.00 0.00
2011/11/08 15872.950 16013.780 15701.940 15736.720 0.00 0.00
2011/11/09 16136.820 16295.350 15996.360 16077.900 0.00 0.00
2011/11/10 15323.880 15441.980 15116.850 15168.500 0.00 0.00
2011/11/11 15399.270 15469.720 15232.040 15359.790 0.00 0.00
2011/11/14 15820.930 15901.270 15770.020 15782.180 0.00 0.00
2011/11/15 15609.650 15742.470 15555.220 15665.790 0.00 0.00
2011/11/16 15790.120 15790.120 15006.270 15215.490 0.00 0.00
2011/11/17 14881.980 15176.210 14881.570 15063.160 0.00 0.00
2011/11/18 14737.310 14751.100 14573.330 14663.710 0.00 0.00
2011/11/21 14416.080 14416.080 14164.160 14322.680 0.00 0.00
2011/11/22 14373.300 14521.690 14086.390 14351.450 0.00 0.00
2011/11/23 14080.450 14093.970 13910.610 13955.000 0.00 0.00
2011/11/24 13797.720 14213.900 13797.720 14087.740 0.00 0.00
2011/11/25 13829.870 13998.930 13802.340 13836.840 0.00 0.00
2011/11/28 14164.240 14238.140 14022.970 14151.900 0.00 0.00
2011/11/29 14226.050 14430.110 14074.690 14305.410 0.00 0.00
2011/11/30 14263.680 14263.680 13899.670 14003.290 0.00 0.00
2011/12/01 14992.030 15218.370 14880.990 15141.720 0.00 0.00
2011/12/02 15137.620 15329.940 14995.050 15242.630 0.00 0.00
2011/12/05 15271.940 15391.180 15123.430 15334.590 0.00 0.00
2011/12/06 15138.120 15197.980 14939.930 15107.180 0.00 0.00
2011/12/07 15286.450 15476.760 15172.830 15440.750 0.00 0.00
2011/12/08 15304.890 15358.510 15134.360 15311.000 0.00 0.00
2011/12/09 14902.120 15058.870 14722.160 14826.810 0.00 0.00
2011/12/12 15096.880 15191.240 14742.230 14816.090 0.00 0.00
2011/12/13 14608.720 14682.130 14546.070 14665.560 0.00 0.00
2011/12/14 14495.180 14703.070 14495.180 14563.930 0.00 0.00
2011/12/15 14330.520 14360.480 14113.910 14255.670 0.00 0.00
2011/12/16 14233.810 14661.000 14233.810 14533.380 0.00 0.00
2011/12/19 14273.190 14357.540 14060.380 14326.700 0.00 0.00
2011/12/20 14333.030 14530.320 14278.050 14345.740 0.00 0.00
2011/12/21 14677.500 14734.540 14544.810 14656.070 0.00 0.00
2011/12/22 14597.300 14651.720 14470.000 14647.100 0.00 0.00
2011/12/23 14883.320 14945.690 14846.950 14924.070 0.00 0.00
2011/12/28 14856.120 14856.120 14632.940 14699.970 0.00 0.00
2011/12/29 14510.770 14706.090 14475.830 14647.040 0.00 0.00
2011/12/30 14742.180 14752.260 14610.110 14635.120 0.00 0.00
2012/01/03 14930.300 15109.490 14895.820 15075.050 0.00 0.00
2012/01/04 15143.580 15143.580 14838.490 14867.730 0.00 0.00
2012/01/05 14853.820 14983.550 14853.820 14936.230 0.00 0.00
2012/01/06 14896.310 14934.370 14644.790 14710.010 0.00 0.00
2012/01/09 14632.970 15089.060 14408.640 15061.270 0.00 0.00
2012/01/10 15151.860 15414.080 15100.380 15337.870 0.00 0.00
2012/01/11 15403.700 15541.260 15297.980 15490.250 0.00 0.00
2012/01/12 15474.250 15636.430 15419.900 15493.400 0.00 0.00
2012/01/13 15665.120 15685.360 15487.400 15666.930 0.00 0.00
2012/01/16 15503.350 15528.150 15428.480 15449.780 0.00 0.00
2012/01/17 15621.080 16159.060 15600.430 16146.190 0.00 0.00
2012/01/18 16119.090 16158.800 15977.450 16131.730 0.00 0.00
2012/01/19 16251.560 16450.930 16238.730 16405.520 0.00 0.00
2012/01/20 16574.721 16574.721 16283.990 16418.039 0.00 0.00
2012/01/26 16781.779 16820.279 16653.400 16815.551 0.00 0.00
2012/01/27 16756.189 16902.900 16705.311 16859.199 0.00 0.00
2012/01/30 16847.471 16847.471 16399.570 16415.990 0.00 0.00
2012/01/31 16604.840 16682.020 16434.359 16642.000 0.00 0.00
2012/02/01 16657.801 16829.840 16531.699 16575.359 0.00 0.00
2012/02/02 16864.551 17082.160 16772.430 17060.910 0.00 0.00
2012/02/03 16999.150 17120.000 16943.680 17093.461 0.00 0.00
2012/02/06 17306.539 17306.539 16917.730 17033.500 0.00 0.00
2012/02/07 17102.170 17151.869 16883.260 16937.641 0.00 0.00
2012/02/08 17056.561 17261.109 16991.189 17241.180 0.00 0.00
2012/02/09 17123.160 17280.211 16954.090 17187.109 0.00 0.00
2012/02/10 17100.039 17143.160 16706.811 16798.381 0.00 0.00
2012/02/13 16711.930 17024.119 16642.119 16890.340 0.00 0.00
2012/02/14 16820.510 16919.420 16713.801 16810.070 0.00 0.00
2012/02/15 16869.320 17241.971 16799.051 17211.529 0.00 0.00
2012/02/16 17071.260 17112.449 16919.350 17051.920 0.00 0.00
2012/02/17 17244.980 17315.369 17117.961 17249.500 0.00 0.00
2012/02/20 17549.439 17550.830 17143.141 17187.641 0.00 0.00
2012/02/21 17211.381 17238.080 16952.859 17217.359 0.00 0.00
2012/02/22 17091.090 17433.910 17075.010 17414.590 0.00 0.00
2012/02/23 17272.891 17385.971 17211.990 17253.600 0.00 0.00
2012/02/24 17305.260 17333.820 17120.590 17217.580 0.00 0.00
2012/02/27 17176.400 17373.439 16843.670 16997.230 0.00 0.00
2012/02/28 17135.051 17333.430 17068.520 17322.830 0.00 0.00
2012/02/29 17383.150 17497.119 17262.740 17419.250 0.00 0.00
2012/03/01 17330.891 17423.881 17035.770 17088.850 0.00 0.00
2012/03/02 17262.471 17322.359 17222.840 17289.561 0.00 0.00
2012/03/05 17251.811 17277.400 16858.100 16894.820 0.00 0.00
2012/03/06 16829.619 16829.619 16357.500 16377.070 0.00 0.00
2012/03/07 16115.270 16353.300 16103.310 16166.910 0.00 0.00
2012/03/08 16276.150 16460.779 16257.140 16449.730 0.00 0.00
2012/03/09 16506.660 16715.260 16504.670 16579.010 0.00 0.00
2012/03/12 16559.131 16689.660 16382.540 16534.270 0.00 0.00
2012/03/13 16671.600 16810.279 16665.561 16726.301 0.00 0.00
2012/03/14 16946.150 17003.260 16604.150 16644.010 0.00 0.00
2012/03/15 16615.449 16626.381 16407.891 16555.869 0.00 0.00
2012/03/16 16501.740 16637.859 16453.939 16520.250 0.00 0.00
2012/03/19 16600.990 16600.990 16233.480 16254.720 0.00 0.00
2012/03/20 16284.120 16284.120 15886.250 16010.960 0.00 0.00
2012/03/21 16036.110 16094.260 15781.810 15871.610 0.00 0.00
2012/03/22 15930.910 16006.070 15807.210 15859.080 0.00 0.00
2012/03/23 15688.430 15761.990 15577.320 15697.930 0.00 0.00
2012/03/26 15680.840 15691.770 15518.120 15599.910 0.00 0.00
2012/03/27 15812.440 15940.300 15804.310 15923.270 0.00 0.00
2012/03/28 15849.220 15875.880 15670.210 15761.700 0.00 0.00
2012/03/29 15557.840 15573.920 15393.380 15513.680 0.00 0.00
2012/03/30 15481.750 15692.320 15462.100 15671.540 0.00 0.00
2012/04/02 15758.730 15784.620 15591.310 15698.930 0.00 0.00
2012/04/03 15860.330 16033.150 15796.730 15994.580 0.00 0.00
2012/04/05 15639.160 15913.720 15616.970 15825.820 0.00 0.00
2012/04/10 15652.600 15761.920 15529.070 15607.840 0.00 0.00
2012/04/11 15400.040 15517.030 15348.960 15470.740 0.00 0.00
2012/04/12 15462.370 15752.030 15462.370 15707.560 0.00 0.00
2012/04/13 16001.180 16155.670 15973.490 16108.600 0.00 0.00
2012/04/16 15927.390 16007.720 15893.060 15972.860 0.00 0.00
2012/04/17 16002.280 16002.280 15716.990 15899.020 0.00 0.00
2012/04/18 16073.500 16154.910 15957.480 16049.670 0.00 0.00
2012/04/19 16031.930 16279.790 16031.930 16271.390 0.00 0.00
2012/04/20 16201.440 16364.280 16147.190 16275.420 0.00 0.00
2012/04/23 16226.960 16226.960 15907.110 15922.400 0.00 0.00
2012/04/24 15930.810 16102.420 15816.030 15932.240 0.00 0.00
2012/04/25 15988.450 16000.120 15860.830 15925.810 0.00 0.00
2012/04/26 16026.100 16105.690 15933.220 16071.270 0.00 0.00
2012/04/27 16204.270 16204.940 15978.780 16061.760 0.00 0.00
2012/04/30 16155.860 16343.510 16155.860 16320.840 0.00 0.00
2012/05/02 16409.221 16530.561 16373.710 16416.529 0.00 0.00
2012/05/03 16217.040 16222.030 16092.450 16182.470 0.00 0.00
2012/05/04 16026.770 16107.740 16006.590 16028.010 0.00 0.00
2012/05/07 15682.800 15720.110 15528.730 15574.710 0.00 0.00
2012/05/08 15655.780 15664.710 15446.090 15503.030 0.00 0.00
2012/05/09 15337.390 15362.040 15186.290 15253.950 0.00 0.00
2012/05/10 15164.000 15292.440 15028.820 15155.520 0.00 0.00
2012/05/11 14978.260 15008.440 14862.360 14939.390 0.00 0.00
2012/05/14 15028.470 15042.080 14678.550 14709.490 0.00 0.00
2012/05/15 14631.640 14872.720 14565.000 14859.190 0.00 0.00
2012/05/16 14594.950 14594.950 14307.690 14354.350 0.00 0.00
2012/05/17 14473.440 14554.120 14296.050 14322.240 0.00 0.00
2012/05/18 14028.700 14165.560 13843.690 14139.620 0.00 0.00
2012/05/21 14141.910 14221.830 14050.040 14147.420 0.00 0.00
2012/05/22 14274.420 14432.610 14254.710 14326.340 0.00 0.00
2012/05/23 14056.260 14175.780 14005.670 14142.190 0.00 0.00
2012/05/24 14138.240 14236.530 14074.380 14108.920 0.00 0.00
2012/05/25 14105.560 14159.750 13944.060 14111.170 0.00 0.00
2012/05/28 14035.960 14327.450 14035.960 14271.680 0.00 0.00
2012/05/29 14266.650 14592.650 14266.650 14591.300 0.00 0.00
2012/05/30 14499.980 14499.980 14242.990 14372.510 0.00 0.00
2012/05/31 14153.090 14414.900 14130.610 14391.770 0.00 0.00
2012/06/01 14252.080 14481.690 14252.080 14308.940 0.00 0.00
2012/06/04 14020.980 14020.980 13843.690 13953.590 0.00 0.00
2012/06/05 14079.120 14125.790 13980.240 13995.500 0.00 0.00
2012/06/06 14164.510 14248.670 14091.080 14229.510 0.00 0.00
2012/06/07 14474.010 14501.280 14232.890 14286.680 0.00 0.00
2012/06/08 14368.640 14368.640 14071.150 14117.840 0.00 0.00
2012/06/11 14496.090 14526.250 14400.790 14452.960 0.00 0.00
2012/06/12 14271.890 14462.570 14257.830 14395.590 0.00 0.00
2012/06/13 14455.220 14608.470 14289.830 14605.700 0.00 0.00
2012/06/14 14618.920 14618.920 14452.710 14477.320 0.00 0.00
2012/06/15 14561.620 14842.850 14561.620 14820.990 0.00 0.00
2012/06/18 15108.690 15108.690 14893.810 14933.860 0.00 0.00
2012/06/19 14960.040 14960.040 14833.710 14920.000 0.00 0.00
2012/06/20 15005.600 15021.370 14896.930 14953.360 0.00 0.00
2012/06/21 14953.640 14958.210 14711.960 14719.040 0.00 0.00
2012/06/22 14476.820 14584.830 14450.990 14476.500 0.00 0.00
2012/06/25 14475.360 14475.360 14254.350 14267.220 0.00 0.00
2012/06/26 14241.610 14336.210 14214.170 14319.420 0.00 0.00
2012/06/27 14300.440 14518.660 14252.020 14417.870 0.00 0.00
2012/06/28 14489.210 14508.130 14193.770 14227.630 0.00 0.00
2012/06/29 14247.420 14640.980 14234.920 14591.710 0.00 0.00
2012/07/03 14734.120 14815.290 14648.900 14800.080 0.00 0.00
2012/07/04 14905.900 14910.240 14751.180 14775.880 0.00 0.00
2012/07/05 14794.770 14869.020 14624.780 14804.020 0.00 0.00
2012/07/06 14747.900 14838.510 14650.630 14768.480 0.00 0.00
2012/07/09 14602.600 14692.220 14389.100 14413.940 0.00 0.00
2012/07/10 14442.980 14442.980 14271.880 14321.500 0.00 0.00
2012/07/11 14181.500 14310.550 14131.380 14301.180 0.00 0.00
2012/07/12 14231.910 14231.910 13973.130 13985.920 0.00 0.00
2012/07/13 14070.910 14192.390 14036.520 14097.110 0.00 0.00
2012/07/16 14204.910 14204.910 14047.260 14069.250 0.00 0.00
2012/07/17 14131.740 14360.160 14131.740 14316.310 0.00 0.00
2012/07/18 14308.650 14309.070 14070.300 14181.830 0.00 0.00
2012/07/19 14329.930 14556.890 14329.930 14522.810 0.00 0.00
2012/07/20 14558.230 14617.130 14487.570 14607.770 0.00 0.00
2012/07/23 14284.450 14284.450 14078.300 14151.520 0.00 0.00
2012/07/24 14179.570 14239.530 14024.870 14068.540 0.00 0.00
2012/07/25 13933.100 14115.250 13922.080 14071.030 0.00 0.00
2012/07/26 14054.200 14138.910 14005.260 14058.900 0.00 0.00
2012/07/27 14272.880 14441.250 14272.880 14345.750 0.00 0.00
2012/07/30 14558.590 14603.740 14448.860 14535.910 0.00 0.00
2012/07/31 14578.370 14795.020 14556.240 14766.140 0.00 0.00
2012/08/01 14668.300 14982.420 14668.300 14900.610 0.00 0.00
2012/08/02 14890.090 14890.090 14699.540 14758.760 0.00 0.00
2012/08/03 14613.250 14747.170 14530.460 14746.210 0.00 0.00
2012/08/06 15024.870 15043.460 14937.030 14978.120 0.00 0.00
2012/08/07 14954.310 15082.980 14924.910 15037.390 0.00 0.00
2012/08/08 15143.930 15148.760 14981.880 15063.410 0.00 0.00
2012/08/09 15092.360 15281.850 15092.360 15207.540 0.00 0.00
2012/08/10 15212.360 15231.030 15024.340 15120.600 0.00 0.00
2012/08/13 15172.350 15172.350 14972.430 14982.250 0.00 0.00
2012/08/14 15123.630 15155.760 14956.120 15136.190 0.00 0.00
2012/08/15 15037.700 15049.290 14889.510 14928.020 0.00 8464770048.00
2012/08/16 14988.610 14988.610 14827.410 14871.100 0.00 7728646144.00
2012/08/17 14972.130 15055.840 14941.560 15007.480 0.00 7880690176.00
2012/08/20 14972.890 14972.890 14809.430 14952.130 0.00 6784159744.00
2012/08/21 14991.150 15061.620 14905.710 14999.580 0.00 8140511232.00
2012/08/22 14895.890 14895.890 14764.790 14805.530 0.00 8882321408.00
2012/08/23 14894.030 15052.560 14894.030 15015.140 0.00 10019085312.00
2012/08/24 14825.060 14856.520 14738.270 14768.880 0.00 8894355456.00
2012/08/27 14850.200 14850.200 14533.940 14570.130 0.00 10618655744.00
2012/08/28 14488.540 14591.280 14450.870 14535.240 0.00 8527171584.00
2012/08/29 14589.220 14589.220 14453.800 14464.060 0.00 8998077440.00
2012/08/30 14359.160 14359.160 14219.810 14266.120 0.00 11906424832.00
2012/08/31 14227.130 14279.420 14161.550 14173.550 0.00 10061817856.00
2012/09/03 14109.560 14301.150 14090.830 14189.510 0.00 9373712384.00
2012/09/04 14168.900 14220.600 14036.740 14049.360 0.00 8600123392.00
2012/09/05 13950.420 13950.420 13786.900 13808.120 0.00 13668624384.00
2012/09/06 13803.140 13906.330 13772.800 13897.890 0.00 10634987520.00
2012/09/07 14120.850 14471.150 14070.250 14447.740 0.00 24110555136.00
2012/09/10 14471.720 14546.160 14369.600 14394.700 0.00 21417304064.00
2012/09/11 14316.560 14406.070 14175.580 14369.380 0.00 11283457024.00
2012/09/12 14485.540 14599.630 14472.510 14540.170 0.00 10785990656.00
2012/09/13 14517.560 14624.640 14496.030 14527.520 0.00 9711575040.00
2012/09/14 14915.440 15102.270 14915.440 15062.580 0.00 22145220608.00
2012/09/17 15146.650 15155.130 14947.500 14988.660 0.00 14491645952.00
2012/09/18 14927.200 14993.230 14798.660 14839.960 0.00 12155018240.00
2012/09/19 14879.360 15143.660 14867.370 15093.070 0.00 14498613248.00
2012/09/20 15097.580 15097.580 14857.140 14876.760 0.00 12498104320.00
2012/09/21 14975.130 15074.600 14933.460 15027.840 0.00 14990997504.00
2012/09/24 14896.240 15032.830 14796.230 14970.710 0.00 8156942336.00
2012/09/25 14963.870 15017.320 14847.520 14936.850 0.00 8509989376.00
2012/09/26 14769.930 14826.090 14692.500 14757.520 0.00 9053832192.00
2012/09/27 14727.040 15059.570 14723.690 14972.560 0.00 13077612544.00
2012/09/28 14936.540 15156.170 14932.630 15069.000 0.00 11692104704.00
2012/10/03 15148.970 15225.470 15007.710 15063.780 0.00 9721000960.00
2012/10/04 15053.690 15116.300 14987.390 15096.240 0.00 7370016768.00
2012/10/05 15195.340 15288.400 15141.490 15275.050 0.00 11117549568.00
2012/10/08 15249.970 15249.970 15070.920 15082.920 0.00 9618100224.00
2012/10/09 15187.340 15426.750 15187.340 15277.900 0.00 13392944128.00
2012/10/10 15191.440 15406.580 15181.170 15391.450 0.00 9785412608.00
2012/10/11 15327.080 15692.740 15327.080 15682.820 0.00 18165850112.00
2012/10/12 15742.710 15961.030 15742.710 15857.690 0.00 18250016768.00
2012/10/15 15907.870 15976.480 15830.940 15903.730 0.00 11951765504.00
2012/10/16 16000.590 16000.590 15812.140 15892.110 0.00 12227995648.00
2012/10/17 16058.020 16120.650 15988.840 16082.190 0.00 15817113600.00
2012/10/18 16151.020 16370.820 16151.020 16304.140 0.00 21684480000.00
2012/10/19 16386.400 16433.430 16326.220 16376.730 0.00 14999840768.00
2012/10/22 16282.430 16494.990 16255.770 16467.461 0.00 12927995904.00
2012/10/24 16339.420 16415.230 16244.130 16307.930 0.00 14194785280.00
2012/10/25 16300.540 16379.610 16162.800 16273.750 0.00 15269728256.00
2012/10/26 16326.760 16342.930 15950.830 16017.910 0.00 13331433472.00
2012/10/29 16049.690 16220.810 15987.640 16166.160 0.00 12312851456.00
2012/10/30 16197.720 16247.870 15968.380 16031.290 0.00 11928092672.00
2012/10/31 16128.670 16225.800 16067.860 16221.060 0.00 13082241024.00
2012/11/01 16124.170 16412.359 16071.730 16403.711 0.00 15772512256.00
2012/11/02 16600.561 16708.420 16569.529 16606.840 0.00 17791922176.00
2012/11/05 16566.500 16675.051 16495.279 16506.520 0.00 10416672768.00
2012/11/06 16582.930 16582.930 16303.040 16454.609 0.00 10616823808.00
2012/11/07 16528.051 16587.730 16300.030 16575.600 0.00 13281056768.00
2012/11/08 16310.060 16413.480 16125.630 16136.870 0.00 13818749952.00
2012/11/09 15978.980 16112.770 15965.000 16026.070 0.00 13173712896.00
2012/11/12 16029.350 16112.770 15977.180 16008.630 0.00 9371942912.00
2012/11/13 15956.420 15970.820 15670.800 15681.500 0.00 11989116928.00
2012/11/14 15757.430 15953.240 15705.110 15950.820 0.00 11171081216.00
2012/11/15 15739.380 15802.730 15621.500 15634.790 0.00 11428569088.00
2012/11/16 15713.440 15758.530 15633.550 15700.860 0.00 9566338048.00
2012/11/19 15736.280 15827.830 15625.360 15773.700 0.00 10309496832.00
2012/11/20 15939.350 15950.540 15656.280 15677.170 0.00 9575317504.00
2012/11/21 15814.640 15942.940 15662.540 15938.510 0.00 10701351936.00
2012/11/22 15983.130 16126.330 15906.790 16083.150 0.00 11549302784.00
2012/11/23 16070.810 16260.940 16070.810 16259.280 0.00 11055646720.00
2012/11/26 16341.250 16341.250 16146.870 16200.150 0.00 9204615168.00
2012/11/27 16284.360 16330.630 16125.760 16137.950 0.00 9447389184.00
2012/11/28 16042.220 16042.220 15850.290 15940.700 0.00 11622247424.00
2012/11/29 16038.830 16176.000 16006.990 16077.040 0.00 10113099776.00
2012/11/30 16099.740 16338.860 16088.400 16283.320 0.00 15915413504.00
2012/12/03 16297.130 16381.770 15972.220 16032.290 0.00 10627449856.00
2012/12/04 16019.660 16149.790 15894.610 16131.900 0.00 10308992000.00
2012/12/05 16159.750 16614.600 16144.420 16601.189 0.00 36801503232.00
2012/12/06 16696.340 16721.750 16578.580 16654.891 0.00 13445659648.00
2012/12/07 16711.750 16889.320 16690.760 16737.930 0.00 18150250496.00
2012/12/10 16888.090 16928.891 16807.891 16852.369 0.00 13917475840.00
2012/12/11 16918.881 16963.609 16798.439 16849.240 0.00 14262999040.00
2012/12/12 16953.400 17111.211 16953.400 17109.369 0.00 16499312640.00
2012/12/13 17098.670 17219.711 16996.910 17080.801 0.00 12948093952.00
2012/12/14 17008.000 17398.891 17008.000 17332.961 0.00 18842431488.00
2012/12/17 17349.520 17453.051 17258.270 17312.561 0.00 15687837696.00
2012/12/18 17364.051 17430.141 17263.369 17324.230 0.00 13707884544.00
2012/12/19 17459.600 17503.109 17377.119 17457.090 0.00 14885138432.00
2012/12/20 17433.850 17452.230 17218.391 17401.980 0.00 14725529600.00
2012/12/21 17291.619 17323.961 17180.779 17212.891 0.00 16427500544.00
2012/12/24 17211.949 17347.471 17211.949 17277.051 0.00 6157131776.00
2012/12/27 17436.061 17548.699 17371.311 17395.930 0.00 9750478848.00
2012/12/28 17526.820 17526.820 17373.369 17441.520 0.00 9438980096.00
2012/12/31 17374.100 17544.881 17345.570 17530.301 0.00 7012403712.00
2013/01/02 17730.109 18243.641 17730.109 18237.721 0.00 22153768960.00
2013/01/03 18361.641 18377.971 18168.820 18375.039 0.00 22600609792.00
2013/01/04 18367.270 18367.270 18129.350 18298.730 0.00 15041533952.00
2013/01/07 18274.631 18388.770 18213.580 18353.330 0.00 14154082304.00
2013/01/08 18256.949 18256.949 17920.740 17956.430 0.00 21992882176.00
2013/01/09 18035.270 18197.000 18023.539 18115.270 0.00 16200034304.00
2013/01/10 18133.961 18413.250 18072.990 18289.561 0.00 19160709120.00
2013/01/11 18404.240 18430.939 18104.570 18153.320 0.00 14890621952.00
2013/01/14 18182.600 18437.500 18182.600 18400.359 0.00 14016976896.00
2013/01/15 18327.520 18538.930 18317.580 18405.051 0.00 12777962496.00
2013/01/16 18346.391 18346.391 18098.480 18252.840 0.00 13435687936.00
2013/01/17 18360.010 18360.010 18029.439 18177.260 0.00 11858075648.00
2013/01/18 18361.141 18566.279 18361.141 18556.641 0.00 18344488960.00
2013/01/21 18526.199 18622.250 18489.090 18587.580 0.00 11081994240.00
2013/01/22 18560.340 18768.850 18488.730 18696.180 0.00 13910063104.00
2013/01/23 18731.230 18735.830 18521.080 18650.131 0.00 14979247104.00
2013/01/24 18525.939 18741.881 18495.750 18541.410 0.00 13782375424.00
2013/01/25 18617.221 18617.221 18276.820 18397.369 0.00 15504656384.00
2013/01/28 18397.480 18579.609 18397.480 18548.020 0.00 13391991808.00
2013/01/29 18506.539 18603.230 18423.529 18513.971 0.00 23696351232.00
2013/01/30 18615.180 18757.230 18603.990 18658.619 0.00 17435029504.00
2013/01/31 18600.711 18618.189 18413.350 18594.779 0.00 15554033664.00
2013/02/01 18586.340 18737.260 18380.189 18724.221 0.00 15766576128.00
2013/02/04 18842.199 18937.590 18573.699 18634.631 0.00 77904986112.00
2013/02/05 18190.289 18322.570 18063.260 18108.561 0.00 23519903744.00
2013/02/06 18236.350 18295.359 18144.961 18163.520 0.00 14294958080.00
2013/02/07 18106.939 18126.619 17861.109 17907.080 0.00 18135523328.00
2013/02/08 17811.311 17917.270 17803.590 17857.760 0.00 16365901824.00
2013/02/14 18025.900 18196.779 17935.689 18120.891 0.00 12751251456.00
2013/02/15 17996.840 18190.430 17982.910 18157.320 0.00 9451880448.00
2013/02/18 18174.670 18203.350 17920.561 17988.730 0.00 10618875904.00
2013/02/19 17955.330 18063.830 17662.670 17667.561 0.00 14555714560.00
2013/02/20 17762.891 17919.850 17695.961 17908.740 0.00 14045289472.00
2013/02/21 17647.141 17651.600 17397.820 17515.070 0.00 18141820928.00
2013/02/22 17441.641 17499.789 17338.211 17347.840 0.00 14404970496.00
2013/02/25 17419.650 17525.340 17332.910 17373.680 0.00 9124754432.00
2013/02/26 17205.760 17314.090 16990.400 17021.289 0.00 14208727040.00
2013/02/27 17124.080 17163.090 16923.770 17082.980 0.00 13184081920.00
2013/02/28 17329.471 17577.391 17236.869 17531.859 0.00 19831891968.00
2013/03/01 17428.410 17551.850 17367.051 17389.410 0.00 17143304192.00
2013/03/04 17350.439 17350.439 16943.859 17022.131 0.00 17435996160.00
2013/03/05 17113.461 17199.080 17012.500 17121.580 0.00 15743329280.00
2013/03/06 17325.010 17470.051 17276.000 17412.090 0.00 16215302144.00
2013/03/07 17366.090 17435.900 17203.020 17339.141 0.00 10513349632.00
2013/03/08 17446.820 17674.609 17446.820 17604.170 0.00 14514721792.00
2013/03/11 17648.061 17710.199 17493.510 17529.779 0.00 10644975616.00
2013/03/12 17540.150 17723.561 17290.600 17309.529 0.00 15272557568.00
2013/03/13 17280.939 17280.939 16873.740 16919.070 0.00 16324243456.00
2013/03/14 16848.490 17074.039 16701.350 17018.010 0.00 16943206400.00
2013/03/15 17036.051 17183.221 16799.660 16893.750 0.00 24232755200.00
2013/03/18 16545.170 16642.150 16435.561 16547.020 0.00 17099390976.00
2013/03/19 16595.770 16716.150 16435.131 16463.240 0.00 13176311808.00
2013/03/20 16464.711 16861.490 16422.119 16829.150 0.00 14703455232.00
2013/03/21 16884.109 17035.430 16727.000 16776.420 0.00 13112357888.00
2013/03/22 16730.990 16817.920 16603.980 16703.029 0.00 11041568768.00
2013/03/25 16918.211 16953.250 16780.369 16828.000 0.00 12423395328.00
2013/03/26 16805.869 16811.381 16607.180 16746.949 0.00 14162599936.00
2013/03/27 16820.131 17054.600 16820.131 16913.240 0.00 14361426944.00
2013/03/28 16802.170 16802.170 16494.699 16702.641 0.00 21446383616.00
2013/04/02 16576.311 16847.801 16505.141 16572.689 0.00 14791678976.00
2013/04/03 16661.141 16661.141 16419.070 16492.000 0.00 12179855360.00
2013/04/05 16428.730 16428.730 15953.760 15986.920 0.00 18419617792.00
2013/04/08 16019.610 16090.090 15960.670 15987.620 0.00 12317392896.00
2013/04/09 16090.030 16388.211 16090.030 16265.070 0.00 13671380992.00
2013/04/10 16377.640 16393.010 16243.940 16393.010 0.00 14308962304.00
2013/04/11 16507.449 16613.180 16354.630 16414.500 0.00 13077263360.00
2013/04/12 16482.131 16482.131 16276.620 16333.920 0.00 9582870528.00
2013/04/15 16219.850 16219.850 15933.400 16004.480 0.00 13730309120.00
2013/04/16 15813.820 16096.920 15772.660 15982.700 0.00 13397729280.00
2013/04/17 16042.340 16042.340 15790.120 15790.120 0.00 14956277760.00
2013/04/18 15622.470 15894.340 15622.470 15737.480 0.00 11116710912.00
2013/04/19 15743.530 16263.040 15743.530 16229.120 0.00 16228114432.00
2013/04/22 16235.400 16320.610 16111.310 16234.390 0.00 11835040768.00
2013/04/23 16259.570 16259.570 15883.110 15980.450 0.00 15123326976.00
2013/04/24 16218.700 16332.500 16110.950 16301.260 0.00 14412642304.00
2013/04/25 16466.270 16608.539 16338.570 16513.381 0.00 17189294080.00
2013/04/26 16680.480 16790.211 16607.119 16607.381 0.00 16403567616.00
2013/04/29 16548.750 16629.150 16415.520 16533.051 0.00 11930185728.00
2013/04/30 16707.580 16805.150 16656.570 16735.971 0.00 13204927488.00
2013/05/02 16612.070 16615.760 16442.881 16594.010 0.00 11799828480.00
2013/05/03 16733.689 16822.221 16594.631 16625.641 0.00 11271810048.00
2013/05/06 16870.600 16974.689 16783.381 16864.439 0.00 12241350656.00
2013/05/07 16856.840 17051.119 16784.400 17038.090 0.00 12912277504.00
2013/05/08 17185.971 17347.699 17082.180 17298.189 0.00 16482625536.00
2013/05/09 17404.580 17412.029 17173.279 17270.820 0.00 11745746944.00
2013/05/10 17268.301 17416.439 17239.480 17394.260 0.00 12067035136.00
2013/05/13 17265.811 17265.811 16993.430 17029.221 0.00 12468008960.00
2013/05/14 17134.641 17149.520 16831.609 16922.270 0.00 11206317056.00
2013/05/15 17013.689 17112.740 16956.119 17006.830 0.00 10606412800.00
2013/05/16 16959.570 17018.080 16803.670 16908.920 0.00 10382706688.00
2013/05/20 17113.711 17266.270 17113.711 17165.270 0.00 13544171520.00
2013/05/21 17084.461 17084.461 16952.311 17006.740 0.00 23105673216.00
2013/05/22 16986.619 17148.029 16829.820 16960.430 0.00 12613568512.00
2013/05/23 16813.721 16906.920 16449.410 16490.350 0.00 19519741952.00
2013/05/24 16555.070 16637.211 16335.340 16452.910 0.00 11544739840.00
2013/05/27 16396.609 16529.910 16388.430 16500.770 0.00 8250411008.00
2013/05/28 16551.061 16782.359 16460.949 16761.070 0.00 10541582336.00
2013/05/29 16703.260 16735.289 16472.340 16524.811 0.00 13427806208.00
2013/05/30 16545.740 16654.600 16238.520 16443.830 0.00 14807820288.00
2013/05/31 16445.619 16462.811 16208.590 16304.190 0.00 18113976320.00
2013/06/03 16222.110 16411.990 16191.390 16225.620 0.00 12311685120.00
2013/06/04 16286.300 16341.030 16183.540 16245.050 0.00 10949126144.00
2013/06/05 16136.380 16171.590 15985.100 16145.910 0.00 11372092416.00
2013/06/06 16007.740 16074.580 15926.470 15979.210 0.00 11748974592.00
2013/06/07 15985.770 16048.130 15774.660 15824.450 0.00 12366473216.00
2013/06/10 15880.460 15954.990 15634.950 15772.330 0.00 10413993984.00
2013/06/11 15667.980 15741.370 15461.800 15511.890 0.00 14331719680.00
2013/06/13 15317.670 15317.670 14927.100 15187.260 0.00 22939252736.00
2013/06/14 15299.480 15387.880 15134.720 15154.530 0.00 16497508352.00
2013/06/17 15241.020 15485.860 15241.020 15366.610 0.00 12800790528.00
2013/06/18 15282.780 15367.530 15149.460 15355.570 0.00 11498626048.00
2013/06/19 15307.610 15321.390 15050.460 15127.800 0.00 13311108096.00
2013/06/20 14898.620 14898.620 14644.710 14657.670 0.00 17627308032.00
2013/06/21 14320.440 14726.840 14304.420 14613.650 0.00 28507023360.00
2013/06/24 14407.510 14457.710 14048.800 14146.690 0.00 18671474688.00
2013/06/25 14090.750 14267.510 13675.630 14040.330 0.00 24982544384.00
2013/06/26 14306.140 14562.020 14183.650 14507.250 0.00 21664409600.00
2013/06/27 14598.180 14842.440 14429.000 14530.810 0.00 18007040000.00
2013/06/28 14649.660 14825.100 14529.730 14792.560 0.00 17912152064.00
2013/07/02 14937.820 14937.820 14580.740 14622.920 0.00 18068289536.00
2013/07/03 14549.790 14549.790 14129.190 14147.610 0.00 18728593408.00
2013/07/04 14271.140 14474.530 14236.760 14344.740 0.00 12120963072.00
2013/07/05 14569.550 14695.360 14548.740 14639.330 0.00 12400592896.00
2013/07/08 14376.590 14513.000 14110.690 14407.190 0.00 12515995648.00
2013/07/09 14414.290 14536.870 14307.600 14389.540 0.00 8480622080.00
2013/07/10 14548.050 14719.370 14365.650 14650.020 0.00 12827015168.00
2013/07/11 14878.200 15300.930 14878.200 15185.030 0.00 19831566336.00
2013/07/12 15264.450 15264.450 14955.450 14997.520 0.00 15934983168.00
2013/07/15 15009.170 15207.410 14951.910 15016.440 0.00 9797181440.00
2013/07/16 15052.860 15070.280 14853.810 14975.020 0.00 8188044288.00
2013/07/17 15031.380 15197.610 14924.610 15072.540 0.00 9932303360.00
2013/07/18 15122.910 15154.130 14996.770 15090.380 0.00 9514604544.00
2013/07/19 15082.530 15089.440 14887.600 15021.130 0.00 10504170496.00
2013/07/22 15116.020 15116.020 14867.900 14967.950 0.00 8869115904.00
2013/07/23 15109.010 15591.940 15109.010 15548.380 0.00 20754124800.00
2013/07/24 15574.460 15574.460 15369.250 15545.750 0.00 12226135040.00
2013/07/25 15505.160 15578.430 15451.540 15507.450 0.00 10483859456.00
2013/07/26 15456.860 15669.660 15420.640 15512.310 0.00 10126476288.00
2013/07/29 15421.350 15433.420 15224.970 15330.110 0.00 9453393920.00
2013/07/30 15373.430 15544.250 15275.380 15375.480 0.00 9141910528.00
2013/07/31 15299.030 15523.150 15299.030 15357.880 0.00 9859766272.00
2013/08/01 15464.130 15563.040 15379.840 15461.860 0.00 8324855296.00
2013/08/02 15626.430 15650.560 15423.550 15479.160 0.00 9225213952.00
2013/08/05 15552.500 15569.000 15456.120 15465.090 0.00 6215800832.00
2013/08/06 15349.340 15378.120 15143.640 15344.980 0.00 8578440704.00
2013/08/07 15191.130 15321.150 14989.560 15020.530 0.00 10351603712.00
2013/08/08 15103.740 15221.980 15060.780 15081.370 0.00 7707201024.00
2013/08/09 15193.190 15285.870 15152.320 15263.930 0.00 8158714368.00
2013/08/12 15278.840 15816.620 15240.380 15786.410 0.00 20196560896.00
2013/08/13 15844.760 16212.630 15768.810 16195.870 0.00 24092198912.00
2013/08/15 16215.850 16389.961 16161.420 16229.570 0.00 20315586560.00
2013/08/16 16103.390 16485.891 15995.190 16250.970 0.00 19000571904.00
2013/08/19 16174.120 16331.970 16108.280 16217.390 0.00 9091628032.00
2013/08/20 16139.930 16278.320 15663.130 15750.980 0.00 15253637120.00
2013/08/21 15776.500 15776.500 15519.430 15673.220 0.00 11299115008.00
2013/08/22 15446.130 15862.380 15446.130 15849.580 0.00 12098289664.00
2013/08/23 15973.000 16058.400 15696.100 15793.270 0.00 12583732224.00
2013/08/26 15888.810 16097.140 15831.820 16020.230 0.00 10990025728.00
2013/08/27 15958.070 16018.110 15785.000 15882.110 0.00 10021840896.00
2013/08/28 15623.130 15699.550 15455.120 15527.470 0.00 15090454528.00
2013/08/29 15662.590 15752.520 15557.510 15663.460 0.00 11949237248.00
2013/08/30 15575.920 15672.300 15485.690 15622.910 0.00 12470856704.00
2013/09/02 15848.660 16008.970 15848.660 15996.370 0.00 14164543488.00
2013/09/03 16114.980 16369.060 16114.980 16308.050 0.00 17103251456.00
2013/09/04 16132.660 16381.420 16075.470 16310.380 0.00 26093625344.00
2013/09/05 16515.391 16586.471 16439.551 16500.240 0.00 15708131328.00
2013/09/06 16455.740 16572.801 16434.211 16492.539 0.00 13089191936.00
2013/09/09 16647.150 16876.600 16647.150 16810.180 0.00 17789521920.00
2013/09/10 17008.930 17097.221 16923.029 17079.609 0.00 20854067200.00
2013/09/11 17182.779 17221.520 16902.439 16986.260 0.00 17110925312.00
2013/09/12 17037.650 17145.641 16964.891 16987.570 0.00 14826547200.00
2013/09/13 16940.439 16940.439 16695.480 16830.119 0.00 13710804992.00
2013/09/16 17092.020 17124.740 16997.160 17097.910 0.00 12740787200.00
2013/09/17 17134.301 17134.301 16932.859 17008.520 0.00 11839506432.00
2013/09/18 17076.131 17076.131 16864.590 16910.109 0.00 9964347392.00
2013/09/19 17285.381 17297.330 17125.529 17200.029 0.00 17862006784.00
2013/09/23 17212.590 17212.590 16984.930 17117.279 0.00 11138070528.00
2013/09/24 17077.381 17094.260 16830.850 16927.910 0.00 12067933184.00
2013/09/25 16962.980 17073.740 16883.461 16926.359 0.00 11105224704.00
2013/09/26 16899.779 16909.230 16744.619 16835.080 0.00 12141805568.00
2013/09/27 16891.250 16903.340 16672.480 16760.529 0.00 12125198336.00
2013/09/30 16569.359 16603.311 16453.820 16475.881 0.00 12380356608.00
2013/10/02 16604.449 16673.859 16472.820 16503.770 0.00 11055513600.00
2013/10/03 16653.779 16809.160 16564.609 16792.789 0.00 8996757504.00
2013/10/04 16639.939 16805.811 16592.789 16797.141 0.00 7911340544.00
2013/10/07 16751.471 16751.471 16529.170 16653.230 0.00 8814219264.00
2013/10/08 16645.600 16884.590 16577.900 16825.350 0.00 9976919040.00
2013/10/09 16662.400 16803.150 16629.279 16778.350 0.00 9446891520.00
2013/10/10 16819.789 16819.789 16503.051 16705.949 0.00 10836017152.00
2013/10/11 16978.650 17018.730 16888.109 16898.520 0.00 11218233344.00
2013/10/15 17095.670 17095.670 16957.949 17042.930 0.00 10733484032.00
2013/10/16 17054.631 17054.631 16872.240 16976.820 0.00 9009084416.00
2013/10/17 17087.510 17087.510 16856.330 16879.279 0.00 11234557952.00
2013/10/18 16978.510 17077.131 16922.471 16999.590 0.00 10888514560.00
2013/10/21 17115.449 17160.490 16964.750 17038.180 0.00 9349497856.00
2013/10/22 16988.090 17032.080 16903.529 17014.590 0.00 8495265792.00
2013/10/23 17125.260 17198.520 16679.590 16701.391 0.00 14439972864.00
2013/10/24 16626.881 16645.980 16441.859 16485.461 0.00 14042286080.00
2013/10/25 16350.530 16429.510 16200.620 16254.990 0.00 14865607680.00
2013/10/28 16325.190 16440.881 16315.140 16383.720 0.00 9877895168.00
2013/10/29 16452.211 16652.980 16452.211 16594.770 0.00 12907913216.00
2013/10/30 16690.439 17003.119 16655.721 16994.561 0.00 15897542656.00
2013/10/31 16826.400 17004.850 16826.400 16972.410 0.00 16307568640.00
2013/11/01 17009.920 17122.850 16930.340 17054.930 0.00 11429525504.00
2013/11/04 17133.721 17164.850 17044.961 17066.711 0.00 8804589568.00
2013/11/05 17125.529 17125.529 16842.971 16988.590 0.00 9899969536.00
2013/11/06 16929.670 16987.840 16829.811 16867.881 0.00 10999720960.00
2013/11/07 16838.250 16838.250 16646.699 16728.551 0.00 8973906944.00
2013/11/08 16576.949 16672.760 16551.490 16595.029 0.00 9351145472.00
2013/11/11 16579.920 16993.980 16461.840 16901.939 0.00 10521476096.00
2013/11/12 16919.711 16983.980 16784.869 16867.949 0.00 9146667008.00
2013/11/13 16693.141 16693.141 16394.199 16412.770 0.00 15220021248.00
2013/11/14 16548.230 16657.789 16471.760 16595.680 0.00 9642328064.00
2013/11/15 16687.680 17117.240 16687.680 17093.279 0.00 18590273536.00
2013/11/18 17545.891 18108.070 17545.891 18058.930 0.00 42959831040.00
2013/11/19 18404.240 18431.961 18041.211 18152.211 0.00 34447745024.00
2013/11/20 18296.100 18434.840 18227.609 18267.189 0.00 18272442368.00
2013/11/21 18218.961 18218.961 17930.070 18100.600 0.00 24639283200.00
2013/11/22 18328.580 18432.279 18189.131 18285.230 0.00 19684208640.00
2013/11/25 18402.520 18402.520 18180.920 18186.971 0.00 16485005312.00
2013/11/26 18156.590 18226.891 18005.471 18050.920 0.00 13463414784.00
2013/11/27 18033.811 18241.680 17982.240 18210.520 0.00 15230375936.00
2013/11/28 18412.660 18488.740 18123.500 18183.891 0.00 14156594176.00
2013/11/29 18275.920 18301.820 18148.199 18273.301 0.00 8392666624.00
2013/12/02 18343.039 18587.930 18215.910 18443.869 0.00 15693315072.00
2013/12/03 18290.330 18360.289 18209.199 18284.600 0.00 13260075008.00
2013/12/04 18086.920 18338.410 17952.551 18157.529 0.00 14570275840.00
2013/12/05 18102.801 18221.311 18013.109 18200.580 0.00 11002206208.00
2013/12/06 18088.301 18293.930 18060.840 18169.320 0.00 14487832576.00
2013/12/09 18426.070 18432.211 18198.400 18259.971 0.00 11944237056.00
2013/12/10 18236.150 18282.400 18129.061 18178.891 0.00 10001997824.00
2013/12/11 18156.820 18156.820 17601.930 17686.609 0.00 17434525696.00
2013/12/12 17576.010 17643.369 17430.881 17508.119 0.00 14343356416.00
2013/12/13 17392.279 17710.939 17335.680 17609.760 0.00 12915102720.00
2013/12/16 17494.061 17554.260 17364.131 17460.359 0.00 11315756032.00
2013/12/17 17594.490 17596.189 17361.600 17399.689 0.00 11386499072.00
2013/12/18 17372.029 17621.070 17315.641 17507.100 0.00 11176783872.00
2013/12/19 17674.020 17705.631 17069.650 17213.820 0.00 15844112384.00
2013/12/20 17179.070 17235.279 16871.740 16975.199 0.00 20292337664.00
2013/12/23 17082.439 17145.480 16944.891 17005.311 0.00 9534986240.00
2013/12/24 17089.000 17338.490 17089.000 17304.090 0.00 6865615360.00
2013/12/27 17167.461 17375.301 17157.650 17297.180 0.00 7560585728.00
2013/12/30 17422.990 17422.990 17131.670 17202.301 0.00 8218897408.00
2013/12/31 17236.721 17358.230 17220.359 17274.891 0.00 5838521344.00
2014/01/02 17339.150 17379.449 16972.740 17104.311 0.00 8919440384.00
2014/01/03 16833.570 16847.711 16592.551 16668.971 0.00 15637592064.00
2014/01/06 16574.689 16591.670 16342.530 16435.449 0.00 13402030080.00
2014/01/07 16364.040 16423.070 16292.410 16348.520 0.00 12948852736.00
2014/01/08 16350.290 16555.910 16289.390 16498.170 0.00 16375930880.00
2014/01/09 16391.801 16557.311 16175.400 16215.460 0.00 14480471040.00
2014/01/10 16130.630 16293.390 16119.180 16234.410 0.00 11810007040.00
2014/01/13 16414.891 16428.910 16182.460 16262.810 0.00 8840373248.00
2014/01/14 16027.440 16302.770 16027.440 16209.720 0.00 12535181312.00
2014/01/15 16398.980 16436.029 16242.270 16293.680 0.00 10450850816.00
2014/01/16 16357.140 16357.140 16174.970 16270.890 0.00 12059242496.00
2014/01/17 16151.470 16410.480 16040.820 16238.560 0.00 15124125696.00
2014/01/20 16091.920 16167.360 15974.570 16035.530 0.00 12618645504.00
2014/01/21 16180.800 16397.320 16172.850 16320.230 0.00 13884414976.00
2014/01/22 16265.980 16545.910 16237.150 16493.221 0.00 13637396480.00
2014/01/23 16523.711 16550.189 16130.240 16146.260 0.00 15053838336.00
2014/01/24 15952.220 16192.820 15946.110 15993.780 0.00 14399801344.00
2014/01/27 15646.010 15732.690 15530.670 15640.120 0.00 18482722816.00
2014/01/28 15705.570 15746.810 15556.880 15594.410 0.00 15328478208.00
2014/01/29 15741.520 15901.390 15741.520 15808.520 0.00 13907767296.00
2014/01/30 15532.090 15686.830 15443.730 15681.290 0.00 9800589312.00
2014/02/04 15238.070 15256.490 15138.190 15188.240 0.00 15885017088.00
2014/02/05 15305.520 15321.100 15055.780 15125.910 0.00 11510244352.00
2014/02/06 15170.240 15296.120 15156.840 15233.060 0.00 10576807936.00
2014/02/07 15336.540 15467.350 15263.430 15405.030 0.00 11266666496.00
2014/02/10 15394.340 15526.890 15330.380 15354.540 0.00 10974451712.00
2014/02/11 15356.380 15831.700 15356.380 15742.760 0.00 16278786048.00
2014/02/12 15854.490 16019.120 15816.250 15966.210 0.00 15145837568.00
2014/02/13 15869.050 15893.830 15706.630 15768.090 0.00 9779658752.00
2014/02/14 15944.270 15968.540 15817.280 15865.560 0.00 8220686336.00
2014/02/17 16039.970 16200.640 16039.970 16133.050 0.00 10079100928.00
2014/02/18 16100.210 16100.210 15965.340 16063.760 0.00 8005380096.00
2014/02/19 16008.730 16139.470 15915.200 16063.270 0.00 10119012352.00
2014/02/20 16090.730 16286.170 15765.200 15936.350 0.00 19620823040.00
2014/02/21 16134.020 16136.400 15800.860 15869.580 0.00 11609997312.00
2014/02/24 15829.060 15829.060 15472.200 15648.540 0.00 12325312512.00
2014/02/25 15796.740 15801.710 15472.840 15557.030 0.00 10098010112.00
2014/02/26 15485.830 15735.990 15424.740 15661.600 0.00 12650569728.00
2014/02/27 15644.350 15941.980 15582.770 15903.950 0.00 14289979392.00
2014/02/28 15943.850 16030.320 15682.560 15797.970 0.00 14757148672.00
2014/03/03 15591.060 15784.160 15530.040 15574.740 0.00 11926777856.00
2014/03/04 15597.800 15729.340 15523.020 15614.870 0.00 10415690752.00
2014/03/05 15735.060 15735.060 15395.060 15431.540 0.00 11309318144.00
2014/03/06 15412.420 15581.440 15386.260 15449.090 0.00 11534610432.00
2014/03/07 15486.760 15619.500 15444.340 15507.400 0.00 12140556288.00
2014/03/10 15300.890 15319.420 15170.200 15231.670 0.00 12914867200.00
2014/03/11 15208.900 15314.690 15173.500 15205.190 0.00 9542140928.00
2014/03/12 15003.780 15018.580 14859.690 14956.440 0.00 14247434240.00
2014/03/13 15015.010 15223.900 14869.510 14890.020 0.00 12049821696.00
2014/03/14 14767.600 14878.700 14705.890 14851.230 0.00 12356628480.00
2014/03/17 14889.720 14947.550 14832.990 14906.140 0.00 8170163200.00
2014/03/18 14963.440 14988.530 14840.520 14920.920 0.00 11198799872.00
2014/03/19 14910.090 14984.250 14809.780 14950.340 0.00 10441957376.00
2014/03/20 14829.670 14954.980 14629.410 14698.580 0.00 14951774208.00
2014/03/21 14760.510 15112.450 14700.340 15056.760 0.00 19159681024.00
2014/03/24 15246.190 15540.950 15146.480 15484.200 0.00 18313048064.00
2014/03/25 15433.310 15619.010 15394.770 15477.650 0.00 11431325696.00
2014/03/26 15642.990 15807.190 15636.380 15731.230 0.00 16223270912.00
2014/03/27 15782.260 15884.760 15604.260 15769.400 0.00 15269552128.00
2014/03/28 15855.380 16061.380 15855.380 15974.290 0.00 16932886528.00
2014/03/31 16124.260 16124.260 15932.890 16091.340 0.00 14995552256.00
2014/04/01 16164.660 16220.950 16029.390 16128.360 0.00 12198782976.00
2014/04/02 16165.500 16172.800 15948.590 16007.860 0.00 12330359808.00
2014/04/03 16200.670 16242.850 16077.020 16121.200 0.00 12070871040.00
2014/04/04 16154.880 16255.610 16072.320 16147.100 0.00 10570795008.00
2014/04/07 16161.620 16278.790 16121.740 16221.960 0.00 9936665600.00
2014/04/08 16257.290 16543.250 16252.800 16485.391 0.00 18008012800.00
2014/04/09 16563.020 16679.359 16458.090 16579.490 0.00 16038299648.00
2014/04/10 16596.461 16915.391 16326.220 16644.289 0.00 27662313472.00
2014/04/11 16519.289 16542.180 16228.340 16336.210 0.00 24514615296.00
2014/04/14 16324.240 16445.730 16235.340 16361.130 0.00 11759336448.00
2014/04/15 16359.640 16359.800 15996.400 16017.290 0.00 12970006528.00
2014/04/16 16007.420 16172.770 15950.190 16028.820 0.00 11237605376.00
2014/04/17 16144.650 16160.270 15998.300 16099.530 0.00 8867784704.00
2014/04/22 15988.540 16055.970 15894.740 16020.470 0.00 10193431552.00
2014/04/23 16108.950 16108.950 15796.580 15820.680 0.00 10297286656.00
2014/04/24 15900.050 15923.830 15788.060 15876.570 0.00 9187465216.00
2014/04/25 15827.820 15897.280 15628.190 15649.900 0.00 12180531200.00
2014/04/28 15654.810 15728.960 15590.710 15604.210 0.00 10593924096.00
2014/04/29 15694.240 15800.290 15491.390 15784.430 0.00 12176352256.00
2014/04/30 15738.640 15741.820 15532.060 15619.570 0.00 14231315456.00
2014/05/02 15583.440 15794.260 15583.440 15655.900 0.00 8913073152.00
2014/05/05 15679.130 15755.550 15454.220 15561.390 0.00 7380569088.00
2014/05/07 15522.010 15562.260 15365.160 15421.280 0.00 11396323328.00
2014/05/08 15499.800 15675.760 15462.960 15548.100 0.00 9824983040.00
2014/05/09 15496.950 15572.290 15420.710 15467.630 0.00 10054354944.00
2014/05/12 15510.450 15793.350 15376.210 15696.450 0.00 13114449920.00
2014/05/13 15782.530 15807.610 15691.650 15748.420 0.00 9127546880.00
2014/05/14 15843.970 16046.950 15771.160 15965.410 0.00 14268879872.00
2014/05/15 15974.890 15995.650 15847.130 15935.590 0.00 9238791168.00
2014/05/16 15814.090 15915.380 15759.680 15910.190 0.00 8483011584.00
2014/05/19 15875.330 15875.330 15689.030 15846.180 0.00 7976657920.00
2014/05/20 15847.880 15943.050 15768.710 15796.520 0.00 10015643648.00
2014/05/21 15779.670 16031.440 15709.130 15974.180 0.00 11292947456.00
2014/05/22 16069.590 16275.740 16059.810 16190.780 0.00 15071514624.00
2014/05/23 16240.600 16267.130 16186.630 16227.020 0.00 10080940032.00
2014/05/26 16310.410 16321.890 16137.140 16235.710 0.00 8053915136.00
2014/05/27 16251.470 16251.470 16104.640 16165.770 0.00 6393267200.00
2014/05/28 16266.830 16461.189 16195.270 16383.560 0.00 13161222144.00
2014/05/29 16423.500 16508.250 16313.590 16364.200 0.00 14186729472.00
2014/05/30 16418.580 16561.199 16363.240 16472.949 0.00 16176230400.00
2014/06/03 16732.699 16732.699 16587.240 16690.641 0.00 16045674496.00
2014/06/04 16701.061 16715.660 16560.910 16622.891 0.00 9172919296.00
2014/06/05 16578.141 16713.760 16538.439 16698.699 0.00 9730113536.00
2014/06/06 16784.830 16792.430 16613.439 16661.490 0.00 12849905664.00
2014/06/09 16727.170 16814.240 16675.170 16767.510 0.00 11222671360.00
2014/06/10 16824.859 16986.711 16773.449 16947.990 0.00 14848272384.00
2014/06/11 16903.961 16951.910 16868.211 16931.561 0.00 10625704960.00
2014/06/12 16888.430 16937.510 16823.240 16925.410 0.00 9675358208.00
2014/06/13 16875.789 17090.881 16875.789 17063.850 0.00 12225214464.00
2014/06/16 17043.891 17156.631 17011.141 17078.061 0.00 11028967424.00
2014/06/17 17056.820 17071.141 16937.850 16988.020 0.00 10787233792.00
2014/06/18 16960.359 17067.510 16918.400 16951.920 0.00 10214594560.00
2014/06/19 17080.910 17118.000 16901.480 16915.789 0.00 10463897600.00
2014/06/20 16978.480 17068.311 16894.400 16984.869 0.00 10502227968.00
2014/06/23 16970.859 17168.561 16667.051 16670.990 0.00 14484543488.00
2014/06/24 16749.561 16815.980 16702.090 16758.410 0.00 10196784128.00
2014/06/25 16796.449 16798.631 16630.529 16688.400 0.00 8499190272.00
2014/06/26 16786.609 16945.721 16770.359 16945.721 0.00 9449922560.00
2014/06/27 16976.039 16983.500 16770.141 16901.680 0.00 9185455104.00
2014/06/30 16937.689 17071.600 16814.609 16946.820 0.00 10561540096.00
2014/07/02 17115.340 17286.619 17057.891 17252.359 0.00 14608256000.00
2014/07/03 17298.840 17394.410 17248.971 17336.980 0.00 10153719808.00
2014/07/04 17437.100 17467.330 17367.359 17395.490 0.00 8709705728.00
2014/07/07 17435.789 17469.020 17336.971 17391.811 0.00 7595212800.00
2014/07/08 17446.061 17454.619 17350.990 17421.070 0.00 8922415104.00
2014/07/09 17373.689 17401.500 17088.420 17149.131 0.00 11029364736.00
2014/07/10 17228.000 17237.930 17128.750 17205.270 0.00 9467465728.00
2014/07/11 17147.279 17260.561 17118.250 17224.320 0.00 7375242240.00
2014/07/14 17303.830 17434.080 17269.260 17356.061 0.00 8297069568.00
2014/07/15 17474.699 17490.141 17333.650 17408.119 0.00 8264725504.00
2014/07/16 17427.881 17476.240 17305.670 17385.279 0.00 10143959040.00
2014/07/17 17437.199 17437.199 17260.350 17371.461 0.00 8882908160.00
2014/07/18 17234.961 17331.170 17150.369 17328.600 0.00 7200653312.00
2014/07/21 17373.539 17373.539 17167.811 17186.699 0.00 7882850816.00
2014/07/22 17279.859 17635.510 17256.789 17600.770 0.00 14672332800.00
2014/07/23 17647.369 17974.881 17646.801 17958.400 0.00 18525245440.00
2014/07/24 18038.250 18186.359 18003.051 18155.670 0.00 20909408256.00
2014/07/25 18213.699 18271.891 18047.971 18244.740 0.00 17070067712.00
2014/07/28 18274.311 18508.080 18274.311 18378.779 0.00 18433472512.00
2014/07/29 18460.119 18493.619 18362.340 18461.100 0.00 21265053696.00
2014/07/30 18486.490 18682.340 18390.859 18456.961 0.00 20862033920.00
2014/07/31 18537.520 18611.430 18326.439 18475.020 0.00 16601005056.00
2014/08/01 18305.920 18382.211 18180.250 18230.100 0.00 14997803008.00
2014/08/04 18344.221 18512.471 18299.801 18406.551 0.00 12897354752.00
2014/08/05 18434.289 18434.289 18184.420 18275.221 0.00 11217873920.00
2014/08/06 18202.359 18231.420 18012.279 18225.580 0.00 10347761664.00
2014/08/07 18190.311 18210.109 18025.609 18054.080 0.00 9581783040.00
2014/08/08 17991.670 18102.250 17779.020 17981.131 0.00 11058653184.00
2014/08/11 18190.100 18342.631 18155.561 18321.779 0.00 9274423296.00
2014/08/12 18399.689 18399.689 18231.119 18365.699 0.00 8377090048.00
2014/08/13 18440.100 18594.320 18274.760 18580.730 0.00 12776278016.00
2014/08/14 18605.119 18605.119 18328.461 18383.570 0.00 12193383424.00
2014/08/15 18451.881 18500.520 18354.561 18431.400 0.00 7985545216.00
2014/08/18 18410.170 18462.609 18193.439 18367.131 0.00 9748520960.00
2014/08/19 18487.500 18487.500 18286.039 18415.910 0.00 9988996096.00
2014/08/20 18426.170 18443.609 18304.260 18351.820 0.00 8434796032.00
2014/08/21 18344.520 18344.520 18059.320 18163.230 0.00 12664539136.00
2014/08/22 18231.971 18367.609 18178.900 18356.311 0.00 9956503552.00
2014/08/25 18302.600 18496.119 18206.090 18451.090 0.00 11748659200.00
2014/08/26 18445.080 18517.230 18411.561 18465.260 0.00 10792403968.00
2014/08/27 18560.770 18634.721 18347.510 18382.250 0.00 13719056384.00
2014/08/28 18454.180 18508.740 18100.289 18145.369 0.00 14608581632.00
2014/08/29 18111.590 18276.199 18067.141 18198.449 0.00 13433228288.00
2014/09/01 18135.631 18240.570 18083.650 18190.529 0.00 11499027456.00
2014/09/02 18155.311 18228.000 17943.051 18202.721 0.00 13471149056.00
2014/09/03 18271.760 18781.000 18233.170 18777.680 0.00 21351587840.00
2014/09/04 18786.199 18963.000 18752.990 18900.240 0.00 18398332928.00
2014/09/05 18989.359 18989.359 18769.680 18870.301 0.00 17446438912.00
2014/09/08 18946.801 18969.131 18827.500 18937.240 0.00 10861515776.00
2014/09/10 18764.119 18764.119 18408.971 18458.930 0.00 14565697536.00
2014/09/11 18489.160 18567.641 18267.449 18348.631 0.00 12387174400.00
2014/09/12 18343.020 18421.609 18240.320 18318.320 0.00 9614590976.00
2014/09/15 18151.240 18188.439 18001.180 18038.910 0.00 12859869184.00
2014/09/16 18006.740 18110.330 17823.971 17844.580 0.00 10900998144.00
2014/09/17 18099.410 18230.490 18075.471 18135.939 0.00 14374971392.00
2014/09/18 18041.869 18041.869 17890.881 17980.150 0.00 11490994176.00
2014/09/19 18067.850 18083.570 17839.660 17953.340 0.00 17665001472.00
2014/09/22 17788.279 17788.279 17577.811 17643.619 0.00 13248553984.00
2014/09/23 17604.480 17763.260 17563.289 17596.170 0.00 11499508736.00
2014/09/24 17562.090 17920.320 17562.090 17842.500 0.00 12119674880.00
2014/09/25 17906.920 17975.289 17660.279 17714.859 0.00 12507762688.00
2014/09/26 17561.760 17687.369 17545.820 17623.500 0.00 10874007552.00
2014/09/29 17398.439 17471.961 17237.010 17382.061 0.00 16259322880.00
2014/09/30 17333.180 17333.180 17113.600 17167.869 0.00 14716643328.00
2014/10/03 17035.211 17350.199 16939.650 17231.359 0.00 16924678144.00
2014/10/06 17180.150 17431.830 17139.721 17333.240 0.00 10979677184.00
2014/10/07 17286.391 17486.699 17286.391 17432.301 0.00 11252570112.00
2014/10/08 17271.090 17391.410 17189.961 17309.449 0.00 9828847616.00
2014/10/09 17413.320 17571.910 17407.580 17456.100 0.00 10104583168.00
2014/10/10 17204.939 17237.680 17079.789 17152.990 0.00 11374020608.00
2014/10/13 17011.869 17223.881 16926.010 17125.410 0.00 10580869120.00
2014/10/14 17072.920 17324.551 17065.029 17075.270 0.00 10129307648.00
2014/10/15 17105.859 17243.311 17041.680 17125.369 0.00 10148277248.00
2014/10/16 16941.850 17120.609 16913.760 16959.980 0.00 10912582656.00
2014/10/17 16957.420 17122.650 16813.119 17040.689 0.00 16349250560.00
2014/10/20 17226.801 17309.490 17125.051 17143.100 0.00 9681689600.00
2014/10/21 17111.141 17280.699 17030.619 17110.561 0.00 7544969216.00
2014/10/22 17257.650 17476.230 17176.529 17361.840 0.00 12275817472.00
2014/10/23 17315.609 17457.939 17283.971 17381.779 0.00 8134792192.00
2014/10/24 17311.320 17399.971 17222.430 17303.141 0.00 9125259264.00
2014/10/27 17295.891 17295.891 17089.480 17169.840 0.00 9596384256.00
2014/10/28 17216.199 17635.980 17216.199 17564.891 0.00 13912678400.00
2014/10/29 17725.520 17907.449 17725.520 17856.811 0.00 17725362176.00
2014/10/30 17855.869 17855.869 17605.920 17698.170 0.00 13700882432.00
2014/10/31 17835.230 17991.920 17807.869 17909.510 0.00 19345889280.00
2014/11/03 17967.490 17969.180 17686.500 17750.391 0.00 10917399552.00
2014/11/04 17752.500 17938.490 17706.311 17862.859 0.00 13500008448.00
2014/11/05 17893.580 17893.580 17574.680 17686.721 0.00 11681005568.00
2014/11/06 17681.680 17695.180 17521.311 17597.939 0.00 7880729600.00
2014/11/07 17595.520 17884.461 17473.801 17549.061 0.00 14017402880.00
2014/11/10 17957.869 17957.869 17661.461 17676.430 0.00 20244652032.00
2014/11/11 17738.381 17936.869 17701.289 17736.760 0.00 21908942848.00
2014/11/12 17771.010 17947.590 17763.160 17866.150 0.00 17033944064.00
2014/11/13 17849.551 18097.010 17849.551 17984.619 0.00 19838441472.00
2014/11/14 17963.529 17963.529 17775.090 17919.020 0.00 14463640576.00
2014/11/17 18107.990 18107.990 17541.650 17573.990 0.00 14689720320.00
2014/11/18 17630.100 17656.910 17307.939 17360.539 0.00 13540007936.00
2014/11/19 17341.600 17470.580 17239.730 17284.699 0.00 10887257088.00
2014/11/20 17310.020 17389.520 17201.971 17283.330 0.00 11446803456.00
2014/11/21 17311.660 17495.189 17226.141 17396.150 0.00 15889723392.00
2014/11/24 17898.340 18092.740 17784.939 18054.961 0.00 30737432576.00
2014/11/25 17966.109 18057.930 17910.910 17955.170 0.00 17762836480.00
2014/11/26 17966.699 18441.920 17915.160 18402.170 0.00 25084866560.00
2014/11/27 18560.350 18694.779 18307.330 18339.770 0.00 21693175808.00
2014/11/28 18307.770 18639.520 18252.061 18558.760 0.00 28985796608.00
2014/12/01 18354.301 18461.779 17943.949 18013.939 0.00 31544741888.00
2014/12/02 18071.330 18648.131 18008.789 18526.119 0.00 29672499200.00
2014/12/03 18685.529 18926.939 18280.061 18416.939 0.00 37216210944.00
2014/12/04 18579.170 19139.760 18473.439 19117.650 0.00 37911601152.00
2014/12/05 19206.330 19584.619 19005.141 19316.561 0.00 50843230208.00
2014/12/08 19388.430 19898.551 19266.020 19771.029 0.00 44272926720.00
2014/12/09 19518.369 19647.551 18776.340 18871.039 0.00 46573166592.00
2014/12/10 18857.670 19119.770 18666.400 18936.850 0.00 28011003904.00
2014/12/11 18636.260 18869.801 18540.051 18742.000 0.00 26871635968.00
2014/12/12 18805.301 18996.010 18697.410 18710.301 0.00 17814464512.00
2014/12/15 18476.141 18691.520 18409.109 18670.760 0.00 16056878080.00
2014/12/16 18526.760 18697.770 18397.160 18544.631 0.00 22271193088.00
2014/12/17 18582.369 18860.449 18504.660 18765.320 0.00 26015770624.00
2014/12/18 19049.279 19117.949 18776.730 18867.381 0.00 27670073344.00
2014/12/19 19071.990 19137.000 18869.160 18983.039 0.00 27771297792.00
2014/12/22 19126.230 19743.900 19126.230 19555.570 0.00 32839743488.00
2014/12/23 19570.500 19808.480 19401.680 19445.211 0.00 21079394304.00
2014/12/24 19410.939 19559.369 19232.891 19245.859 0.00 8679301120.00
2014/12/29 19932.830 20177.740 19921.570 20019.100 0.00 28305152000.00
2014/12/30 20110.010 20110.010 19606.520 19726.539 0.00 22028832768.00
2014/12/31 19786.039 19988.660 19704.230 19960.699 0.00 11261348864.00
2015/01/02 20045.301 20406.520 19994.721 20394.840 0.00 22030639104.00
2015/01/05 20204.221 20653.070 20133.170 20330.480 0.00 29699596288.00
2015/01/06 20140.250 20281.320 19877.211 19970.850 0.00 26616958976.00
2015/01/07 19827.029 20093.320 19771.100 19971.250 0.00 22861879296.00
2015/01/08 20161.410 20236.039 19936.279 20025.750 0.00 21668241408.00
2015/01/09 20200.760 20549.000 20069.400 20121.500 0.00 28238983168.00
2015/01/12 20167.400 20167.400 19785.830 20013.939 0.00 16549446656.00
2015/01/13 19854.471 20214.840 19854.471 20091.160 0.00 14249499648.00
2015/01/14 20202.561 20278.240 19924.131 20000.131 0.00 16642592768.00
2015/01/15 20068.961 20364.730 19860.180 20303.510 0.00 21490262016.00
2015/01/16 20156.461 20214.891 20014.461 20114.010 0.00 23192889344.00
2015/01/19 19763.039 19763.039 18777.439 19113.211 0.00 39141269504.00
2015/01/20 19339.160 19604.779 19200.180 19556.131 0.00 21987979264.00
2015/01/21 19614.609 20085.490 19576.119 20021.699 0.00 20915914752.00
2015/01/22 20138.539 20299.221 20033.480 20064.920 0.00 19759325184.00
2015/01/23 20358.340 20455.119 20274.680 20419.330 0.00 22558005248.00
2015/01/26 20373.369 20381.080 20195.289 20366.189 0.00 13447099392.00
2015/01/27 20436.199 20437.279 20012.439 20036.789 0.00 18749642752.00
2015/01/28 20001.051 20155.199 19892.980 19925.641 0.00 14838270976.00
2015/01/29 19649.029 19737.090 19378.930 19546.650 0.00 20170641408.00
2015/01/30 19687.340 19756.260 19464.660 19520.020 0.00 13852813312.00
2015/02/02 19272.311 19309.000 19120.150 19283.850 0.00 18016894976.00
2015/02/03 19321.900 19610.320 19201.039 19600.760 0.00 15203880960.00
2015/02/04 19779.510 19854.061 19590.391 19598.949 0.00 16337608704.00
2015/02/05 20134.430 20136.840 19537.369 19635.090 0.00 24455741440.00
2015/02/06 19664.699 19668.180 19374.189 19482.080 0.00 14996001792.00
2015/02/09 19307.980 19512.859 19230.520 19398.971 0.00 11791759360.00
2015/02/10 19361.221 19581.391 19321.570 19478.641 0.00 9757068288.00
2015/02/11 19497.051 19592.689 19390.609 19404.949 0.00 10678765568.00
2015/02/12 19476.650 19688.320 19375.461 19625.801 0.00 14595057664.00
2015/02/13 19767.740 19869.500 19680.570 19857.211 0.00 14123501568.00
2015/02/16 19868.430 19921.910 19817.881 19877.211 0.00 10595601408.00
2015/02/17 19819.859 20037.189 19819.859 19983.711 0.00 9768947712.00
2015/02/18 20071.029 20112.289 20011.289 20096.279 0.00 8152615424.00
2015/02/23 20124.949 20124.949 19833.570 20055.301 0.00 10166857728.00
2015/02/24 20052.350 20084.971 19976.699 20063.141 0.00 10235020288.00
2015/02/25 20091.430 20195.279 20000.830 20094.131 0.00 14276586496.00
2015/02/26 20067.930 20401.070 19973.551 20365.510 0.00 20124358656.00
2015/02/27 20356.619 20480.990 20287.490 20295.730 0.00 15094776832.00
2015/03/02 20588.619 20588.619 20303.420 20342.189 0.00 19524911104.00
2015/03/03 20346.990 20346.990 19843.520 19895.000 0.00 16671688704.00
2015/03/04 19853.461 19860.250 19532.260 19550.949 0.00 16167865344.00
2015/03/05 19486.199 19563.910 19226.381 19316.279 0.00 18888697856.00
2015/03/06 19353.170 19450.100 19284.650 19331.529 0.00 13324635136.00
2015/03/09 19174.500 19525.859 19056.381 19446.430 0.00 15026956288.00
2015/03/10 19390.949 19397.660 19138.891 19166.141 0.00 13400466432.00
2015/03/11 19100.180 19302.961 18998.650 19015.770 0.00 14617193472.00
2015/03/12 19078.391 19412.230 19078.391 19263.029 0.00 15009106944.00
2015/03/13 19301.971 19635.850 19291.590 19506.910 0.00 15153094656.00
2015/03/16 19485.971 19720.740 19408.039 19676.039 0.00 12864419840.00
2015/03/17 19784.910 19806.619 19601.471 19716.020 0.00 13977193472.00
2015/03/18 19752.461 20062.561 19732.311 19956.170 0.00 17959452672.00
2015/03/19 20067.600 20221.910 20050.061 20189.730 0.00 19946119168.00
2015/03/20 20225.730 20328.221 20124.561 20246.680 0.00 22992908288.00
2015/03/23 20350.039 20370.420 20233.000 20282.359 0.00 8919323648.00
2015/03/24 20244.869 20244.869 19866.551 19994.561 0.00 17854330880.00
2015/03/25 20014.430 20052.920 19854.381 19934.420 0.00 15346870272.00
2015/03/26 19737.850 19887.170 19643.301 19852.439 0.00 8211465216.00
2015/03/27 19891.869 19923.520 19730.320 19816.461 0.00 15221256192.00
2015/03/30 20239.580 20628.199 20217.631 20496.770 0.00 34169040896.00
2015/03/31 20890.471 20981.119 20540.240 20562.609 0.00 38765731840.00
2015/04/01 20659.529 20953.939 20638.789 20881.039 0.00 23027320832.00
2015/04/02 21061.740 21131.811 20936.350 21090.641 0.00 27611418624.00
2015/04/08 21662.910 22315.939 21595.090 22312.230 0.00 58128187392.00
2015/04/09 23049.029 23950.939 22631.359 22898.131 0.00 71394000896.00
2015/04/10 23356.039 23356.039 22711.250 23296.461 0.00 48582803456.00
2015/04/13 23560.609 24314.100 23530.580 24300.631 0.00 59999752192.00
2015/04/14 23810.109 24300.211 23645.260 23758.270 0.00 57275772928.00
2015/04/15 23905.320 24345.881 23792.449 24103.051 0.00 47348887552.00
2015/04/16 24009.039 24611.320 23907.520 24516.619 0.00 40934391808.00
2015/04/17 24652.119 24886.760 24192.119 24211.061 0.00 40212602880.00
2015/04/20 24385.000 24385.000 23379.109 23502.660 0.00 45496635392.00
2015/04/21 23735.141 24294.980 23721.859 24202.080 0.00 35409121280.00
2015/04/22 24156.600 24534.910 24043.080 24432.680 0.00 34363813888.00
2015/04/23 24588.539 24754.039 24079.211 24113.670 0.00 32044550144.00
2015/04/24 24265.461 24270.820 23530.119 24131.650 0.00 29999638528.00
2015/04/27 24198.859 24676.811 24198.859 24551.699 0.00 34846273536.00
2015/04/28 24565.881 24739.510 24207.461 24507.721 0.00 35894239232.00
2015/04/29 24506.520 24506.520 24077.051 24321.600 0.00 28528101376.00
2015/04/30 24197.500 24253.320 23887.270 24035.250 0.00 29463113728.00
2015/05/04 24187.900 24292.891 23945.471 24081.939 0.00 24673964032.00
2015/05/05 24269.051 24269.051 23265.109 23446.500 0.00 32836993024.00
2015/05/06 23407.391 23952.670 23158.680 23312.811 0.00 34047473664.00
2015/05/07 23144.859 23259.250 22823.500 22931.609 0.00 24814532608.00
2015/05/08 23199.910 23486.160 23025.980 23399.939 0.00 24624746496.00
2015/05/11 23661.949 23721.801 23356.061 23621.990 0.00 20430284800.00
2015/05/12 23566.490 23566.490 23211.539 23272.260 0.00 18907062272.00
2015/05/13 23438.410 23449.369 23015.221 23083.311 0.00 20882653184.00
2015/05/14 23118.270 23142.279 22818.150 22951.250 0.00 18603915264.00
2015/05/15 23086.410 23463.279 22769.080 23340.779 0.00 22204035072.00
2015/05/18 23316.420 23316.420 22951.090 23201.699 0.00 16110682112.00
2015/05/19 23240.539 23753.779 23156.350 23643.570 0.00 22537654272.00
2015/05/20 23779.330 23894.730 23535.760 23738.289 0.00 22174650368.00
2015/05/21 23686.811 23745.570 23488.480 23565.301 0.00 15830290432.00
2015/05/22 23773.859 24080.881 23742.301 24067.561 0.00 23094235136.00
2015/05/26 24870.961 24950.301 24605.801 24682.170 0.00 36246511616.00
2015/05/27 24703.650 24703.650 24389.721 24529.100 0.00 22287013888.00
2015/05/28 24639.490 24639.490 23265.449 23664.301 0.00 39595237376.00
2015/05/29 23518.660 23710.289 23251.600 23532.160 0.00 35366604800.00
2015/06/01 23412.240 24094.730 23204.811 23870.590 0.00 24770390016.00
2015/06/02 23750.350 23829.250 23526.689 23707.301 0.00 18200735744.00
2015/06/03 23677.730 23758.520 23456.439 23588.510 0.00 20841822208.00
2015/06/04 23577.850 24095.631 23046.711 23637.730 0.00 37825757184.00
2015/06/05 23616.590 23793.461 23185.000 23283.881 0.00 30364319744.00
2015/06/08 23201.631 23807.850 23159.750 23617.490 0.00 30025748480.00
2015/06/09 23657.971 23711.740 23091.900 23195.779 0.00 30173554688.00
2015/06/10 23161.600 23352.490 22731.900 22807.311 0.00 25340119040.00
2015/06/11 23080.660 23190.650 22840.590 23021.600 0.00 20636354560.00
2015/06/12 23204.859 23471.150 23139.150 23432.410 0.00 22365552640.00
2015/06/15 23183.820 23219.910 22798.301 22827.090 0.00 16230083584.00
2015/06/16 22727.400 22772.080 22195.211 22207.381 0.00 23101331456.00
2015/06/17 22272.270 22605.211 22082.670 22478.900 0.00 23651231744.00
2015/06/18 22421.090 22492.789 22171.650 22225.100 0.00 17446993920.00
2015/06/19 22399.311 22609.061 22010.859 22096.090 0.00 29954519040.00
2015/06/22 22215.039 22510.330 22174.160 22440.859 0.00 16533190656.00
2015/06/23 22541.740 23034.480 22499.859 22944.350 0.00 27180285952.00
2015/06/24 23065.180 23212.039 22949.949 23097.400 0.00 19816087552.00
2015/06/25 23183.080 23224.391 22781.590 22847.910 0.00 25560727552.00
2015/06/26 22615.520 22666.430 21974.430 22205.100 0.00 33087934464.00
2015/06/29 22249.830 22355.529 21094.410 21653.789 0.00 38404050944.00
2015/06/30 21719.850 22329.189 21568.109 22160.580 0.00 31358523392.00
2015/07/02 22145.750 22178.090 21721.881 21888.711 0.00 30018603008.00
2015/07/03 21986.990 22010.170 21442.801 21587.949 0.00 28071981056.00
2015/07/06 21864.949 22037.920 20366.311 20941.539 0.00 45349597184.00
2015/07/07 21038.881 21038.881 20140.301 20249.619 0.00 40895692800.00
2015/07/08 19607.980 19607.980 18337.721 19016.910 0.00 58514034688.00
2015/07/09 18920.150 20140.189 18678.840 19599.020 0.00 60712464384.00
2015/07/10 19848.820 20523.221 19848.820 20304.770 0.00 44066029568.00
2015/07/13 20193.430 20679.039 20074.801 20553.529 0.00 30092701696.00
2015/07/14 20365.789 20564.330 20017.830 20266.449 0.00 25701515264.00
2015/07/15 20295.381 20378.150 19813.039 20001.109 0.00 20968302592.00
2015/07/16 19803.109 20139.510 19708.250 20117.340 0.00 16263344128.00
2015/07/17 20235.350 20478.779 20146.670 20290.381 0.00 19356917760.00
2015/07/20 20390.600 20403.961 20022.930 20159.859 0.00 13981011968.00
2015/07/21 20155.189 20441.471 19996.100 20327.010 0.00 14025356288.00
2015/07/22 20137.051 20140.010 19864.230 20091.980 0.00 15292461056.00
2015/07/23 20052.641 20376.381 19976.699 20263.539 0.00 13858549760.00
2015/07/24 20120.189 20136.750 19903.010 19997.369 0.00 14226040832.00
2015/07/27 19758.391 19758.391 19082.561 19240.449 0.00 24471531520.00
2015/07/28 19178.830 19572.990 18876.689 19141.721 0.00 23853256704.00
2015/07/29 19330.010 19423.881 19094.109 19314.150 0.00 16242620416.00
2015/07/30 19499.080 19499.080 19039.830 19080.539 0.00 15353305088.00
2015/07/31 19195.631 19229.500 18950.180 19070.859 0.00 14187734016.00
2015/08/03 18971.230 18971.230 18646.369 18862.340 0.00 14929334272.00
2015/08/04 18789.961 19089.920 18706.680 18973.631 0.00 12899040256.00
2015/08/05 19002.369 19212.080 18975.561 19060.859 0.00 11142654976.00
2015/08/06 19051.859 19121.279 18847.529 19005.061 0.00 11775760384.00
2015/08/07 19029.900 19419.730 19029.900 19235.779 0.00 13030128640.00
2015/08/10 19157.461 19513.520 18979.260 19344.939 0.00 14072944640.00
2015/08/11 19551.891 19839.000 19197.820 19298.641 0.00 17856270336.00
2015/08/12 19026.949 19163.680 18758.930 18918.570 0.00 17846296576.00
2015/08/13 18993.910 19227.891 18858.010 18983.900 0.00 14481080320.00
2015/08/14 19075.609 19135.631 18880.051 18948.150 0.00 9296422912.00
2015/08/17 18818.131 18840.109 18537.561 18780.580 0.00 11219348480.00
2015/08/18 18916.221 19023.830 18323.980 18451.311 0.00 13316400128.00
2015/08/19 18445.711 18594.420 18066.801 18232.350 0.00 16434651136.00
2015/08/20 18023.990 18086.551 17596.439 17822.000 0.00 19393138688.00
2015/08/21 17383.740 17550.660 17227.150 17466.230 0.00 20503244800.00
2015/08/24 16784.939 16858.500 16086.930 16450.711 0.00 31766269952.00
2015/08/25 16421.949 16908.961 15899.710 16299.520 0.00 31080828928.00
2015/08/26 16421.910 16764.670 16068.180 16151.990 0.00 25010538496.00
2015/08/27 16764.141 17022.109 16477.740 16898.400 0.00 28918552576.00
2015/08/28 17338.750 17338.750 16670.020 16705.000 0.00 25596940288.00
2015/08/31 16820.939 16826.680 16378.210 16689.039 0.00 21960620032.00
2015/09/01 16659.240 16659.240 16132.210 16196.830 0.00 17591965696.00
2015/09/02 16062.130 16364.190 15732.800 15935.080 0.00 21486278656.00
2015/09/04 15968.120 16088.850 15519.140 15709.390 0.00 16282529792.00
2015/09/07 15606.920 16119.030 15589.400 15603.340 0.00 13302464512.00
2015/09/08 15658.240 16436.590 15626.410 16248.270 0.00 20152565760.00
2015/09/09 16621.900 17201.170 16535.850 17098.520 0.00 27591643136.00
2015/09/10 16659.830 16902.590 16557.590 16774.279 0.00 16637779968.00
2015/09/11 16894.670 17138.660 16639.539 16668.150 0.00 20115406848.00
2015/09/14 16795.539 16926.391 16519.670 16704.180 0.00 12544845824.00
2015/09/15 16755.660 16826.660 16601.770 16662.189 0.00 10359644160.00
2015/09/16 16920.020 17262.410 16742.051 17006.350 0.00 18587490304.00
2015/09/17 17201.939 17475.961 17063.570 17108.449 0.00 18174203904.00
2015/09/18 17106.471 17350.020 17106.471 17218.689 0.00 17026542592.00
2015/09/21 16910.631 17037.801 16784.561 16997.180 0.00 11530629120.00
2015/09/22 16996.211 17280.410 16858.369 16887.340 0.00 11608117248.00
2015/09/23 16691.480 16715.680 16090.520 16432.080 0.00 19332485120.00
2015/09/24 16393.100 16502.330 16160.390 16259.620 0.00 11087848448.00
2015/09/25 16214.290 16496.680 16105.760 16332.520 0.00 12223938560.00
2015/09/29 15749.310 15877.380 15609.180 15848.740 0.00 17260683264.00
2015/09/30 16049.550 16323.430 15961.270 16151.300 0.00 17487058944.00
2015/10/02 16402.039 16748.850 16328.010 16634.070 0.00 17813753856.00
2015/10/05 16971.369 17104.650 16897.949 16972.490 0.00 12842881024.00
2015/10/06 17240.980 17240.980 16930.150 17054.609 0.00 11810838528.00
2015/10/07 17072.740 17903.260 17040.430 17850.131 0.00 24535304192.00
2015/10/08 17852.971 17852.971 17470.561 17665.740 0.00 17873121280.00
2015/10/09 17908.910 18252.650 17863.170 17870.740 0.00 19992451072.00
2015/10/12 17974.961 18259.920 17963.561 18096.369 0.00 15400206336.00
2015/10/13 17976.779 18187.029 17804.381 17923.801 0.00 12785667072.00
2015/10/14 17684.400 17962.570 17684.400 17746.461 0.00 12045693952.00
2015/10/15 18001.881 18254.949 17896.551 18121.689 0.00 15232319488.00
2015/10/16 18354.449 18429.510 18180.369 18266.080 0.00 15293527040.00
2015/10/19 18225.170 18381.330 18158.199 18354.561 0.00 10972190720.00
2015/10/20 18284.070 18318.199 18077.480 18287.439 0.00 10798129152.00
2015/10/22 18124.100 18230.590 18041.189 18203.420 0.00 11796442112.00
2015/10/23 18524.131 18524.131 18366.920 18446.430 0.00 12553344000.00
2015/10/26 18653.020 18691.721 18346.900 18456.119 0.00 14949855232.00
2015/10/27 18391.600 18408.340 18121.740 18399.650 0.00 13658100736.00
2015/10/28 18287.990 18343.750 18066.660 18131.211 0.00 13557360640.00
2015/10/29 18235.609 18235.609 17840.270 17926.699 0.00 15999947776.00
2015/10/30 17894.961 18030.311 17740.641 17853.199 0.00 15103039488.00
2015/11/02 17627.699 17863.350 17533.000 17584.891 0.00 14910921728.00
2015/11/03 17825.900 17870.750 17641.600 17658.881 0.00 12202860544.00
2015/11/04 17746.869 18369.830 17746.869 18135.100 0.00 24628414464.00
2015/11/05 18061.699 18436.699 18023.279 18232.869 0.00 17846337536.00
2015/11/06 18108.730 18221.131 18038.240 18126.920 0.00 13082207232.00
2015/11/09 17967.430 18333.131 17939.920 18041.801 0.00 15742688256.00
2015/11/10 17770.449 17926.641 17645.730 17712.670 0.00 15170732032.00
2015/11/11 17635.910 17711.980 17481.240 17593.820 0.00 12133777408.00
2015/11/12 17671.750 18008.480 17611.869 17874.420 0.00 14064329728.00
2015/11/13 17536.869 17627.010 17383.160 17483.811 0.00 16065482752.00
2015/11/16 17137.090 17302.520 17117.850 17135.609 0.00 14735319040.00
2015/11/17 17422.311 17604.680 17267.230 17298.279 0.00 13498431488.00
2015/11/18 17357.449 17422.311 17229.590 17267.109 0.00 9934182400.00
2015/11/19 17481.230 17595.561 17438.301 17503.811 0.00 11316768768.00
2015/11/20 17513.641 17758.881 17405.949 17690.789 0.00 9964382208.00
2015/11/23 17692.949 17715.439 17528.131 17566.180 0.00 9163978752.00
2015/11/24 17518.010 17518.010 17281.420 17441.160 0.00 9795927040.00
2015/11/25 17411.789 17517.449 17318.990 17391.770 0.00 12051174400.00
2015/11/26 17538.730 17641.439 17298.109 17358.320 0.00 10870127616.00
2015/11/27 17398.641 17398.641 16868.881 16924.330 0.00 19019536384.00
2015/11/30 16791.061 17007.949 16718.900 16812.680 0.00 24504320000.00
2015/12/01 17024.010 17289.680 16939.811 17082.789 0.00 15810987008.00
2015/12/02 17122.920 17342.430 17020.070 17258.699 0.00 17181118464.00
2015/12/03 17127.100 17226.760 17097.490 17151.311 0.00 12977372160.00
2015/12/04 16930.840 16987.270 16848.480 16887.619 0.00 14977144832.00
2015/12/07 17000.590 17023.430 16810.920 16825.641 0.00 9879655424.00
2015/12/08 16656.400 16656.400 16417.311 16589.820 0.00 20882536448.00
2015/12/09 16485.320 16529.721 16402.320 16414.480 0.00 11379524608.00
2015/12/10 16351.960 16524.230 16175.150 16228.560 0.00 13140066304.00
2015/12/11 16246.000 16248.690 15942.130 15983.880 0.00 14094478336.00
2015/12/14 15654.470 16099.140 15647.650 15997.450 0.00 14454796288.00
2015/12/15 15916.010 16218.010 15916.010 16045.810 0.00 12304891904.00
2015/12/16 16281.250 16536.859 16281.250 16379.970 0.00 13289910272.00
2015/12/17 16579.961 16810.480 16483.510 16599.539 0.00 14159553536.00
2015/12/18 16422.590 16681.359 16390.340 16544.391 0.00 15317859328.00
2015/12/21 16436.039 16844.070 16436.039 16737.721 0.00 12844360704.00
2015/12/22 16756.199 16787.391 16636.699 16711.160 0.00 8597866496.00
2015/12/23 16751.369 17045.680 16734.109 16971.189 0.00 9924405248.00
2015/12/24 17110.211 17134.650 17071.971 17091.840 0.00 5111445504.00
2015/12/28 17107.391 17107.391 16771.119 16810.650 0.00 7515219968.00
2015/12/29 16784.230 16865.939 16732.699 16809.699 0.00 6286373376.00
2015/12/30 16853.010 16884.180 16493.340 16588.131 0.00 10193948672.00
2015/12/31 16567.369 16671.881 16551.461 16590.109 0.00 4261865472.00
2016/01/04 16497.801 16512.480 15859.530 15989.330 0.00 14145713152.00
2016/01/05 15936.210 16119.070 15683.430 15837.930 0.00 13944708096.00
2016/01/06 15740.920 15811.410 15607.330 15691.580 0.00 14810234880.00
2016/01/07 15472.520 15504.100 14919.680 15032.480 0.00 24668647424.00
2016/01/08 15298.340 15337.580 15006.930 15190.330 0.00 17743888384.00
2016/01/11 14761.080 14772.670 14573.700 14605.210 0.00 17879775232.00
2016/01/12 14760.520 14851.630 14463.060 14492.150 0.00 14759668736.00
2016/01/13 14778.790 14939.070 14500.980 14586.890 0.00 14321391616.00
2016/01/14 14274.820 14611.360 14219.200 14527.030 0.00 13359629312.00
2016/01/15 14480.840 14520.930 14119.640 14143.490 0.00 13646720000.00
2016/01/18 14005.210 14200.320 13932.980 13969.250 0.00 13494264832.00
2016/01/19 14040.040 14444.160 13969.950 14386.510 0.00 14369682432.00
2016/01/20 14140.910 14142.780 13592.080 13764.270 0.00 17457487872.00
2016/01/21 13909.370 14046.280 13435.280 13455.510 0.00 16839712768.00
2016/01/22 13871.950 14009.700 13646.820 13918.020 0.00 17020528640.00
2016/01/25 14071.300 14169.010 13972.340 14035.020 0.00 12167593984.00
2016/01/26 13813.200 13824.500 13455.600 13557.710 0.00 14069920768.00
2016/01/27 13830.270 13831.030 13534.640 13668.220 0.00 14644977664.00
2016/01/28 13707.030 13865.500 13591.550 13786.830 0.00 12929391616.00
2016/01/29 13731.270 14190.810 13720.300 14152.210 0.00 17191421952.00
2016/02/01 14189.690 14204.800 13870.580 13986.490 0.00 11630644224.00
2016/02/02 13860.230 14001.810 13786.010 13838.780 0.00 10881061888.00
2016/02/03 13449.650 13518.150 13348.370 13494.440 0.00 13436266496.00
2016/02/04 13675.420 13856.480 13674.250 13693.790 0.00 9899006976.00
2016/02/05 13758.630 13944.940 13754.370 13835.580 0.00 7819357696.00
2016/02/11 13080.260 13286.550 13024.630 13153.760 0.00 10660552704.00
2016/02/12 12986.430 13144.370 12880.450 12891.720 0.00 12362157056.00
2016/02/15 13169.940 13558.570 13169.940 13507.440 0.00 11794118656.00
2016/02/16 13639.290 13972.690 13589.720 13790.000 0.00 12161443840.00
2016/02/17 13809.950 13991.950 13604.940 13618.960 0.00 11984264192.00
2016/02/18 14029.630 14103.730 13950.570 14027.260 0.00 13933080576.00
2016/02/19 13887.490 14024.010 13879.360 13934.690 0.00 8651933696.00
2016/02/22 14057.960 14181.980 14012.640 14121.570 0.00 8650616832.00
2016/02/23 14179.490 14185.920 13962.530 14034.400 0.00 8593085440.00
2016/02/24 13910.020 14013.460 13720.360 13847.330 0.00 8525247488.00
2016/02/25 13859.390 13859.390 13462.470 13521.370 0.00 9471268864.00
2016/02/26 13764.310 13901.700 13633.300 13800.240 0.00 9938880512.00
2016/02/29 13775.580 13791.760 13503.360 13597.630 0.00 8801906688.00
2016/03/01 13734.890 13877.710 13564.550 13858.630 0.00 11049695232.00
2016/03/02 14169.590 14504.110 14169.590 14383.890 0.00 17856290816.00
2016/03/03 14511.420 14563.480 14263.670 14412.570 0.00 10862450688.00
2016/03/04 14498.420 14737.350 14475.510 14699.250 0.00 15601189888.00
2016/03/07 14843.120 15005.620 14798.420 14817.110 0.00 16078230528.00
2016/03/08 14772.620 14778.230 14438.050 14609.130 0.00 10981081088.00
2016/03/09 14459.770 14501.430 14334.660 14499.640 0.00 8217069568.00
2016/03/10 14536.640 14700.990 14374.740 14462.990 0.00 8965496832.00
2016/03/11 14411.300 14716.080 14358.480 14705.570 0.00 15015369728.00
2016/03/14 14915.770 15073.760 14835.200 14920.100 0.00 13125057536.00
2016/03/15 14859.480 14874.220 14730.760 14781.600 0.00 8570111488.00
2016/03/16 14857.330 14918.890 14639.610 14722.730 0.00 8900239360.00
2016/03/17 15057.470 15128.050 14954.480 15070.510 0.00 12428793856.00
2016/03/18 15077.840 15299.400 15044.040 15258.040 0.00 15939332096.00
2016/03/21 15256.810 15452.910 15212.170 15336.440 0.00 14604695552.00
2016/03/22 15386.810 15395.590 15221.610 15287.550 0.00 9879180288.00
2016/03/23 15267.870 15369.590 15100.210 15241.420 0.00 9419378688.00
2016/03/24 15042.110 15160.660 14864.620 14945.630 0.00 10952333312.00
2016/03/29 15003.250 15021.260 14844.460 14989.960 0.00 11041642496.00
2016/03/30 15201.940 15451.270 15200.740 15423.620 0.00 14792042496.00
2016/03/31 15460.720 15546.440 15346.440 15464.580 0.00 15340922880.00
2016/04/01 15512.260 15512.260 15105.430 15189.080 0.00 12961215488.00
2016/04/05 15005.730 15012.190 14805.060 14907.690 0.00 12952900608.00
2016/04/06 14777.900 14955.440 14777.900 14889.810 0.00 9289572352.00
2016/04/07 14988.380 15052.160 14760.400 14853.220 0.00 11000171520.00
2016/04/08 14650.930 14960.690 14650.930 14951.950 0.00 9938411520.00
2016/04/11 14846.360 15186.080 14846.360 15127.580 0.00 10208089088.00
2016/04/12 15116.390 15217.730 15087.390 15187.360 0.00 8401720320.00
2016/04/13 15367.840 15804.490 15365.660 15787.910 0.00 21473816576.00
2016/04/14 15992.310 16085.270 15825.370 15867.620 0.00 18742259712.00
2016/04/15 15919.230 15935.740 15716.220 15828.250 0.00 11162533888.00
2016/04/18 15610.640 15627.060 15448.250 15615.050 0.00 10883976192.00
2016/04/19 15860.710 15896.650 15697.190 15878.870 0.00 11525335040.00
2016/04/20 15890.180 15892.030 15496.330 15689.880 0.00 13401136128.00
2016/04/21 15759.510 15964.590 15694.470 15885.660 0.00 12314025984.00
2016/04/22 15696.520 15753.030 15586.840 15666.680 0.00 10496958464.00
2016/04/25 15610.720 15630.610 15391.530 15435.520 0.00 9881554944.00
2016/04/26 15502.480 15555.950 15218.590 15486.680 0.00 10484262912.00
2016/04/27 15412.330 15617.470 15388.200 15523.360 0.00 9969858560.00
2016/04/28 15630.910 15758.980 15425.200 15563.660 0.00 12420205568.00
2016/04/29 15428.950 15442.290 15294.150 15355.020 0.00 11888102400.00
2016/05/03 15270.000 15270.000 15008.750 15027.350 0.00 23809019904.00
2016/05/04 14898.110 14957.420 14794.740 14939.180 0.00 12519073792.00
2016/05/05 14797.180 14897.470 14743.880 14817.840 0.00 10604197888.00
2016/05/06 14737.960 14751.960 14523.610 14551.540 0.00 13025859584.00
2016/05/09 14677.270 14677.270 14493.930 14515.520 0.00 10617133056.00
2016/05/10 14386.780 14619.000 14386.780 14576.380 0.00 11904239616.00
2016/05/11 14657.180 14664.530 14403.040 14503.400 0.00 10623537152.00
2016/05/12 14501.570 14531.440 14361.950 14451.960 0.00 8596801536.00
2016/05/13 14360.830 14417.870 14211.650 14259.020 0.00 11373967360.00
2016/05/16 14206.270 14464.380 14043.570 14278.290 0.00 10985431040.00
2016/05/17 14383.850 14508.900 14281.100 14472.670 0.00 10738361344.00
2016/05/18 14273.760 14353.630 14187.310 14258.370 0.00 8695123968.00
2016/05/19 14193.960 14267.390 14124.220 14159.070 0.00 7940179456.00
2016/05/20 14157.210 14385.390 14132.410 14262.780 0.00 8224372736.00
2016/05/23 14203.550 14448.400 14203.550 14275.270 0.00 7108874752.00
2016/05/24 14251.070 14294.420 14157.350 14272.440 0.00 7680792064.00
2016/05/25 14526.280 14696.210 14520.080 14667.310 0.00 13813913600.00
2016/05/26 14648.100 14693.870 14546.550 14649.800 0.00 8359533568.00
2016/05/27 14701.750 14833.550 14540.860 14773.320 0.00 9992764416.00
2016/05/30 14724.280 14944.050 14682.510 14848.910 0.00 13112459264.00
2016/05/31 14835.900 15155.880 14835.900 14991.800 0.00 22597922816.00
2016/06/01 14949.540 15142.520 14949.540 15000.890 0.00 10759162880.00
2016/06/02 15025.820 15117.650 14953.950 15083.730 0.00 9011046400.00
2016/06/03 15142.790 15233.070 15098.210 15175.760 0.00 11151821824.00
2016/06/06 15217.420 15289.790 15066.930 15275.590 0.00 9704037376.00
2016/06/07 15404.960 15555.720 15361.520 15539.450 0.00 14397079552.00
2016/06/08 15556.010 15634.940 15444.830 15581.800 0.00 10883864576.00
2016/06/10 15497.060 15528.850 15223.950 15251.300 0.00 11445846016.00
2016/06/13 14973.460 14974.820 14776.270 14885.130 0.00 13637860352.00
2016/06/14 14819.250 14930.050 14774.820 14822.480 0.00 9962498048.00
2016/06/15 14598.080 14948.360 14598.080 14880.160 0.00 11739660288.00
2016/06/16 14768.770 14796.310 14557.280 14631.760 0.00 12106332160.00
2016/06/17 14791.560 14827.000 14691.450 14764.090 0.00 13425471488.00
2016/06/20 14939.480 15053.830 14816.040 15036.320 0.00 11082771456.00
2016/06/21 15032.320 15197.560 15021.690 15173.660 0.00 10804355072.00
2016/06/22 15154.780 15425.730 15117.670 15381.880 0.00 11909416960.00
2016/06/23 15427.540 15439.820 15322.730 15428.950 0.00 10410370048.00
2016/06/24 15044.510 15520.930 14532.520 14981.160 0.00 25134872576.00
2016/06/27 14753.500 15133.050 14753.360 15046.340 0.00 12314385408.00
2016/06/28 14798.760 15043.830 14798.760 15002.440 0.00 12491896832.00
2016/06/29 15124.560 15279.110 15098.100 15254.230 0.00 11466017792.00
2016/06/30 15473.000 15568.920 15392.040 15525.160 0.00 13730729984.00
2016/07/04 15679.286 15781.458 15543.900 15684.560 0.00 13345166336.00
2016/07/05 15597.193 15611.184 15421.397 15444.770 0.00 8381587968.00
2016/07/06 15229.832 15289.246 15079.660 15194.290 0.00 12160150528.00
2016/07/07 15283.417 15404.093 15280.341 15379.060 0.00 7925918208.00
2016/07/08 15304.530 15317.890 15167.570 15260.690 0.00 8600186880.00
2016/07/11 15560.690 15653.540 15509.960 15563.340 0.00 11195284480.00
2016/07/12 15660.380 15859.090 15607.750 15835.720 0.00 14663726080.00
2016/07/13 15959.330 16044.540 15896.390 15931.830 0.00 14630432768.00
2016/07/14 15891.960 16124.190 15869.540 16112.510 0.00 13087905792.00
2016/07/15 16120.400 16278.650 16068.720 16183.260 0.00 16475665408.00
2016/07/18 16179.480 16276.060 16098.720 16257.090 0.00 10236380160.00
2016/07/19 16192.220 16229.420 16046.510 16074.410 0.00 9299085312.00
2016/07/20 16035.930 16195.800 16015.670 16135.790 0.00 9295344640.00
2016/07/21 16209.240 16271.420 16148.780 16196.540 0.00 10753960960.00
2016/07/22 16110.030 16179.250 16068.480 16151.550 0.00 9294954496.00
2016/07/25 16235.810 16235.810 16014.340 16156.630 0.00 9322825728.00
2016/07/26 16051.830 16381.100 16051.830 16205.780 0.00 13622731776.00
2016/07/27 16287.400 16361.060 16069.910 16300.630 0.00 15425563648.00
2016/07/28 16235.500 16272.380 16135.380 16242.620 0.00 11768142848.00
2016/07/29 16152.150 16246.770 15976.470 16021.090 0.00 13443191808.00
2016/08/01 16160.490 16409.859 16160.490 16325.510 0.00 13448247296.00
2016/08/03 16062.820 16155.270 16046.130 16058.400 0.00 12282616832.00
2016/08/04 16180.040 16195.150 16075.280 16105.420 0.00 7534792704.00
2016/08/05 16207.330 16389.160 16207.330 16332.390 0.00 9418735616.00
2016/08/08 16460.180 16603.051 16406.900 16591.801 0.00 11424945152.00
2016/08/09 16585.170 16648.721 16541.920 16635.820 0.00 10597030912.00
2016/08/10 16680.270 16752.350 16595.650 16661.449 0.00 11751902208.00
2016/08/11 16653.711 16955.061 16610.350 16854.330 0.00 20090542080.00
2016/08/12 17028.750 17129.689 16982.980 17089.539 0.00 19596740608.00
2016/08/15 17090.160 17436.779 17090.160 17365.061 0.00 23484024832.00
2016/08/16 17441.650 17549.430 17308.080 17363.439 0.00 19000307712.00
2016/08/17 17409.990 17409.990 17233.830 17244.990 0.00 18240432128.00
2016/08/18 17350.570 17451.070 17232.561 17268.119 0.00 18231023616.00
2016/08/19 17357.340 17376.289 17095.949 17181.340 0.00 16558368768.00
2016/08/22 17187.240 17240.980 16992.180 17175.039 0.00 14556304384.00
2016/08/23 17112.471 17172.000 17051.820 17147.029 0.00 13142365184.00
2016/08/24 17150.840 17185.029 16867.311 17004.119 0.00 14277052416.00
2016/08/25 16989.420 17068.141 16914.990 17000.000 0.00 5583642624.00
2016/08/26 17015.619 17150.391 17005.930 17080.939 0.00 11528481792.00
2016/08/29 17045.449 17072.170 16901.381 16987.551 0.00 10163517440.00
2016/08/30 17065.961 17191.900 17052.820 17165.391 0.00 12761076736.00
2016/08/31 17159.350 17164.641 17060.211 17066.199 0.00 15109277696.00
2016/09/01 17018.461 17220.131 16944.061 17181.170 0.00 15504515072.00
2016/09/02 17148.750 17372.270 17144.939 17325.680 0.00 20358707200.00
2016/09/05 17550.199 17645.490 17538.869 17591.141 0.00 17840691200.00
2016/09/06 17660.920 17799.010 17561.721 17784.070 0.00 16648516608.00
2016/09/07 17774.609 17943.891 17768.539 17840.980 0.00 19698573312.00
2016/09/08 17855.680 17960.820 17806.000 17909.020 0.00 15270914048.00
2016/09/09 17934.529 18285.971 17934.529 18014.180 0.00 26283759616.00
2016/09/12 17606.369 17606.369 17288.070 17296.260 0.00 22383222784.00
2016/09/13 17526.609 17586.051 17139.699 17151.100 0.00 13728312320.00
2016/09/14 17150.641 17293.770 17063.590 17099.949 0.00 11702099968.00
2016/09/15 17124.000 17327.961 17043.750 17195.301 0.00 12637818880.00
2016/09/19 17380.109 17630.789 17349.949 17467.721 0.00 16454416384.00
2016/09/20 17449.420 17516.660 17378.500 17474.330 0.00 11881857024.00
2016/09/21 17478.289 17729.250 17393.400 17649.260 0.00 13264546816.00
2016/09/22 17905.010 18080.100 17618.039 17729.449 0.00 21910390784.00
2016/09/23 17842.561 17842.561 17506.820 17554.199 0.00 14520265728.00
2016/09/26 17458.740 17464.051 17216.789 17255.551 0.00 13177273344.00
2016/09/27 17233.811 17545.381 17206.570 17465.580 0.00 13790845952.00
2016/09/28 17381.760 17444.801 17231.381 17417.711 0.00 11937159168.00
2016/09/29 17613.340 17626.090 17440.910 17551.189 0.00 11134901248.00
2016/09/30 17307.600 17376.971 17141.930 17170.570 0.00 13462683648.00
2016/10/03 17414.660 17509.090 17294.180 17352.350 0.00 7123044352.00
2016/10/04 17436.381 17483.891 17320.869 17483.891 0.00 7724177920.00
2016/10/05 17409.070 17669.840 17349.189 17581.391 0.00 9081943040.00
2016/10/06 17632.859 17890.510 17630.619 17824.961 0.00 14176334848.00
2016/10/07 17850.301 17850.301 17721.920 17783.240 0.00 8991523840.00
2016/10/11 17956.730 18011.150 17459.570 17569.359 0.00 15956282368.00
2016/10/12 17473.980 17473.980 17219.840 17334.131 0.00 14488813568.00
2016/10/13 17232.449 17296.760 16986.910 17018.109 0.00 15070405632.00
2016/10/14 17096.410 17271.410 17046.471 17205.471 0.00 11893383168.00
2016/10/17 17144.590 17184.680 17029.240 17097.391 0.00 8898693120.00
2016/10/18 17167.311 17448.830 17167.311 17418.350 0.00 12797888512.00
2016/10/19 17375.359 17435.109 17246.539 17276.820 0.00 9241006080.00
2016/10/20 17412.840 17487.070 17351.250 17357.740 0.00 8714756096.00
2016/10/24 17358.730 17693.410 17261.029 17656.141 0.00 14994233344.00
2016/10/25 17583.590 17680.971 17574.631 17628.910 0.00 9546826752.00
2016/10/26 17499.570 17501.330 17359.551 17380.100 0.00 9693526016.00
2016/10/27 17391.400 17394.910 17071.119 17218.920 0.00 12353906688.00
2016/10/28 17182.000 17280.410 17004.570 17051.221 0.00 11622461440.00
2016/10/31 16993.189 17258.500 16956.240 17130.189 0.00 10377657344.00
2016/11/01 17190.949 17517.070 17190.949 17393.279 0.00 12764855296.00
2016/11/02 17197.869 17197.869 17037.971 17059.369 0.00 9572472832.00
