daily_data_16="\n\
160104 21782.621 21327.119 21794.840 21227.609 73844080000\n\
160105 21318.689 21188.721 21452.738 21095.900 72435210000\n\
160106 21142.631 20980.811 21199.619 20947.299 75175370000\n\
160107 20772.600 20333.340 20826.439 20323.969 107199710000\n\
160108 20491.881 20453.711 20596.420 20324.621 85570160000\n\
160111 19997.420 19888.500 20068.781 19865.182 87478370000\n\
160112 20030.031 19711.760 20130.801 19694.990 77196430000\n\
160113 20028.861 19934.881 20234.781 19850.730 77352200000\n\
160114 19578.920 19817.410 19893.881 19509.080 75433210000\n\
160115 19781.459 19520.770 19828.930 19500.381 73659890000\n\
160118 19287.379 19237.449 19439.490 19195.561 75025810000\n\
160119 19283.570 19635.811 19647.750 19204.221 82996910000\n\
160120 19332.221 18886.301 19332.221 18833.881 92269730000\n\
160121 19079.129 18542.150 19238.270 18534.301 96490010000\n\
160122 19000.791 19080.510 19152.801 18769.609 89902918830\n\
160125 19341.410 19340.141 19490.270 19291.910 74419822650\n\
160126 19068.840 18860.801 19098.070 18811.830 77205422810\n\
160127 19211.859 19052.449 19216.990 18931.340 76172862960\n\
160128 19093.770 19195.830 19223.590 18982.221 75472262780\n\
160129 19138.420 19683.111 19709.990 19130.590 90561954800\n\
160201 19770.961 19595.500 19770.961 19444.260 69499758750\n\
160202 19474.871 19446.840 19628.570 19403.490 69598138110\n\
160203 18910.881 18991.590 19032.711 18764.818 78680781850\n\
160204 19190.359 19183.090 19338.369 19166.180 65384972150\n\
160205 19287.359 19288.170 19397.881 19230.000 55402945750\n\
160211 18486.930 18545.801 18627.510 18446.561 66909489320\n\
160212 18278.801 18319.580 18482.330 18278.801 66000393180\n\
160215 18668.871 18918.141 18937.059 18668.871 66446817900\n\
160216 19013.740 19122.080 19260.670 18974.600 71593380490\n\
160217 19198.180 18924.570 19308.541 18909.059 66951386850\n\
160218 19409.209 19363.080 19436.391 19266.221 72592276450\n\
160219 19238.430 19285.500 19342.031 19210.650 55387353710\n\
160222 19374.240 19464.090 19524.969 19374.240 60197243490\n\
160223 19506.941 19414.781 19519.850 19328.260 58736857610\n\
160224 19282.340 19192.449 19360.801 19060.160 60698224520\n\
160225 19215.490 18888.750 19215.490 18867.699 63684598770\n\
160226 19179.951 19364.150 19436.711 19122.561 62474348710\n\
160229 19366.170 19111.930 19377.721 19053.779 64017088320\n\
160301 19259.990 19407.459 19420.000 19108.301 66948615490\n\
160302 19788.170 20003.490 20058.119 19783.920 92687215860\n\
160303 20082.010 19941.760 20082.010 19791.600 71715898670\n\
160304 20052.100 20176.701 20200.381 19977.430 79399304000\n\
160307 20306.090 20159.721 20331.689 20095.631 74915301680\n\
160308 20132.100 20011.580 20137.730 19902.750 62640238150\n\
160309 19898.738 19996.260 20005.410 19818.420 56888200830\n\
160310 20055.420 19984.420 20184.230 19923.539 54246458480\n\
160311 19900.670 20199.600 20238.721 19853.631 63271170480\n\
160314 20371.590 20435.340 20512.031 20328.881 72626898150\n\
160315 20298.150 20288.770 20366.561 20254.590 56523204400\n\
160316 20339.900 20257.699 20383.199 20168.738 58664406320\n\
160317 20580.061 20503.811 20619.340 20435.650 70670437230\n\
160318 20599.189 20671.631 20687.969 20514.969 92840738980\n\
160321 20738.250 20684.150 20772.461 20618.561 80125360220\n\
160322 20765.070 20666.750 20765.070 20576.801 65359050110\n\
160323 20629.400 20615.230 20693.480 20513.609 63785731800\n\
160324 20450.689 20345.609 20499.400 20268.529 62629806960\n\
160329 20386.320 20366.301 20386.320 20250.150 60066854200\n\
160330 20545.439 20803.391 20820.730 20541.070 75246465270\n\
160331 20811.459 20776.701 20872.551 20689.219 71047667580\n\
160401 20786.180 20498.920 20786.180 20455.410 65291760710\n\
160405 20311.859 20177.000 20311.859 20116.871 70660187670\n\
160406 20100.000 20206.670 20249.840 20100.000 58293192320\n\
160407 20297.820 20266.049 20370.520 20165.760 63503757390\n\
160408 20061.600 20370.400 20370.439 20045.471 59957360880\n\
160411 20255.840 20440.811 20550.951 20240.689 58295389210\n\
160412 20440.721 20504.439 20546.430 20407.820 51892779040\n\
160413 20739.340 21158.711 21171.289 20716.910 93637598340\n\
160414 21456.609 21337.811 21511.080 21266.209 84671434740\n\
160415 21374.650 21316.471 21423.059 21234.119 59375499900\n\
160418 21129.680 21161.500 21172.000 21002.770 55494059580\n\
160419 21438.129 21436.209 21459.039 21259.170 63516102580\n\
160420 21452.818 21236.311 21452.818 21103.340 73226670230\n\
160421 21406.400 21622.250 21634.738 21331.590 73029485150\n\
160422 21448.150 21467.039 21495.791 21358.529 64491545660\n\
160425 21408.561 21304.439 21430.570 21254.461 55912111730\n\
160426 21380.020 21407.270 21419.920 21080.881 62799778210\n\
160427 21372.330 21361.600 21442.510 21277.039 54905833450\n\
160428 21488.961 21388.031 21654.070 21255.420 67768379530\n\
160429 21215.199 21067.049 21235.391 21023.770 60655765380\n\
160503 21061.770 20676.941 21061.770 20668.369 77517818530\n\
160504 20556.500 20525.830 20580.381 20411.410 61438800620\n\
160505 20363.859 20449.820 20534.760 20342.750 56469880850\n\
160506 20357.449 20109.871 20377.939 20058.770 67667761210\n\
160509 20279.900 20156.811 20303.189 20125.779 54615849600\n\
160510 19962.430 20242.680 20294.461 19962.430 59783760910\n\
160511 20347.760 20055.289 20347.760 20008.920 59341044800\n\
160512 20100.500 19915.459 20100.500 19863.619 53901384040\n\
160513 19843.490 19719.289 19881.910 19594.609 64126881550\n\
160516 19711.770 19883.951 19998.760 19705.910 56402845380\n\
160517 19987.240 20118.801 20145.770 19847.699 59360642850\n\
160518 19862.420 19826.410 19923.830 19749.289 58658906400\n\
160519 19729.631 19694.330 19793.459 19646.350 55593915680\n\
160520 19631.711 19852.199 19954.330 19631.711 52588870070\n\
160523 19788.129 19809.031 19955.031 19750.621 43757443680\n\
160524 19828.020 19830.430 19870.160 19712.670 44745739290\n\
160525 20156.760 20368.049 20379.660 20156.760 62008496560\n\
160526 20373.480 20397.111 20404.730 20249.961 46426936200\n\
160527 20425.000 20576.770 20620.150 20290.840 55518229340\n\
160530 20523.670 20629.391 20765.609 20465.840 58522569090\n\
160531 20617.330 20815.090 20974.711 20617.330 103134619770\n\
160601 20726.529 20760.979 20898.449 20713.289 65000967520\n\
160602 20769.811 20859.219 20878.209 20680.650 57918237590\n\
160603 20956.080 20947.240 21049.199 20887.791 60066954790\n\
160606 20971.129 21030.221 21039.871 20840.951 51930516760\n\
160607 21218.961 21328.240 21351.330 21153.680 67108105180\n\
160608 21294.270 21297.881 21352.369 21179.951 56369497330\n\
160610 21240.080 21042.641 21270.621 21017.980 54506497880\n\
160613 20647.510 20512.990 20664.590 20430.811 65131068230\n\
160614 20476.750 20387.529 20537.920 20358.941 53214878390\n\
160615 20161.010 20467.520 20553.580 20161.010 58547842120\n\
160616 20284.910 20038.420 20297.400 19964.369 62756512670\n\
160617 20244.230 20169.980 20282.039 20090.801 62488392080\n\
160620 20425.059 20510.199 20551.021 20288.490 55054667840\n\
160621 20522.359 20668.439 20681.791 20516.730 53907694140\n\
160622 20553.939 20795.119 20841.510 20515.250 58668192430\n\
160623 20862.590 20868.340 20889.049 20753.939 54015082240\n\
160624 20483.510 20259.129 21034.180 19662.701 99847538290\n\
160627 19982.660 20227.299 20329.160 19969.471 62557786070\n\
160628 19898.750 20172.461 20196.199 19898.750 65840760240\n\
160629 20217.070 20436.119 20456.580 20217.070 63577828580\n\
160630 20736.850 20794.369 20828.031 20614.650 72523355140\n\
160704 20967.471 21059.199 21166.020 20840.641 68668345640\n\
160705 20919.520 20750.721 20945.980 20737.160 53638957570\n\
160706 20475.400 20495.289 20560.061 20304.391 60653937290\n\
160707 20606.680 20706.920 20731.119 20576.738 49688198840\n\
160708 20622.830 20564.170 20645.590 20468.529 47192926870\n\
";