2011/07/06 18675.25 18739.50 18472.09 18482.36 0 0
2011/07/07 18577.49 18682.36 18530.90 18544.82 0 0
2011/07/08 18711.91 18814.82 18669.97 18716.14 0 0
2011/07/11 18576.35 18576.35 18268.51 18337.96 0 0
2011/07/12 18096.49 18096.49 17642.57 17655.23 0 0
2011/07/13 17832.30 18047.62 17783.38 18039.12 0 0
2011/07/14 18033.16 18091.52 17866.15 18088.35 0 0
2011/07/15 18007.30 18133.60 17907.96 17999.01 0 0
2011/07/18 17881.77 18209.12 17881.77 17987.45 0 0
2011/07/19 18040.15 18054.92 17773.95 18043.97 0 0
2011/07/20 18208.79 18237.50 18018.41 18169.74 0 0
2011/07/21 18216.08 18217.62 17931.96 18081.07 0 0
2011/07/22 18273.01 18496.27 18272.41 18486.83 0 0
2011/07/25 18387.75 18387.75 18159.88 18254.79 0 0
2011/07/26 18235.27 18513.63 18208.46 18495.49 0 0
2011/07/27 18423.59 18564.82 18352.75 18470.53 0 0
2011/07/28 18196.63 18367.77 18109.18 18367.62 0 0
2011/07/29 18306.25 18350.02 18057.93 18156.48 0 0
2011/08/01 18436.34 18546.82 18390.53 18401.17 0 0
2011/08/02 18213.83 18253.40 17949.03 18017.29 0 0
2011/08/03 17615.28 17691.27 17494.41 17618.64 0 0
2011/08/04 17648.84 17735.62 17317.47 17451.95 0 0
2011/08/05 16611.02 16806.13 16426.38 16778.56 0 0
2011/08/08 16375.80 16410.77 15935.51 16307.35 0 0
2011/08/09 15136.24 16043.48 14905.49 15298.71 0 0
2011/08/10 15887.79 15960.98 15405.75 15525.18 0 0
2011/08/11 15141.98 15603.61 15088.56 15411.20 0 0
2011/08/12 15676.80 15753.56 15307.15 15337.70 0 0
2011/08/15 15690.16 16072.61 15611.35 16058.95 0 0
2011/08/16 16108.70 16320.44 15984.45 16062.57 0 0
2011/08/17 16103.08 16329.16 15970.83 16047.12 0 0
2011/08/18 15974.73 16105.55 15679.62 15727.75 0 0
2011/08/19 15275.35 15338.77 15006.50 15080.53 0 0
2011/08/22 15167.04 15376.30 14674.80 15034.20 0 0
2011/08/23 15035.95 15548.24 14952.13 15523.05 0 0
2011/08/24 15448.43 15488.09 15010.59 15048.62 0 0
2011/08/25 15269.48 15435.44 15207.10 15305.05 0 0
2011/08/26 15288.72 15538.23 15082.91 15113.11 0 0
2011/08/29 15416.77 15488.73 15251.30 15424.61 0 0
2011/08/30 15746.45 16020.75 15628.86 15769.74 0 0
2011/08/31 15769.37 16082.10 15698.92 16064.79 0 0
2011/09/01 16306.14 16427.99 16022.93 16034.32 0 0
2011/09/02 16023.11 16028.07 15628.07 15655.46 0 0
2011/09/05 15392.47 15392.47 15074.02 15119.22 0 0
2011/09/06 14968.81 15198.90 14884.08 15189.50 0 0
2011/09/07 15356.88 15580.35 15253.01 15509.94 0 0
2011/09/08 15653.69 15653.69 15386.35 15458.19 0 0
2011/09/09 15524.04 15715.83 15376.08 15412.55 0 0
2011/09/12 14875.39 14948.92 14628.50 14674.92 0 0
2011/09/14 14844.27 14916.60 14300.19 14676.39 0 0
2011/09/15 14851.20 14984.12 14582.81 14798.30 0 0
2011/09/16 15102.63 15277.61 15055.15 15089.11 0 0
2011/09/19 14888.63 14888.63 14493.84 14526.39 0 0
2011/09/20 14613.40 14679.99 14339.80 14598.91 0 0
2011/09/21 14446.49 14681.21 14322.22 14461.17 0 0
2011/09/22 13974.01 13999.84 13499.05 13548.43 0 0
2011/09/23 13291.81 13423.07 13024.20 13298.73 0 0
2011/09/26 13209.94 13346.88 12624.12 12860.46 0 0
2011/09/27 13263.58 13689.76 13238.91 13683.18 0 0
2011/09/28 13488.20 13803.14 13461.97 13658.54 0 0
2011/09/30 13527.10 13533.03 12994.66 13128.35 0 0
2011/10/03 12742.30 12750.25 12275.77 12378.84 0 0
2011/10/04 12295.63 12488.23 11864.02 11928.80 0 0
2011/10/06 12577.37 12658.97 12427.02 12619.15 0 0
2011/10/07 12875.70 13179.39 12861.73 13084.43 0 0
2011/10/10 13153.77 13184.21 12794.90 13057.97 0 0
2011/10/11 13778.70 13847.63 13502.83 13628.87 0 0
2011/10/12 13448.50 14004.50 13322.37 13921.11 0 0
2011/10/13 14147.22 14455.47 14077.06 14431.59 0 0
2011/10/14 14248.62 14334.60 14008.23 14111.01 0 0
2011/10/17 14388.76 14579.47 14306.42 14506.32 0 0
2011/10/18 14026.02 14038.97 13655.34 13751.21 0 0
2011/10/19 14034.62 14062.65 13830.87 13911.25 0 0
2011/10/20 13748.84 13748.84 13317.13 13539.58 0 0
2011/10/21 13565.67 13638.10 13451.98 13573.50 0 0
2011/10/24 13963.97 14389.44 13928.84 14310.65 0 0
2011/10/25 14404.34 14548.14 14375.55 14521.71 0 0
2011/10/26 14293.29 14829.02 14256.66 14800.95 0 0
2011/10/27 14868.48 15579.91 14868.48 15559.62 0 0
2011/10/28 15959.46 16123.63 15644.19 15647.08 0 0
2011/10/31 15700.06 15799.99 15234.63 15481.90 0 0
2011/11/01 15065.91 15360.05 14941.25 14998.12 0 0
2011/11/02 14722.38 15385.39 14658.45 15383.02 0 0
2011/11/03 15082.77 15427.27 15025.97 15160.75 0 0
2011/11/04 15793.09 15951.56 15695.35 15765.36 0 0
2011/11/07 15834.98 15981.82 15563.42 15678.88 0 0
2011/11/08 15872.95 16013.78 15701.94 15736.72 0 0
2011/11/09 16136.82 16295.35 15996.36 16077.90 0 0
2011/11/10 15323.88 15441.98 15116.85 15168.50 0 0
2011/11/11 15399.27 15469.72 15232.04 15359.79 0 0
2011/11/14 15820.93 15901.27 15770.02 15782.18 0 0
2011/11/15 15609.65 15742.47 15555.22 15665.79 0 0
2011/11/16 15790.12 15790.12 15006.27 15215.49 0 0
2011/11/17 14881.98 15176.21 14881.57 15063.16 0 0
2011/11/18 14737.31 14751.10 14573.33 14663.71 0 0
2011/11/21 14416.08 14416.08 14164.16 14322.68 0 0
2011/11/22 14373.30 14521.69 14086.39 14351.45 0 0
2011/11/23 14080.45 14093.97 13910.61 13955.00 0 0
2011/11/24 13797.72 14213.90 13797.72 14087.74 0 0
2011/11/25 13829.87 13998.93 13802.34 13836.84 0 0
2011/11/28 14164.24 14238.14 14022.97 14151.90 0 0
2011/11/29 14226.05 14430.11 14074.69 14305.41 0 0
2011/11/30 14263.68 14263.68 13899.67 14003.29 0 0
2011/12/01 14992.03 15218.37 14880.99 15141.72 0 0
2011/12/02 15137.62 15329.94 14995.05 15242.63 0 0
2011/12/05 15271.94 15391.18 15123.43 15334.59 0 0
2011/12/06 15138.12 15197.98 14939.93 15107.18 0 0
2011/12/07 15286.45 15476.76 15172.83 15440.75 0 0
2011/12/08 15304.89 15358.51 15134.36 15311.00 0 0
2011/12/09 14902.12 15058.87 14722.16 14826.81 0 0
2011/12/12 15096.88 15191.24 14742.23 14816.09 0 0
2011/12/13 14608.72 14682.13 14546.07 14665.56 0 0
2011/12/14 14495.18 14703.07 14495.18 14563.93 0 0
2011/12/15 14330.52 14360.48 14113.91 14255.67 0 0
2011/12/16 14233.81 14661.00 14233.81 14533.38 0 0
2011/12/19 14273.19 14357.54 14060.38 14326.70 0 0
2011/12/20 14333.03 14530.32 14278.05 14345.74 0 0
2011/12/21 14677.50 14734.54 14544.81 14656.07 0 0
2011/12/22 14597.30 14651.72 14470.00 14647.10 0 0
2011/12/23 14883.32 14945.69 14846.95 14924.07 0 0
2011/12/28 14856.12 14856.12 14632.94 14699.97 0 0
2011/12/29 14510.77 14706.09 14475.83 14647.04 0 0
2011/12/30 14742.18 14752.26 14610.11 14635.12 0 0
2012/01/03 14930.30 15109.49 14895.82 15075.05 0 0
2012/01/04 15143.58 15143.58 14838.49 14867.73 0 0
2012/01/05 14853.82 14983.55 14853.82 14936.23 0 0
2012/01/06 14896.31 14934.37 14644.79 14710.01 0 0
2012/01/09 14632.97 15089.06 14408.64 15061.27 0 0
2012/01/10 15151.86 15414.08 15100.38 15337.87 0 0
2012/01/11 15403.70 15541.26 15297.98 15490.25 0 0
2012/01/12 15474.25 15636.43 15419.90 15493.40 0 0
2012/01/13 15665.12 15685.36 15487.40 15666.93 0 0
2012/01/16 15503.35 15528.15 15428.48 15449.78 0 0
2012/01/17 15621.08 16159.06 15600.43 16146.19 0 0
2012/01/18 16119.09 16158.80 15977.45 16131.73 0 0
2012/01/19 16251.56 16450.93 16238.73 16405.52 0 0
2012/01/20 16574.72 16574.72 16283.99 16418.04 0 0
2012/01/26 16781.78 16820.28 16653.40 16815.55 0 0
2012/01/27 16756.19 16902.90 16705.31 16859.20 0 0
2012/01/30 16847.47 16847.47 16399.57 16415.99 0 0
2012/01/31 16604.84 16682.02 16434.36 16642.00 0 0
2012/02/01 16657.80 16829.84 16531.70 16575.36 0 0
2012/02/02 16864.55 17082.16 16772.43 17060.91 0 0
2012/02/03 16999.15 17120.00 16943.68 17093.46 0 0
2012/02/06 17306.54 17306.54 16917.73 17033.50 0 0
2012/02/07 17102.17 17151.87 16883.26 16937.64 0 0
2012/02/08 17056.56 17261.11 16991.19 17241.18 0 0
2012/02/09 17123.16 17280.21 16954.09 17187.11 0 0
2012/02/10 17100.04 17143.16 16706.81 16798.38 0 0
2012/02/13 16711.93 17024.12 16642.12 16890.34 0 0
2012/02/14 16820.51 16919.42 16713.80 16810.07 0 0
2012/02/15 16869.32 17241.97 16799.05 17211.53 0 0
2012/02/16 17071.26 17112.45 16919.35 17051.92 0 0
2012/02/17 17244.98 17315.37 17117.96 17249.50 0 0
2012/02/20 17549.44 17550.83 17143.14 17187.64 0 0
2012/02/21 17211.38 17238.08 16952.86 17217.36 0 0
2012/02/22 17091.09 17433.91 17075.01 17414.59 0 0
2012/02/23 17272.89 17385.97 17211.99 17253.60 0 0
2012/02/24 17305.26 17333.82 17120.59 17217.58 0 0
2012/02/27 17176.40 17373.44 16843.67 16997.23 0 0
2012/02/28 17135.05 17333.43 17068.52 17322.83 0 0
2012/02/29 17383.15 17497.12 17262.74 17419.25 0 0
2012/03/01 17330.89 17423.88 17035.77 17088.85 0 0
2012/03/02 17262.47 17322.36 17222.84 17289.56 0 0
2012/03/05 17251.81 17277.40 16858.10 16894.82 0 0
2012/03/06 16829.62 16829.62 16357.50 16377.07 0 0
2012/03/07 16115.27 16353.30 16103.31 16166.91 0 0
2012/03/08 16276.15 16460.78 16257.14 16449.73 0 0
2012/03/09 16506.66 16715.26 16504.67 16579.01 0 0
2012/03/12 16559.13 16689.66 16382.54 16534.27 0 0
2012/03/13 16671.60 16810.28 16665.56 16726.30 0 0
2012/03/14 16946.15 17003.26 16604.15 16644.01 0 0
2012/03/15 16615.45 16626.38 16407.89 16555.87 0 0
2012/03/16 16501.74 16637.86 16453.94 16520.25 0 0
2012/03/19 16600.99 16600.99 16233.48 16254.72 0 0
2012/03/20 16284.12 16284.12 15886.25 16010.96 0 0
2012/03/21 16036.11 16094.26 15781.81 15871.61 0 0
2012/03/22 15930.91 16006.07 15807.21 15859.08 0 0
2012/03/23 15688.43 15761.99 15577.32 15697.93 0 0
2012/03/26 15680.84 15691.77 15518.12 15599.91 0 0
2012/03/27 15812.44 15940.30 15804.31 15923.27 0 0
2012/03/28 15849.22 15875.88 15670.21 15761.70 0 0
2012/03/29 15557.84 15573.92 15393.38 15513.68 0 0
2012/03/30 15481.75 15692.32 15462.10 15671.54 0 0
2012/04/02 15758.73 15784.62 15591.31 15698.93 0 0
2012/04/03 15860.33 16033.15 15796.73 15994.58 0 0
2012/04/05 15639.16 15913.72 15616.97 15825.82 0 0
2012/04/10 15652.60 15761.92 15529.07 15607.84 0 0
2012/04/11 15400.04 15517.03 15348.96 15470.74 0 0
2012/04/12 15462.37 15752.03 15462.37 15707.56 0 0
2012/04/13 16001.18 16155.67 15973.49 16108.60 0 0
2012/04/16 15927.39 16007.72 15893.06 15972.86 0 0
2012/04/17 16002.28 16002.28 15716.99 15899.02 0 0
2012/04/18 16073.50 16154.91 15957.48 16049.67 0 0
2012/04/19 16031.93 16279.79 16031.93 16271.39 0 0
2012/04/20 16201.44 16364.28 16147.19 16275.42 0 0
2012/04/23 16226.96 16226.96 15907.11 15922.40 0 0
2012/04/24 15930.81 16102.42 15816.03 15932.24 0 0
2012/04/25 15988.45 16000.12 15860.83 15925.81 0 0
2012/04/26 16026.10 16105.69 15933.22 16071.27 0 0
2012/04/27 16204.27 16204.94 15978.78 16061.76 0 0
2012/04/30 16155.86 16343.51 16155.86 16320.84 0 0
2012/05/02 16409.22 16530.56 16373.71 16416.53 0 0
2012/05/03 16217.04 16222.03 16092.45 16182.47 0 0
2012/05/04 16026.77 16107.74 16006.59 16028.01 0 0
2012/05/07 15682.80 15720.11 15528.73 15574.71 0 0
2012/05/08 15655.78 15664.71 15446.09 15503.03 0 0
2012/05/09 15337.39 15362.04 15186.29 15253.95 0 0
2012/05/10 15164.00 15292.44 15028.82 15155.52 0 0
2012/05/11 14978.26 15008.44 14862.36 14939.39 0 0
2012/05/14 15028.47 15042.08 14678.55 14709.49 0 0
2012/05/15 14631.64 14872.72 14565.00 14859.19 0 0
2012/05/16 14594.95 14594.95 14307.69 14354.35 0 0
2012/05/17 14473.44 14554.12 14296.05 14322.24 0 0
2012/05/18 14028.70 14165.56 13843.69 14139.62 0 0
2012/05/21 14141.91 14221.83 14050.04 14147.42 0 0
2012/05/22 14274.42 14432.61 14254.71 14326.34 0 0
2012/05/23 14056.26 14175.78 14005.67 14142.19 0 0
2012/05/24 14138.24 14236.53 14074.38 14108.92 0 0
2012/05/25 14105.56 14159.75 13944.06 14111.17 0 0
2012/05/28 14035.96 14327.45 14035.96 14271.68 0 0
2012/05/29 14266.65 14592.65 14266.65 14591.30 0 0
2012/05/30 14499.98 14499.98 14242.99 14372.51 0 0
2012/05/31 14153.09 14414.90 14130.61 14391.77 0 0
2012/06/01 14252.08 14481.69 14252.08 14308.94 0 0
2012/06/04 14020.98 14020.98 13843.69 13953.59 0 0
2012/06/05 14079.12 14125.79 13980.24 13995.50 0 0
2012/06/06 14164.51 14248.67 14091.08 14229.51 0 0
2012/06/07 14474.01 14501.28 14232.89 14286.68 0 0
2012/06/08 14368.64 14368.64 14071.15 14117.84 0 0
2012/06/11 14496.09 14526.25 14400.79 14452.96 0 0
2012/06/12 14271.89 14462.57 14257.83 14395.59 0 0
2012/06/13 14455.22 14608.47 14289.83 14605.70 0 0
2012/06/14 14618.92 14618.92 14452.71 14477.32 0 0
2012/06/15 14561.62 14842.85 14561.62 14820.99 0 0
2012/06/18 15108.69 15108.69 14893.81 14933.86 0 0
2012/06/19 14960.04 14960.04 14833.71 14920.00 0 0
2012/06/20 15005.60 15021.37 14896.93 14953.36 0 0
2012/06/21 14953.64 14958.21 14711.96 14719.04 0 0
2012/06/22 14476.82 14584.83 14450.99 14476.50 0 0
2012/06/25 14475.36 14475.36 14254.35 14267.22 0 0
2012/06/26 14241.61 14336.21 14214.17 14319.42 0 0
2012/06/27 14300.44 14518.66 14252.02 14417.87 0 0
2012/06/28 14489.21 14508.13 14193.77 14227.63 0 0
2012/06/29 14247.42 14640.98 14234.92 14591.71 0 0
2012/07/03 14734.12 14815.29 14648.90 14800.08 0 0
2012/07/04 14905.90 14910.24 14751.18 14775.88 0 0
2012/07/05 14794.77 14869.02 14624.78 14804.02 0 0
2012/07/06 14747.90 14838.51 14650.63 14768.48 0 0
2012/07/09 14602.60 14692.22 14389.10 14413.94 0 0
2012/07/10 14442.98 14442.98 14271.88 14321.50 0 0
2012/07/11 14181.50 14310.55 14131.38 14301.18 0 0
2012/07/12 14231.91 14231.91 13973.13 13985.92 0 0
2012/07/13 14070.91 14192.39 14036.52 14097.11 0 0
2012/07/16 14204.91 14204.91 14047.26 14069.25 0 0
2012/07/17 14131.74 14360.16 14131.74 14316.31 0 0
2012/07/18 14308.65 14309.07 14070.30 14181.83 0 0
2012/07/19 14329.93 14556.89 14329.93 14522.81 0 0
2012/07/20 14558.23 14617.13 14487.57 14607.77 0 0
2012/07/23 14284.45 14284.45 14078.30 14151.52 0 0
2012/07/24 14179.57 14239.53 14024.87 14068.54 0 0
2012/07/25 13933.10 14115.25 13922.08 14071.03 0 0
2012/07/26 14054.20 14138.91 14005.26 14058.90 0 0
2012/07/27 14272.88 14441.25 14272.88 14345.75 0 0
2012/07/30 14558.59 14603.74 14448.86 14535.91 0 0
2012/07/31 14578.37 14795.02 14556.24 14766.14 0 0
2012/08/01 14668.30 14982.42 14668.30 14900.61 0 0
2012/08/02 14890.09 14890.09 14699.54 14758.76 0 0
2012/08/03 14613.25 14747.17 14530.46 14746.21 0 0
2012/08/06 15024.87 15043.46 14937.03 14978.12 0 0
2012/08/07 14954.31 15082.98 14924.91 15037.39 0 0
2012/08/08 15143.93 15148.76 14981.88 15063.41 0 0
2012/08/09 15092.36 15281.85 15092.36 15207.54 0 0
2012/08/10 15212.36 15231.03 15024.34 15120.60 0 0
2012/08/13 15172.35 15172.35 14972.43 14982.25 0 0
2012/08/14 15123.63 15155.76 14956.12 15136.19 0 0
2012/08/15 15037.70 15049.29 14889.51 14928.02 0 8464770048
2012/08/16 14988.61 14988.61 14827.41 14871.10 0 7728646144
2012/08/17 14972.13 15055.84 14941.56 15007.48 0 7880690176
2012/08/20 14972.89 14972.89 14809.43 14952.13 0 6784159744
2012/08/21 14991.15 15061.62 14905.71 14999.58 0 8140511232
2012/08/22 14895.89 14895.89 14764.79 14805.53 0 8882321408
2012/08/23 14894.03 15052.56 14894.03 15015.14 0 10019085312
2012/08/24 14825.06 14856.52 14738.27 14768.88 0 8894355456
2012/08/27 14850.20 14850.20 14533.94 14570.13 0 10618655744
2012/08/28 14488.54 14591.28 14450.87 14535.24 0 8527171584
2012/08/29 14589.22 14589.22 14453.80 14464.06 0 8998077440
2012/08/30 14359.16 14359.16 14219.81 14266.12 0 11906424832
2012/08/31 14227.13 14279.42 14161.55 14173.55 0 10061817856
2012/09/03 14109.56 14301.15 14090.83 14189.51 0 9373712384
2012/09/04 14168.90 14220.60 14036.74 14049.36 0 8600123392
2012/09/05 13950.42 13950.42 13786.90 13808.12 0 13668624384
2012/09/06 13803.14 13906.33 13772.80 13897.89 0 10634987520
2012/09/07 14120.85 14471.15 14070.25 14447.74 0 24110555136
2012/09/10 14471.72 14546.16 14369.60 14394.70 0 21417304064
2012/09/11 14316.56 14406.07 14175.58 14369.38 0 11283457024
2012/09/12 14485.54 14599.63 14472.51 14540.17 0 10785990656
2012/09/13 14517.56 14624.64 14496.03 14527.52 0 9711575040
2012/09/14 14915.44 15102.27 14915.44 15062.58 0 22145220608
2012/09/17 15146.65 15155.13 14947.50 14988.66 0 14491645952
2012/09/18 14927.20 14993.23 14798.66 14839.96 0 12155018240
2012/09/19 14879.36 15143.66 14867.37 15093.07 0 14498613248
2012/09/20 15097.58 15097.58 14857.14 14876.76 0 12498104320
2012/09/21 14975.13 15074.60 14933.46 15027.84 0 14990997504
2012/09/24 14896.24 15032.83 14796.23 14970.71 0 8156942336
2012/09/25 14963.87 15017.32 14847.52 14936.85 0 8509989376
2012/09/26 14769.93 14826.09 14692.50 14757.52 0 9053832192
2012/09/27 14727.04 15059.57 14723.69 14972.56 0 13077612544
2012/09/28 14936.54 15156.17 14932.63 15069.00 0 11692104704
2012/10/03 15148.97 15225.47 15007.71 15063.78 0 9721000960
2012/10/04 15053.69 15116.30 14987.39 15096.24 0 7370016768
2012/10/05 15195.34 15288.40 15141.49 15275.05 0 11117549568
2012/10/08 15249.97 15249.97 15070.92 15082.92 0 9618100224
2012/10/09 15187.34 15426.75 15187.34 15277.90 0 13392944128
2012/10/10 15191.44 15406.58 15181.17 15391.45 0 9785412608
2012/10/11 15327.08 15692.74 15327.08 15682.82 0 18165850112
2012/10/12 15742.71 15961.03 15742.71 15857.69 0 18250016768
2012/10/15 15907.87 15976.48 15830.94 15903.73 0 11951765504
2012/10/16 16000.59 16000.59 15812.14 15892.11 0 12227995648
2012/10/17 16058.02 16120.65 15988.84 16082.19 0 15817113600
2012/10/18 16151.02 16370.82 16151.02 16304.14 0 21684480000
2012/10/19 16386.40 16433.43 16326.22 16376.73 0 14999840768
2012/10/22 16282.43 16494.99 16255.77 16467.46 0 12927995904
2012/10/24 16339.42 16415.23 16244.13 16307.93 0 14194785280
2012/10/25 16300.54 16379.61 16162.80 16273.75 0 15269728256
2012/10/26 16326.76 16342.93 15950.83 16017.91 0 13331433472
2012/10/29 16049.69 16220.81 15987.64 16166.16 0 12312851456
2012/10/30 16197.72 16247.87 15968.38 16031.29 0 11928092672
2012/10/31 16128.67 16225.80 16067.86 16221.06 0 13082241024
2012/11/01 16124.17 16412.36 16071.73 16403.71 0 15772512256
2012/11/02 16600.56 16708.42 16569.53 16606.84 0 17791922176
2012/11/05 16566.50 16675.05 16495.28 16506.52 0 10416672768
2012/11/06 16582.93 16582.93 16303.04 16454.61 0 10616823808
2012/11/07 16528.05 16587.73 16300.03 16575.60 0 13281056768
2012/11/08 16310.06 16413.48 16125.63 16136.87 0 13818749952
2012/11/09 15978.98 16112.77 15965.00 16026.07 0 13173712896
2012/11/12 16029.35 16112.77 15977.18 16008.63 0 9371942912
2012/11/13 15956.42 15970.82 15670.80 15681.50 0 11989116928
2012/11/14 15757.43 15953.24 15705.11 15950.82 0 11171081216
2012/11/15 15739.38 15802.73 15621.50 15634.79 0 11428569088
2012/11/16 15713.44 15758.53 15633.55 15700.86 0 9566338048
2012/11/19 15736.28 15827.83 15625.36 15773.70 0 10309496832
2012/11/20 15939.35 15950.54 15656.28 15677.17 0 9575317504
2012/11/21 15814.64 15942.94 15662.54 15938.51 0 10701351936
2012/11/22 15983.13 16126.33 15906.79 16083.15 0 11549302784
2012/11/23 16070.81 16260.94 16070.81 16259.28 0 11055646720
2012/11/26 16341.25 16341.25 16146.87 16200.15 0 9204615168
2012/11/27 16284.36 16330.63 16125.76 16137.95 0 9447389184
2012/11/28 16042.22 16042.22 15850.29 15940.70 0 11622247424
2012/11/29 16038.83 16176.00 16006.99 16077.04 0 10113099776
2012/11/30 16099.74 16338.86 16088.40 16283.32 0 15915413504
2012/12/03 16297.13 16381.77 15972.22 16032.29 0 10627449856
2012/12/04 16019.66 16149.79 15894.61 16131.90 0 10308992000
2012/12/05 16159.75 16614.60 16144.42 16601.19 0 36801503232
2012/12/06 16696.34 16721.75 16578.58 16654.89 0 13445659648
2012/12/07 16711.75 16889.32 16690.76 16737.93 0 18150250496
2012/12/10 16888.09 16928.89 16807.89 16852.37 0 13917475840
2012/12/11 16918.88 16963.61 16798.44 16849.24 0 14262999040
2012/12/12 16953.40 17111.21 16953.40 17109.37 0 16499312640
2012/12/13 17098.67 17219.71 16996.91 17080.80 0 12948093952
2012/12/14 17008.00 17398.89 17008.00 17332.96 0 18842431488
2012/12/17 17349.52 17453.05 17258.27 17312.56 0 15687837696
2012/12/18 17364.05 17430.14 17263.37 17324.23 0 13707884544
2012/12/19 17459.60 17503.11 17377.12 17457.09 0 14885138432
2012/12/20 17433.85 17452.23 17218.39 17401.98 0 14725529600
2012/12/21 17291.62 17323.96 17180.78 17212.89 0 16427500544
2012/12/24 17211.95 17347.47 17211.95 17277.05 0 6157131776
2012/12/27 17436.06 17548.70 17371.31 17395.93 0 9750478848
2012/12/28 17526.82 17526.82 17373.37 17441.52 0 9438980096
2012/12/31 17374.10 17544.88 17345.57 17530.30 0 7012403712
2013/01/02 17730.11 18243.64 17730.11 18237.72 0 22153768960
2013/01/03 18361.64 18377.97 18168.82 18375.04 0 22600609792
2013/01/04 18367.27 18367.27 18129.35 18298.73 0 15041533952
2013/01/07 18274.63 18388.77 18213.58 18353.33 0 14154082304
2013/01/08 18256.95 18256.95 17920.74 17956.43 0 21992882176
2013/01/09 18035.27 18197.00 18023.54 18115.27 0 16200034304
2013/01/10 18133.96 18413.25 18072.99 18289.56 0 19160709120
2013/01/11 18404.24 18430.94 18104.57 18153.32 0 14890621952
2013/01/14 18182.60 18437.50 18182.60 18400.36 0 14016976896
2013/01/15 18327.52 18538.93 18317.58 18405.05 0 12777962496
2013/01/16 18346.39 18346.39 18098.48 18252.84 0 13435687936
2013/01/17 18360.01 18360.01 18029.44 18177.26 0 11858075648
2013/01/18 18361.14 18566.28 18361.14 18556.64 0 18344488960
2013/01/21 18526.20 18622.25 18489.09 18587.58 0 11081994240
2013/01/22 18560.34 18768.85 18488.73 18696.18 0 13910063104
2013/01/23 18731.23 18735.83 18521.08 18650.13 0 14979247104
2013/01/24 18525.94 18741.88 18495.75 18541.41 0 13782375424
2013/01/25 18617.22 18617.22 18276.82 18397.37 0 15504656384
2013/01/28 18397.48 18579.61 18397.48 18548.02 0 13391991808
2013/01/29 18506.54 18603.23 18423.53 18513.97 0 23696351232
2013/01/30 18615.18 18757.23 18603.99 18658.62 0 17435029504
2013/01/31 18600.71 18618.19 18413.35 18594.78 0 15554033664
2013/02/01 18586.34 18737.26 18380.19 18724.22 0 15766576128
2013/02/04 18842.20 18937.59 18573.70 18634.63 0 77904986112
2013/02/05 18190.29 18322.57 18063.26 18108.56 0 23519903744
2013/02/06 18236.35 18295.36 18144.96 18163.52 0 14294958080
2013/02/07 18106.94 18126.62 17861.11 17907.08 0 18135523328
2013/02/08 17811.31 17917.27 17803.59 17857.76 0 16365901824
2013/02/14 18025.90 18196.78 17935.69 18120.89 0 12751251456
2013/02/15 17996.84 18190.43 17982.91 18157.32 0 9451880448
2013/02/18 18174.67 18203.35 17920.56 17988.73 0 10618875904
2013/02/19 17955.33 18063.83 17662.67 17667.56 0 14555714560
2013/02/20 17762.89 17919.85 17695.96 17908.74 0 14045289472
2013/02/21 17647.14 17651.60 17397.82 17515.07 0 18141820928
2013/02/22 17441.64 17499.79 17338.21 17347.84 0 14404970496
2013/02/25 17419.65 17525.34 17332.91 17373.68 0 9124754432
2013/02/26 17205.76 17314.09 16990.40 17021.29 0 14208727040
2013/02/27 17124.08 17163.09 16923.77 17082.98 0 13184081920
2013/02/28 17329.47 17577.39 17236.87 17531.86 0 19831891968
2013/03/01 17428.41 17551.85 17367.05 17389.41 0 17143304192
2013/03/04 17350.44 17350.44 16943.86 17022.13 0 17435996160
2013/03/05 17113.46 17199.08 17012.50 17121.58 0 15743329280
2013/03/06 17325.01 17470.05 17276.00 17412.09 0 16215302144
2013/03/07 17366.09 17435.90 17203.02 17339.14 0 10513349632
2013/03/08 17446.82 17674.61 17446.82 17604.17 0 14514721792
2013/03/11 17648.06 17710.20 17493.51 17529.78 0 10644975616
2013/03/12 17540.15 17723.56 17290.60 17309.53 0 15272557568
2013/03/13 17280.94 17280.94 16873.74 16919.07 0 16324243456
2013/03/14 16848.49 17074.04 16701.35 17018.01 0 16943206400
2013/03/15 17036.05 17183.22 16799.66 16893.75 0 24232755200
2013/03/18 16545.17 16642.15 16435.56 16547.02 0 17099390976
2013/03/19 16595.77 16716.15 16435.13 16463.24 0 13176311808
2013/03/20 16464.71 16861.49 16422.12 16829.15 0 14703455232
2013/03/21 16884.11 17035.43 16727.00 16776.42 0 13112357888
2013/03/22 16730.99 16817.92 16603.98 16703.03 0 11041568768
2013/03/25 16918.21 16953.25 16780.37 16828.00 0 12423395328
2013/03/26 16805.87 16811.38 16607.18 16746.95 0 14162599936
2013/03/27 16820.13 17054.60 16820.13 16913.24 0 14361426944
2013/03/28 16802.17 16802.17 16494.70 16702.64 0 21446383616
2013/04/02 16576.31 16847.80 16505.14 16572.69 0 14791678976
2013/04/03 16661.14 16661.14 16419.07 16492.00 0 12179855360
2013/04/05 16428.73 16428.73 15953.76 15986.92 0 18419617792
2013/04/08 16019.61 16090.09 15960.67 15987.62 0 12317392896
2013/04/09 16090.03 16388.21 16090.03 16265.07 0 13671380992
2013/04/10 16377.64 16393.01 16243.94 16393.01 0 14308962304
2013/04/11 16507.45 16613.18 16354.63 16414.50 0 13077263360
2013/04/12 16482.13 16482.13 16276.62 16333.92 0 9582870528
2013/04/15 16219.85 16219.85 15933.40 16004.48 0 13730309120
2013/04/16 15813.82 16096.92 15772.66 15982.70 0 13397729280
2013/04/17 16042.34 16042.34 15790.12 15790.12 0 14956277760
2013/04/18 15622.47 15894.34 15622.47 15737.48 0 11116710912
2013/04/19 15743.53 16263.04 15743.53 16229.12 0 16228114432
2013/04/22 16235.40 16320.61 16111.31 16234.39 0 11835040768
2013/04/23 16259.57 16259.57 15883.11 15980.45 0 15123326976
2013/04/24 16218.70 16332.50 16110.95 16301.26 0 14412642304
2013/04/25 16466.27 16608.54 16338.57 16513.38 0 17189294080
2013/04/26 16680.48 16790.21 16607.12 16607.38 0 16403567616
2013/04/29 16548.75 16629.15 16415.52 16533.05 0 11930185728
2013/04/30 16707.58 16805.15 16656.57 16735.97 0 13204927488
2013/05/02 16612.07 16615.76 16442.88 16594.01 0 11799828480
2013/05/03 16733.69 16822.22 16594.63 16625.64 0 11271810048
2013/05/06 16870.60 16974.69 16783.38 16864.44 0 12241350656
2013/05/07 16856.84 17051.12 16784.40 17038.09 0 12912277504
2013/05/08 17185.97 17347.70 17082.18 17298.19 0 16482625536
2013/05/09 17404.58 17412.03 17173.28 17270.82 0 11745746944
2013/05/10 17268.30 17416.44 17239.48 17394.26 0 12067035136
2013/05/13 17265.81 17265.81 16993.43 17029.22 0 12468008960
2013/05/14 17134.64 17149.52 16831.61 16922.27 0 11206317056
2013/05/15 17013.69 17112.74 16956.12 17006.83 0 10606412800
2013/05/16 16959.57 17018.08 16803.67 16908.92 0 10382706688
2013/05/20 17113.71 17266.27 17113.71 17165.27 0 13544171520
2013/05/21 17084.46 17084.46 16952.31 17006.74 0 23105673216
2013/05/22 16986.62 17148.03 16829.82 16960.43 0 12613568512
2013/05/23 16813.72 16906.92 16449.41 16490.35 0 19519741952
2013/05/24 16555.07 16637.21 16335.34 16452.91 0 11544739840
2013/05/27 16396.61 16529.91 16388.43 16500.77 0 8250411008
2013/05/28 16551.06 16782.36 16460.95 16761.07 0 10541582336
2013/05/29 16703.26 16735.29 16472.34 16524.81 0 13427806208
2013/05/30 16545.74 16654.60 16238.52 16443.83 0 14807820288
2013/05/31 16445.62 16462.81 16208.59 16304.19 0 18113976320
2013/06/03 16222.11 16411.99 16191.39 16225.62 0 12311685120
2013/06/04 16286.30 16341.03 16183.54 16245.05 0 10949126144
2013/06/05 16136.38 16171.59 15985.10 16145.91 0 11372092416
2013/06/06 16007.74 16074.58 15926.47 15979.21 0 11748974592
2013/06/07 15985.77 16048.13 15774.66 15824.45 0 12366473216
2013/06/10 15880.46 15954.99 15634.95 15772.33 0 10413993984
2013/06/11 15667.98 15741.37 15461.80 15511.89 0 14331719680
2013/06/13 15317.67 15317.67 14927.10 15187.26 0 22939252736
2013/06/14 15299.48 15387.88 15134.72 15154.53 0 16497508352
2013/06/17 15241.02 15485.86 15241.02 15366.61 0 12800790528
2013/06/18 15282.78 15367.53 15149.46 15355.57 0 11498626048
2013/06/19 15307.61 15321.39 15050.46 15127.80 0 13311108096
2013/06/20 14898.62 14898.62 14644.71 14657.67 0 17627308032
2013/06/21 14320.44 14726.84 14304.42 14613.65 0 28507023360
2013/06/24 14407.51 14457.71 14048.80 14146.69 0 18671474688
2013/06/25 14090.75 14267.51 13675.63 14040.33 0 24982544384
2013/06/26 14306.14 14562.02 14183.65 14507.25 0 21664409600
2013/06/27 14598.18 14842.44 14429.00 14530.81 0 18007040000
2013/06/28 14649.66 14825.10 14529.73 14792.56 0 17912152064
2013/07/02 14937.82 14937.82 14580.74 14622.92 0 18068289536
2013/07/03 14549.79 14549.79 14129.19 14147.61 0 18728593408
2013/07/04 14271.14 14474.53 14236.76 14344.74 0 12120963072
2013/07/05 14569.55 14695.36 14548.74 14639.33 0 12400592896
2013/07/08 14376.59 14513.00 14110.69 14407.19 0 12515995648
2013/07/09 14414.29 14536.87 14307.60 14389.54 0 8480622080
2013/07/10 14548.05 14719.37 14365.65 14650.02 0 12827015168
2013/07/11 14878.20 15300.93 14878.20 15185.03 0 19831566336
2013/07/12 15264.45 15264.45 14955.45 14997.52 0 15934983168
2013/07/15 15009.17 15207.41 14951.91 15016.44 0 9797181440
2013/07/16 15052.86 15070.28 14853.81 14975.02 0 8188044288
2013/07/17 15031.38 15197.61 14924.61 15072.54 0 9932303360
2013/07/18 15122.91 15154.13 14996.77 15090.38 0 9514604544
2013/07/19 15082.53 15089.44 14887.60 15021.13 0 10504170496
2013/07/22 15116.02 15116.02 14867.90 14967.95 0 8869115904
2013/07/23 15109.01 15591.94 15109.01 15548.38 0 20754124800
2013/07/24 15574.46 15574.46 15369.25 15545.75 0 12226135040
2013/07/25 15505.16 15578.43 15451.54 15507.45 0 10483859456
2013/07/26 15456.86 15669.66 15420.64 15512.31 0 10126476288
2013/07/29 15421.35 15433.42 15224.97 15330.11 0 9453393920
2013/07/30 15373.43 15544.25 15275.38 15375.48 0 9141910528
2013/07/31 15299.03 15523.15 15299.03 15357.88 0 9859766272
2013/08/01 15464.13 15563.04 15379.84 15461.86 0 8324855296
2013/08/02 15626.43 15650.56 15423.55 15479.16 0 9225213952
2013/08/05 15552.50 15569.00 15456.12 15465.09 0 6215800832
2013/08/06 15349.34 15378.12 15143.64 15344.98 0 8578440704
2013/08/07 15191.13 15321.15 14989.56 15020.53 0 10351603712
2013/08/08 15103.74 15221.98 15060.78 15081.37 0 7707201024
2013/08/09 15193.19 15285.87 15152.32 15263.93 0 8158714368
2013/08/12 15278.84 15816.62 15240.38 15786.41 0 20196560896
2013/08/13 15844.76 16212.63 15768.81 16195.87 0 24092198912
2013/08/15 16215.85 16389.96 16161.42 16229.57 0 20315586560
2013/08/16 16103.39 16485.89 15995.19 16250.97 0 19000571904
2013/08/19 16174.12 16331.97 16108.28 16217.39 0 9091628032
2013/08/20 16139.93 16278.32 15663.13 15750.98 0 15253637120
2013/08/21 15776.50 15776.50 15519.43 15673.22 0 11299115008
2013/08/22 15446.13 15862.38 15446.13 15849.58 0 12098289664
2013/08/23 15973.00 16058.40 15696.10 15793.27 0 12583732224
2013/08/26 15888.81 16097.14 15831.82 16020.23 0 10990025728
2013/08/27 15958.07 16018.11 15785.00 15882.11 0 10021840896
2013/08/28 15623.13 15699.55 15455.12 15527.47 0 15090454528
2013/08/29 15662.59 15752.52 15557.51 15663.46 0 11949237248
2013/08/30 15575.92 15672.30 15485.69 15622.91 0 12470856704
2013/09/02 15848.66 16008.97 15848.66 15996.37 0 14164543488
2013/09/03 16114.98 16369.06 16114.98 16308.05 0 17103251456
2013/09/04 16132.66 16381.42 16075.47 16310.38 0 26093625344
2013/09/05 16515.39 16586.47 16439.55 16500.24 0 15708131328
2013/09/06 16455.74 16572.80 16434.21 16492.54 0 13089191936
2013/09/09 16647.15 16876.60 16647.15 16810.18 0 17789521920
2013/09/10 17008.93 17097.22 16923.03 17079.61 0 20854067200
2013/09/11 17182.78 17221.52 16902.44 16986.26 0 17110925312
2013/09/12 17037.65 17145.64 16964.89 16987.57 0 14826547200
2013/09/13 16940.44 16940.44 16695.48 16830.12 0 13710804992
2013/09/16 17092.02 17124.74 16997.16 17097.91 0 12740787200
2013/09/17 17134.30 17134.30 16932.86 17008.52 0 11839506432
2013/09/18 17076.13 17076.13 16864.59 16910.11 0 9964347392
2013/09/19 17285.38 17297.33 17125.53 17200.03 0 17862006784
2013/09/23 17212.59 17212.59 16984.93 17117.28 0 11138070528
2013/09/24 17077.38 17094.26 16830.85 16927.91 0 12067933184
2013/09/25 16962.98 17073.74 16883.46 16926.36 0 11105224704
2013/09/26 16899.78 16909.23 16744.62 16835.08 0 12141805568
2013/09/27 16891.25 16903.34 16672.48 16760.53 0 12125198336
2013/09/30 16569.36 16603.31 16453.82 16475.88 0 12380356608
2013/10/02 16604.45 16673.86 16472.82 16503.77 0 11055513600
2013/10/03 16653.78 16809.16 16564.61 16792.79 0 8996757504
2013/10/04 16639.94 16805.81 16592.79 16797.14 0 7911340544
2013/10/07 16751.47 16751.47 16529.17 16653.23 0 8814219264
2013/10/08 16645.60 16884.59 16577.90 16825.35 0 9976919040
2013/10/09 16662.40 16803.15 16629.28 16778.35 0 9446891520
2013/10/10 16819.79 16819.79 16503.05 16705.95 0 10836017152
2013/10/11 16978.65 17018.73 16888.11 16898.52 0 11218233344
2013/10/15 17095.67 17095.67 16957.95 17042.93 0 10733484032
2013/10/16 17054.63 17054.63 16872.24 16976.82 0 9009084416
2013/10/17 17087.51 17087.51 16856.33 16879.28 0 11234557952
2013/10/18 16978.51 17077.13 16922.47 16999.59 0 10888514560
2013/10/21 17115.45 17160.49 16964.75 17038.18 0 9349497856
2013/10/22 16988.09 17032.08 16903.53 17014.59 0 8495265792
2013/10/23 17125.26 17198.52 16679.59 16701.39 0 14439972864
2013/10/24 16626.88 16645.98 16441.86 16485.46 0 14042286080
2013/10/25 16350.53 16429.51 16200.62 16254.99 0 14865607680
2013/10/28 16325.19 16440.88 16315.14 16383.72 0 9877895168
2013/10/29 16452.21 16652.98 16452.21 16594.77 0 12907913216
2013/10/30 16690.44 17003.12 16655.72 16994.56 0 15897542656
2013/10/31 16826.40 17004.85 16826.40 16972.41 0 16307568640
2013/11/01 17009.92 17122.85 16930.34 17054.93 0 11429525504
2013/11/04 17133.72 17164.85 17044.96 17066.71 0 8804589568
2013/11/05 17125.53 17125.53 16842.97 16988.59 0 9899969536
2013/11/06 16929.67 16987.84 16829.81 16867.88 0 10999720960
2013/11/07 16838.25 16838.25 16646.70 16728.55 0 8973906944
2013/11/08 16576.95 16672.76 16551.49 16595.03 0 9351145472
2013/11/11 16579.92 16993.98 16461.84 16901.94 0 10521476096
2013/11/12 16919.71 16983.98 16784.87 16867.95 0 9146667008
2013/11/13 16693.14 16693.14 16394.20 16412.77 0 15220021248
2013/11/14 16548.23 16657.79 16471.76 16595.68 0 9642328064
2013/11/15 16687.68 17117.24 16687.68 17093.28 0 18590273536
2013/11/18 17545.89 18108.07 17545.89 18058.93 0 42959831040
2013/11/19 18404.24 18431.96 18041.21 18152.21 0 34447745024
2013/11/20 18296.10 18434.84 18227.61 18267.19 0 18272442368
2013/11/21 18218.96 18218.96 17930.07 18100.60 0 24639283200
2013/11/22 18328.58 18432.28 18189.13 18285.23 0 19684208640
2013/11/25 18402.52 18402.52 18180.92 18186.97 0 16485005312
2013/11/26 18156.59 18226.89 18005.47 18050.92 0 13463414784
2013/11/27 18033.81 18241.68 17982.24 18210.52 0 15230375936
2013/11/28 18412.66 18488.74 18123.50 18183.89 0 14156594176
2013/11/29 18275.92 18301.82 18148.20 18273.30 0 8392666624
2013/12/02 18343.04 18587.93 18215.91 18443.87 0 15693315072
2013/12/03 18290.33 18360.29 18209.20 18284.60 0 13260075008
2013/12/04 18086.92 18338.41 17952.55 18157.53 0 14570275840
2013/12/05 18102.80 18221.31 18013.11 18200.58 0 11002206208
2013/12/06 18088.30 18293.93 18060.84 18169.32 0 14487832576
2013/12/09 18426.07 18432.21 18198.40 18259.97 0 11944237056
2013/12/10 18236.15 18282.40 18129.06 18178.89 0 10001997824
2013/12/11 18156.82 18156.82 17601.93 17686.61 0 17434525696
2013/12/12 17576.01 17643.37 17430.88 17508.12 0 14343356416
2013/12/13 17392.28 17710.94 17335.68 17609.76 0 12915102720
2013/12/16 17494.06 17554.26 17364.13 17460.36 0 11315756032
2013/12/17 17594.49 17596.19 17361.60 17399.69 0 11386499072
2013/12/18 17372.03 17621.07 17315.64 17507.10 0 11176783872
2013/12/19 17674.02 17705.63 17069.65 17213.82 0 15844112384
2013/12/20 17179.07 17235.28 16871.74 16975.20 0 20292337664
2013/12/23 17082.44 17145.48 16944.89 17005.31 0 9534986240
2013/12/24 17089.00 17338.49 17089.00 17304.09 0 6865615360
2013/12/27 17167.46 17375.30 17157.65 17297.18 0 7560585728
2013/12/30 17422.99 17422.99 17131.67 17202.30 0 8218897408
2013/12/31 17236.72 17358.23 17220.36 17274.89 0 5838521344
2014/01/02 17339.15 17379.45 16972.74 17104.31 0 8919440384
2014/01/03 16833.57 16847.71 16592.55 16668.97 0 15637592064
2014/01/06 16574.69 16591.67 16342.53 16435.45 0 13402030080
2014/01/07 16364.04 16423.07 16292.41 16348.52 0 12948852736
2014/01/08 16350.29 16555.91 16289.39 16498.17 0 16375930880
2014/01/09 16391.80 16557.31 16175.40 16215.46 0 14480471040
2014/01/10 16130.63 16293.39 16119.18 16234.41 0 11810007040
2014/01/13 16414.89 16428.91 16182.46 16262.81 0 8840373248
2014/01/14 16027.44 16302.77 16027.44 16209.72 0 12535181312
2014/01/15 16398.98 16436.03 16242.27 16293.68 0 10450850816
2014/01/16 16357.14 16357.14 16174.97 16270.89 0 12059242496
2014/01/17 16151.47 16410.48 16040.82 16238.56 0 15124125696
2014/01/20 16091.92 16167.36 15974.57 16035.53 0 12618645504
2014/01/21 16180.80 16397.32 16172.85 16320.23 0 13884414976
2014/01/22 16265.98 16545.91 16237.15 16493.22 0 13637396480
2014/01/23 16523.71 16550.19 16130.24 16146.26 0 15053838336
2014/01/24 15952.22 16192.82 15946.11 15993.78 0 14399801344
2014/01/27 15646.01 15732.69 15530.67 15640.12 0 18482722816
2014/01/28 15705.57 15746.81 15556.88 15594.41 0 15328478208
2014/01/29 15741.52 15901.39 15741.52 15808.52 0 13907767296
2014/01/30 15532.09 15686.83 15443.73 15681.29 0 9800589312
2014/02/04 15238.07 15256.49 15138.19 15188.24 0 15885017088
2014/02/05 15305.52 15321.10 15055.78 15125.91 0 11510244352
2014/02/06 15170.24 15296.12 15156.84 15233.06 0 10576807936
2014/02/07 15336.54 15467.35 15263.43 15405.03 0 11266666496
2014/02/10 15394.34 15526.89 15330.38 15354.54 0 10974451712
2014/02/11 15356.38 15831.70 15356.38 15742.76 0 16278786048
2014/02/12 15854.49 16019.12 15816.25 15966.21 0 15145837568
2014/02/13 15869.05 15893.83 15706.63 15768.09 0 9779658752
2014/02/14 15944.27 15968.54 15817.28 15865.56 0 8220686336
2014/02/17 16039.97 16200.64 16039.97 16133.05 0 10079100928
2014/02/18 16100.21 16100.21 15965.34 16063.76 0 8005380096
2014/02/19 16008.73 16139.47 15915.20 16063.27 0 10119012352
2014/02/20 16090.73 16286.17 15765.20 15936.35 0 19620823040
2014/02/21 16134.02 16136.40 15800.86 15869.58 0 11609997312
2014/02/24 15829.06 15829.06 15472.20 15648.54 0 12325312512
2014/02/25 15796.74 15801.71 15472.84 15557.03 0 10098010112
2014/02/26 15485.83 15735.99 15424.74 15661.60 0 12650569728
2014/02/27 15644.35 15941.98 15582.77 15903.95 0 14289979392
2014/02/28 15943.85 16030.32 15682.56 15797.97 0 14757148672
2014/03/03 15591.06 15784.16 15530.04 15574.74 0 11926777856
2014/03/04 15597.80 15729.34 15523.02 15614.87 0 10415690752
2014/03/05 15735.06 15735.06 15395.06 15431.54 0 11309318144
2014/03/06 15412.42 15581.44 15386.26 15449.09 0 11534610432
2014/03/07 15486.76 15619.50 15444.34 15507.40 0 12140556288
2014/03/10 15300.89 15319.42 15170.20 15231.67 0 12914867200
2014/03/11 15208.90 15314.69 15173.50 15205.19 0 9542140928
2014/03/12 15003.78 15018.58 14859.69 14956.44 0 14247434240
2014/03/13 15015.01 15223.90 14869.51 14890.02 0 12049821696
2014/03/14 14767.60 14878.70 14705.89 14851.23 0 12356628480
2014/03/17 14889.72 14947.55 14832.99 14906.14 0 8170163200
2014/03/18 14963.44 14988.53 14840.52 14920.92 0 11198799872
2014/03/19 14910.09 14984.25 14809.78 14950.34 0 10441957376
2014/03/20 14829.67 14954.98 14629.41 14698.58 0 14951774208
2014/03/21 14760.51 15112.45 14700.34 15056.76 0 19159681024
2014/03/24 15246.19 15540.95 15146.48 15484.20 0 18313048064
2014/03/25 15433.31 15619.01 15394.77 15477.65 0 11431325696
2014/03/26 15642.99 15807.19 15636.38 15731.23 0 16223270912
2014/03/27 15782.26 15884.76 15604.26 15769.40 0 15269552128
2014/03/28 15855.38 16061.38 15855.38 15974.29 0 16932886528
2014/03/31 16124.26 16124.26 15932.89 16091.34 0 14995552256
2014/04/01 16164.66 16220.95 16029.39 16128.36 0 12198782976
2014/04/02 16165.50 16172.80 15948.59 16007.86 0 12330359808
2014/04/03 16200.67 16242.85 16077.02 16121.20 0 12070871040
2014/04/04 16154.88 16255.61 16072.32 16147.10 0 10570795008
2014/04/07 16161.62 16278.79 16121.74 16221.96 0 9936665600
2014/04/08 16257.29 16543.25 16252.80 16485.39 0 18008012800
2014/04/09 16563.02 16679.36 16458.09 16579.49 0 16038299648
2014/04/10 16596.46 16915.39 16326.22 16644.29 0 27662313472
2014/04/11 16519.29 16542.18 16228.34 16336.21 0 24514615296
2014/04/14 16324.24 16445.73 16235.34 16361.13 0 11759336448
2014/04/15 16359.64 16359.80 15996.40 16017.29 0 12970006528
2014/04/16 16007.42 16172.77 15950.19 16028.82 0 11237605376
2014/04/17 16144.65 16160.27 15998.30 16099.53 0 8867784704
2014/04/22 15988.54 16055.97 15894.74 16020.47 0 10193431552
2014/04/23 16108.95 16108.95 15796.58 15820.68 0 10297286656
2014/04/24 15900.05 15923.83 15788.06 15876.57 0 9187465216
2014/04/25 15827.82 15897.28 15628.19 15649.90 0 12180531200
2014/04/28 15654.81 15728.96 15590.71 15604.21 0 10593924096
2014/04/29 15694.24 15800.29 15491.39 15784.43 0 12176352256
2014/04/30 15738.64 15741.82 15532.06 15619.57 0 14231315456
2014/05/02 15583.44 15794.26 15583.44 15655.90 0 8913073152
2014/05/05 15679.13 15755.55 15454.22 15561.39 0 7380569088
2014/05/07 15522.01 15562.26 15365.16 15421.28 0 11396323328
2014/05/08 15499.80 15675.76 15462.96 15548.10 0 9824983040
2014/05/09 15496.95 15572.29 15420.71 15467.63 0 10054354944
2014/05/12 15510.45 15793.35 15376.21 15696.45 0 13114449920
2014/05/13 15782.53 15807.61 15691.65 15748.42 0 9127546880
2014/05/14 15843.97 16046.95 15771.16 15965.41 0 14268879872
2014/05/15 15974.89 15995.65 15847.13 15935.59 0 9238791168
2014/05/16 15814.09 15915.38 15759.68 15910.19 0 8483011584
2014/05/19 15875.33 15875.33 15689.03 15846.18 0 7976657920
2014/05/20 15847.88 15943.05 15768.71 15796.52 0 10015643648
2014/05/21 15779.67 16031.44 15709.13 15974.18 0 11292947456
2014/05/22 16069.59 16275.74 16059.81 16190.78 0 15071514624
2014/05/23 16240.60 16267.13 16186.63 16227.02 0 10080940032
2014/05/26 16310.41 16321.89 16137.14 16235.71 0 8053915136
2014/05/27 16251.47 16251.47 16104.64 16165.77 0 6393267200
2014/05/28 16266.83 16461.19 16195.27 16383.56 0 13161222144
2014/05/29 16423.50 16508.25 16313.59 16364.20 0 14186729472
2014/05/30 16418.58 16561.20 16363.24 16472.95 0 16176230400
2014/06/03 16732.70 16732.70 16587.24 16690.64 0 16045674496
2014/06/04 16701.06 16715.66 16560.91 16622.89 0 9172919296
2014/06/05 16578.14 16713.76 16538.44 16698.70 0 9730113536
2014/06/06 16784.83 16792.43 16613.44 16661.49 0 12849905664
2014/06/09 16727.17 16814.24 16675.17 16767.51 0 11222671360
2014/06/10 16824.86 16986.71 16773.45 16947.99 0 14848272384
2014/06/11 16903.96 16951.91 16868.21 16931.56 0 10625704960
2014/06/12 16888.43 16937.51 16823.24 16925.41 0 9675358208
2014/06/13 16875.79 17090.88 16875.79 17063.85 0 12225214464
2014/06/16 17043.89 17156.63 17011.14 17078.06 0 11028967424
2014/06/17 17056.82 17071.14 16937.85 16988.02 0 10787233792
2014/06/18 16960.36 17067.51 16918.40 16951.92 0 10214594560
2014/06/19 17080.91 17118.00 16901.48 16915.79 0 10463897600
2014/06/20 16978.48 17068.31 16894.40 16984.87 0 10502227968
2014/06/23 16970.86 17168.56 16667.05 16670.99 0 14484543488
2014/06/24 16749.56 16815.98 16702.09 16758.41 0 10196784128
2014/06/25 16796.45 16798.63 16630.53 16688.40 0 8499190272
2014/06/26 16786.61 16945.72 16770.36 16945.72 0 9449922560
2014/06/27 16976.04 16983.50 16770.14 16901.68 0 9185455104
2014/06/30 16937.69 17071.60 16814.61 16946.82 0 10561540096
2014/07/02 17115.34 17286.62 17057.89 17252.36 0 14608256000
2014/07/03 17298.84 17394.41 17248.97 17336.98 0 10153719808
2014/07/04 17437.10 17467.33 17367.36 17395.49 0 8709705728
2014/07/07 17435.79 17469.02 17336.97 17391.81 0 7595212800
2014/07/08 17446.06 17454.62 17350.99 17421.07 0 8922415104
2014/07/09 17373.69 17401.50 17088.42 17149.13 0 11029364736
2014/07/10 17228.00 17237.93 17128.75 17205.27 0 9467465728
2014/07/11 17147.28 17260.56 17118.25 17224.32 0 7375242240
2014/07/14 17303.83 17434.08 17269.26 17356.06 0 8297069568
2014/07/15 17474.70 17490.14 17333.65 17408.12 0 8264725504
2014/07/16 17427.88 17476.24 17305.67 17385.28 0 10143959040
2014/07/17 17437.20 17437.20 17260.35 17371.46 0 8882908160
2014/07/18 17234.96 17331.17 17150.37 17328.60 0 7200653312
2014/07/21 17373.54 17373.54 17167.81 17186.70 0 7882850816
2014/07/22 17279.86 17635.51 17256.79 17600.77 0 14672332800
2014/07/23 17647.37 17974.88 17646.80 17958.40 0 18525245440
2014/07/24 18038.25 18186.36 18003.05 18155.67 0 20909408256
2014/07/25 18213.70 18271.89 18047.97 18244.74 0 17070067712
2014/07/28 18274.31 18508.08 18274.31 18378.78 0 18433472512
2014/07/29 18460.12 18493.62 18362.34 18461.10 0 21265053696
2014/07/30 18486.49 18682.34 18390.86 18456.96 0 20862033920
2014/07/31 18537.52 18611.43 18326.44 18475.02 0 16601005056
2014/08/01 18305.92 18382.21 18180.25 18230.10 0 14997803008
2014/08/04 18344.22 18512.47 18299.80 18406.55 0 12897354752
2014/08/05 18434.29 18434.29 18184.42 18275.22 0 11217873920
2014/08/06 18202.36 18231.42 18012.28 18225.58 0 10347761664
2014/08/07 18190.31 18210.11 18025.61 18054.08 0 9581783040
2014/08/08 17991.67 18102.25 17779.02 17981.13 0 11058653184
2014/08/11 18190.10 18342.63 18155.56 18321.78 0 9274423296
2014/08/12 18399.69 18399.69 18231.12 18365.70 0 8377090048
2014/08/13 18440.10 18594.32 18274.76 18580.73 0 12776278016
2014/08/14 18605.12 18605.12 18328.46 18383.57 0 12193383424
2014/08/15 18451.88 18500.52 18354.56 18431.40 0 7985545216
2014/08/18 18410.17 18462.61 18193.44 18367.13 0 9748520960
2014/08/19 18487.50 18487.50 18286.04 18415.91 0 9988996096
2014/08/20 18426.17 18443.61 18304.26 18351.82 0 8434796032
2014/08/21 18344.52 18344.52 18059.32 18163.23 0 12664539136
2014/08/22 18231.97 18367.61 18178.90 18356.31 0 9956503552
2014/08/25 18302.60 18496.12 18206.09 18451.09 0 11748659200
2014/08/26 18445.08 18517.23 18411.56 18465.26 0 10792403968
2014/08/27 18560.77 18634.72 18347.51 18382.25 0 13719056384
2014/08/28 18454.18 18508.74 18100.29 18145.37 0 14608581632
2014/08/29 18111.59 18276.20 18067.14 18198.45 0 13433228288
2014/09/01 18135.63 18240.57 18083.65 18190.53 0 11499027456
2014/09/02 18155.31 18228.00 17943.05 18202.72 0 13471149056
2014/09/03 18271.76 18781.00 18233.17 18777.68 0 21351587840
2014/09/04 18786.20 18963.00 18752.99 18900.24 0 18398332928
2014/09/05 18989.36 18989.36 18769.68 18870.30 0 17446438912
2014/09/08 18946.80 18969.13 18827.50 18937.24 0 10861515776
2014/09/10 18764.12 18764.12 18408.97 18458.93 0 14565697536
2014/09/11 18489.16 18567.64 18267.45 18348.63 0 12387174400
2014/09/12 18343.02 18421.61 18240.32 18318.32 0 9614590976
2014/09/15 18151.24 18188.44 18001.18 18038.91 0 12859869184
2014/09/16 18006.74 18110.33 17823.97 17844.58 0 10900998144
2014/09/17 18099.41 18230.49 18075.47 18135.94 0 14374971392
2014/09/18 18041.87 18041.87 17890.88 17980.15 0 11490994176
2014/09/19 18067.85 18083.57 17839.66 17953.34 0 17665001472
2014/09/22 17788.28 17788.28 17577.81 17643.62 0 13248553984
2014/09/23 17604.48 17763.26 17563.29 17596.17 0 11499508736
2014/09/24 17562.09 17920.32 17562.09 17842.50 0 12119674880
2014/09/25 17906.92 17975.29 17660.28 17714.86 0 12507762688
2014/09/26 17561.76 17687.37 17545.82 17623.50 0 10874007552
2014/09/29 17398.44 17471.96 17237.01 17382.06 0 16259322880
2014/09/30 17333.18 17333.18 17113.60 17167.87 0 14716643328
2014/10/03 17035.21 17350.20 16939.65 17231.36 0 16924678144
2014/10/06 17180.15 17431.83 17139.72 17333.24 0 10979677184
2014/10/07 17286.39 17486.70 17286.39 17432.30 0 11252570112
2014/10/08 17271.09 17391.41 17189.96 17309.45 0 9828847616
2014/10/09 17413.32 17571.91 17407.58 17456.10 0 10104583168
2014/10/10 17204.94 17237.68 17079.79 17152.99 0 11374020608
2014/10/13 17011.87 17223.88 16926.01 17125.41 0 10580869120
2014/10/14 17072.92 17324.55 17065.03 17075.27 0 10129307648
2014/10/15 17105.86 17243.31 17041.68 17125.37 0 10148277248
2014/10/16 16941.85 17120.61 16913.76 16959.98 0 10912582656
2014/10/17 16957.42 17122.65 16813.12 17040.69 0 16349250560
2014/10/20 17226.80 17309.49 17125.05 17143.10 0 9681689600
2014/10/21 17111.14 17280.70 17030.62 17110.56 0 7544969216
2014/10/22 17257.65 17476.23 17176.53 17361.84 0 12275817472
2014/10/23 17315.61 17457.94 17283.97 17381.78 0 8134792192
2014/10/24 17311.32 17399.97 17222.43 17303.14 0 9125259264
2014/10/27 17295.89 17295.89 17089.48 17169.84 0 9596384256
2014/10/28 17216.20 17635.98 17216.20 17564.89 0 13912678400
2014/10/29 17725.52 17907.45 17725.52 17856.81 0 17725362176
2014/10/30 17855.87 17855.87 17605.92 17698.17 0 13700882432
2014/10/31 17835.23 17991.92 17807.87 17909.51 0 19345889280
2014/11/03 17967.49 17969.18 17686.50 17750.39 0 10917399552
2014/11/04 17752.50 17938.49 17706.31 17862.86 0 13500008448
2014/11/05 17893.58 17893.58 17574.68 17686.72 0 11681005568
2014/11/06 17681.68 17695.18 17521.31 17597.94 0 7880729600
2014/11/07 17595.52 17884.46 17473.80 17549.06 0 14017402880
2014/11/10 17957.87 17957.87 17661.46 17676.43 0 20244652032
2014/11/11 17738.38 17936.87 17701.29 17736.76 0 21908942848
2014/11/12 17771.01 17947.59 17763.16 17866.15 0 17033944064
2014/11/13 17849.55 18097.01 17849.55 17984.62 0 19838441472
2014/11/14 17963.53 17963.53 17775.09 17919.02 0 14463640576
2014/11/17 18107.99 18107.99 17541.65 17573.99 0 14689720320
2014/11/18 17630.10 17656.91 17307.94 17360.54 0 13540007936
2014/11/19 17341.60 17470.58 17239.73 17284.70 0 10887257088
2014/11/20 17310.02 17389.52 17201.97 17283.33 0 11446803456
2014/11/21 17311.66 17495.19 17226.14 17396.15 0 15889723392
2014/11/24 17898.34 18092.74 17784.94 18054.96 0 30737432576
2014/11/25 17966.11 18057.93 17910.91 17955.17 0 17762836480
2014/11/26 17966.70 18441.92 17915.16 18402.17 0 25084866560
2014/11/27 18560.35 18694.78 18307.33 18339.77 0 21693175808
2014/11/28 18307.77 18639.52 18252.06 18558.76 0 28985796608
2014/12/01 18354.30 18461.78 17943.95 18013.94 0 31544741888
2014/12/02 18071.33 18648.13 18008.79 18526.12 0 29672499200
2014/12/03 18685.53 18926.94 18280.06 18416.94 0 37216210944
2014/12/04 18579.17 19139.76 18473.44 19117.65 0 37911601152
2014/12/05 19206.33 19584.62 19005.14 19316.56 0 50843230208
2014/12/08 19388.43 19898.55 19266.02 19771.03 0 44272926720
2014/12/09 19518.37 19647.55 18776.34 18871.04 0 46573166592
2014/12/10 18857.67 19119.77 18666.40 18936.85 0 28011003904
2014/12/11 18636.26 18869.80 18540.05 18742.00 0 26871635968
2014/12/12 18805.30 18996.01 18697.41 18710.30 0 17814464512
2014/12/15 18476.14 18691.52 18409.11 18670.76 0 16056878080
2014/12/16 18526.76 18697.77 18397.16 18544.63 0 22271193088
2014/12/17 18582.37 18860.45 18504.66 18765.32 0 26015770624
2014/12/18 19049.28 19117.95 18776.73 18867.38 0 27670073344
2014/12/19 19071.99 19137.00 18869.16 18983.04 0 27771297792
2014/12/22 19126.23 19743.90 19126.23 19555.57 0 32839743488
2014/12/23 19570.50 19808.48 19401.68 19445.21 0 21079394304
2014/12/24 19410.94 19559.37 19232.89 19245.86 0 8679301120
2014/12/29 19932.83 20177.74 19921.57 20019.10 0 28305152000
2014/12/30 20110.01 20110.01 19606.52 19726.54 0 22028832768
2014/12/31 19786.04 19988.66 19704.23 19960.70 0 11261348864
2015/01/02 20045.30 20406.52 19994.72 20394.84 0 22030639104
2015/01/05 20204.22 20653.07 20133.17 20330.48 0 29699596288
2015/01/06 20140.25 20281.32 19877.21 19970.85 0 26616958976
2015/01/07 19827.03 20093.32 19771.10 19971.25 0 22861879296
2015/01/08 20161.41 20236.04 19936.28 20025.75 0 21668241408
2015/01/09 20200.76 20549.00 20069.40 20121.50 0 28238983168
2015/01/12 20167.40 20167.40 19785.83 20013.94 0 16549446656
2015/01/13 19854.47 20214.84 19854.47 20091.16 0 14249499648
2015/01/14 20202.56 20278.24 19924.13 20000.13 0 16642592768
2015/01/15 20068.96 20364.73 19860.18 20303.51 0 21490262016
2015/01/16 20156.46 20214.89 20014.46 20114.01 0 23192889344
2015/01/19 19763.04 19763.04 18777.44 19113.21 0 39141269504
2015/01/20 19339.16 19604.78 19200.18 19556.13 0 21987979264
2015/01/21 19614.61 20085.49 19576.12 20021.70 0 20915914752
2015/01/22 20138.54 20299.22 20033.48 20064.92 0 19759325184
2015/01/23 20358.34 20455.12 20274.68 20419.33 0 22558005248
2015/01/26 20373.37 20381.08 20195.29 20366.19 0 13447099392
2015/01/27 20436.20 20437.28 20012.44 20036.79 0 18749642752
2015/01/28 20001.05 20155.20 19892.98 19925.64 0 14838270976
2015/01/29 19649.03 19737.09 19378.93 19546.65 0 20170641408
2015/01/30 19687.34 19756.26 19464.66 19520.02 0 13852813312
2015/02/02 19272.31 19309.00 19120.15 19283.85 0 18016894976
2015/02/03 19321.90 19610.32 19201.04 19600.76 0 15203880960
2015/02/04 19779.51 19854.06 19590.39 19598.95 0 16337608704
2015/02/05 20134.43 20136.84 19537.37 19635.09 0 24455741440
2015/02/06 19664.70 19668.18 19374.19 19482.08 0 14996001792
2015/02/09 19307.98 19512.86 19230.52 19398.97 0 11791759360
2015/02/10 19361.22 19581.39 19321.57 19478.64 0 9757068288
2015/02/11 19497.05 19592.69 19390.61 19404.95 0 10678765568
2015/02/12 19476.65 19688.32 19375.46 19625.80 0 14595057664
2015/02/13 19767.74 19869.50 19680.57 19857.21 0 14123501568
2015/02/16 19868.43 19921.91 19817.88 19877.21 0 10595601408
2015/02/17 19819.86 20037.19 19819.86 19983.71 0 9768947712
2015/02/18 20071.03 20112.29 20011.29 20096.28 0 8152615424
2015/02/23 20124.95 20124.95 19833.57 20055.30 0 10166857728
2015/02/24 20052.35 20084.97 19976.70 20063.14 0 10235020288
2015/02/25 20091.43 20195.28 20000.83 20094.13 0 14276586496
2015/02/26 20067.93 20401.07 19973.55 20365.51 0 20124358656
2015/02/27 20356.62 20480.99 20287.49 20295.73 0 15094776832
2015/03/02 20588.62 20588.62 20303.42 20342.19 0 19524911104
2015/03/03 20346.99 20346.99 19843.52 19895.00 0 16671688704
2015/03/04 19853.46 19860.25 19532.26 19550.95 0 16167865344
2015/03/05 19486.20 19563.91 19226.38 19316.28 0 18888697856
2015/03/06 19353.17 19450.10 19284.65 19331.53 0 13324635136
2015/03/09 19174.50 19525.86 19056.38 19446.43 0 15026956288
2015/03/10 19390.95 19397.66 19138.89 19166.14 0 13400466432
2015/03/11 19100.18 19302.96 18998.65 19015.77 0 14617193472
2015/03/12 19078.39 19412.23 19078.39 19263.03 0 15009106944
2015/03/13 19301.97 19635.85 19291.59 19506.91 0 15153094656
2015/03/16 19485.97 19720.74 19408.04 19676.04 0 12864419840
2015/03/17 19784.91 19806.62 19601.47 19716.02 0 13977193472
2015/03/18 19752.46 20062.56 19732.31 19956.17 0 17959452672
2015/03/19 20067.60 20221.91 20050.06 20189.73 0 19946119168
2015/03/20 20225.73 20328.22 20124.56 20246.68 0 22992908288
2015/03/23 20350.04 20370.42 20233.00 20282.36 0 8919323648
2015/03/24 20244.87 20244.87 19866.55 19994.56 0 17854330880
2015/03/25 20014.43 20052.92 19854.38 19934.42 0 15346870272
2015/03/26 19737.85 19887.17 19643.30 19852.44 0 8211465216
2015/03/27 19891.87 19923.52 19730.32 19816.46 0 15221256192
2015/03/30 20239.58 20628.20 20217.63 20496.77 0 34169040896
2015/03/31 20890.47 20981.12 20540.24 20562.61 0 38765731840
2015/04/01 20659.53 20953.94 20638.79 20881.04 0 23027320832
2015/04/02 21061.74 21131.81 20936.35 21090.64 0 27611418624
2015/04/08 21662.91 22315.94 21595.09 22312.23 0 58128187392
2015/04/09 23049.03 23950.94 22631.36 22898.13 0 71394000896
2015/04/10 23356.04 23356.04 22711.25 23296.46 0 48582803456
2015/04/13 23560.61 24314.10 23530.58 24300.63 0 59999752192
2015/04/14 23810.11 24300.21 23645.26 23758.27 0 57275772928
2015/04/15 23905.32 24345.88 23792.45 24103.05 0 47348887552
2015/04/16 24009.04 24611.32 23907.52 24516.62 0 40934391808
2015/04/17 24652.12 24886.76 24192.12 24211.06 0 40212602880
2015/04/20 24385.00 24385.00 23379.11 23502.66 0 45496635392
2015/04/21 23735.14 24294.98 23721.86 24202.08 0 35409121280
2015/04/22 24156.60 24534.91 24043.08 24432.68 0 34363813888
2015/04/23 24588.54 24754.04 24079.21 24113.67 0 32044550144
2015/04/24 24265.46 24270.82 23530.12 24131.65 0 29999638528
2015/04/27 24198.86 24676.81 24198.86 24551.70 0 34846273536
2015/04/28 24565.88 24739.51 24207.46 24507.72 0 35894239232
2015/04/29 24506.52 24506.52 24077.05 24321.60 0 28528101376
2015/04/30 24197.50 24253.32 23887.27 24035.25 0 29463113728
2015/05/04 24187.90 24292.89 23945.47 24081.94 0 24673964032
2015/05/05 24269.05 24269.05 23265.11 23446.50 0 32836993024
2015/05/06 23407.39 23952.67 23158.68 23312.81 0 34047473664
2015/05/07 23144.86 23259.25 22823.50 22931.61 0 24814532608
2015/05/08 23199.91 23486.16 23025.98 23399.94 0 24624746496
2015/05/11 23661.95 23721.80 23356.06 23621.99 0 20430284800
2015/05/12 23566.49 23566.49 23211.54 23272.26 0 18907062272
2015/05/13 23438.41 23449.37 23015.22 23083.31 0 20882653184
2015/05/14 23118.27 23142.28 22818.15 22951.25 0 18603915264
2015/05/15 23086.41 23463.28 22769.08 23340.78 0 22204035072
2015/05/18 23316.42 23316.42 22951.09 23201.70 0 16110682112
2015/05/19 23240.54 23753.78 23156.35 23643.57 0 22537654272
2015/05/20 23779.33 23894.73 23535.76 23738.29 0 22174650368
2015/05/21 23686.81 23745.57 23488.48 23565.30 0 15830290432
2015/05/22 23773.86 24080.88 23742.30 24067.56 0 23094235136
2015/05/26 24870.96 24950.30 24605.80 24682.17 0 36246511616
2015/05/27 24703.65 24703.65 24389.72 24529.10 0 22287013888
2015/05/28 24639.49 24639.49 23265.45 23664.30 0 39595237376
2015/05/29 23518.66 23710.29 23251.60 23532.16 0 35366604800
2015/06/01 23412.24 24094.73 23204.81 23870.59 0 24770390016
2015/06/02 23750.35 23829.25 23526.69 23707.30 0 18200735744
2015/06/03 23677.73 23758.52 23456.44 23588.51 0 20841822208
2015/06/04 23577.85 24095.63 23046.71 23637.73 0 37825757184
2015/06/05 23616.59 23793.46 23185.00 23283.88 0 30364319744
2015/06/08 23201.63 23807.85 23159.75 23617.49 0 30025748480
2015/06/09 23657.97 23711.74 23091.90 23195.78 0 30173554688
2015/06/10 23161.60 23352.49 22731.90 22807.31 0 25340119040
2015/06/11 23080.66 23190.65 22840.59 23021.60 0 20636354560
2015/06/12 23204.86 23471.15 23139.15 23432.41 0 22365552640
2015/06/15 23183.82 23219.91 22798.30 22827.09 0 16230083584
2015/06/16 22727.40 22772.08 22195.21 22207.38 0 23101331456
2015/06/17 22272.27 22605.21 22082.67 22478.90 0 23651231744
2015/06/18 22421.09 22492.79 22171.65 22225.10 0 17446993920
2015/06/19 22399.31 22609.06 22010.86 22096.09 0 29954519040
2015/06/22 22215.04 22510.33 22174.16 22440.86 0 16533190656
2015/06/23 22541.74 23034.48 22499.86 22944.35 0 27180285952
2015/06/24 23065.18 23212.04 22949.95 23097.40 0 19816087552
2015/06/25 23183.08 23224.39 22781.59 22847.91 0 25560727552
2015/06/26 22615.52 22666.43 21974.43 22205.10 0 33087934464
2015/06/29 22249.83 22355.53 21094.41 21653.79 0 38404050944
2015/06/30 21719.85 22329.19 21568.11 22160.58 0 31358523392
2015/07/02 22145.75 22178.09 21721.88 21888.71 0 30018603008
2015/07/03 21986.99 22010.17 21442.80 21587.95 0 28071981056
2015/07/06 21864.95 22037.92 20366.31 20941.54 0 45349597184
2015/07/07 21038.88 21038.88 20140.30 20249.62 0 40895692800
2015/07/08 19607.98 19607.98 18337.72 19016.91 0 58514034688
2015/07/09 18920.15 20140.19 18678.84 19599.02 0 60712464384
2015/07/10 19848.82 20523.22 19848.82 20304.77 0 44066029568
2015/07/13 20193.43 20679.04 20074.80 20553.53 0 30092701696
2015/07/14 20365.79 20564.33 20017.83 20266.45 0 25701515264
2015/07/15 20295.38 20378.15 19813.04 20001.11 0 20968302592
2015/07/16 19803.11 20139.51 19708.25 20117.34 0 16263344128
2015/07/17 20235.35 20478.78 20146.67 20290.38 0 19356917760
2015/07/20 20390.60 20403.96 20022.93 20159.86 0 13981011968
2015/07/21 20155.19 20441.47 19996.10 20327.01 0 14025356288
2015/07/22 20137.05 20140.01 19864.23 20091.98 0 15292461056
2015/07/23 20052.64 20376.38 19976.70 20263.54 0 13858549760
2015/07/24 20120.19 20136.75 19903.01 19997.37 0 14226040832
2015/07/27 19758.39 19758.39 19082.56 19240.45 0 24471531520
2015/07/28 19178.83 19572.99 18876.69 19141.72 0 23853256704
2015/07/29 19330.01 19423.88 19094.11 19314.15 0 16242620416
2015/07/30 19499.08 19499.08 19039.83 19080.54 0 15353305088
2015/07/31 19195.63 19229.50 18950.18 19070.86 0 14187734016
2015/08/03 18971.23 18971.23 18646.37 18862.34 0 14929334272
2015/08/04 18789.96 19089.92 18706.68 18973.63 0 12899040256
2015/08/05 19002.37 19212.08 18975.56 19060.86 0 11142654976
2015/08/06 19051.86 19121.28 18847.53 19005.06 0 11775760384
2015/08/07 19029.90 19419.73 19029.90 19235.78 0 13030128640
2015/08/10 19157.46 19513.52 18979.26 19344.94 0 14072944640
2015/08/11 19551.89 19839.00 19197.82 19298.64 0 17856270336
2015/08/12 19026.95 19163.68 18758.93 18918.57 0 17846296576
2015/08/13 18993.91 19227.89 18858.01 18983.90 0 14481080320
2015/08/14 19075.61 19135.63 18880.05 18948.15 0 9296422912
2015/08/17 18818.13 18840.11 18537.56 18780.58 0 11219348480
2015/08/18 18916.22 19023.83 18323.98 18451.31 0 13316400128
2015/08/19 18445.71 18594.42 18066.80 18232.35 0 16434651136
2015/08/20 18023.99 18086.55 17596.44 17822.00 0 19393138688
2015/08/21 17383.74 17550.66 17227.15 17466.23 0 20503244800
2015/08/24 16784.94 16858.50 16086.93 16450.71 0 31766269952
2015/08/25 16421.95 16908.96 15899.71 16299.52 0 31080828928
2015/08/26 16421.91 16764.67 16068.18 16151.99 0 25010538496
2015/08/27 16764.14 17022.11 16477.74 16898.40 0 28918552576
2015/08/28 17338.75 17338.75 16670.02 16705.00 0 25596940288
2015/08/31 16820.94 16826.68 16378.21 16689.04 0 21960620032
2015/09/01 16659.24 16659.24 16132.21 16196.83 0 17591965696
2015/09/02 16062.13 16364.19 15732.80 15935.08 0 21486278656
2015/09/04 15968.12 16088.85 15519.14 15709.39 0 16282529792
2015/09/07 15606.92 16119.03 15589.40 15603.34 0 13302464512
2015/09/08 15658.24 16436.59 15626.41 16248.27 0 20152565760
2015/09/09 16621.90 17201.17 16535.85 17098.52 0 27591643136
2015/09/10 16659.83 16902.59 16557.59 16774.28 0 16637779968
2015/09/11 16894.67 17138.66 16639.54 16668.15 0 20115406848
2015/09/14 16795.54 16926.39 16519.67 16704.18 0 12544845824
2015/09/15 16755.66 16826.66 16601.77 16662.19 0 10359644160
2015/09/16 16920.02 17262.41 16742.05 17006.35 0 18587490304
2015/09/17 17201.94 17475.96 17063.57 17108.45 0 18174203904
2015/09/18 17106.47 17350.02 17106.47 17218.69 0 17026542592
2015/09/21 16910.63 17037.80 16784.56 16997.18 0 11530629120
2015/09/22 16996.21 17280.41 16858.37 16887.34 0 11608117248
2015/09/23 16691.48 16715.68 16090.52 16432.08 0 19332485120
2015/09/24 16393.10 16502.33 16160.39 16259.62 0 11087848448
2015/09/25 16214.29 16496.68 16105.76 16332.52 0 12223938560
2015/09/29 15749.31 15877.38 15609.18 15848.74 0 17260683264
2015/09/30 16049.55 16323.43 15961.27 16151.30 0 17487058944
2015/10/02 16402.04 16748.85 16328.01 16634.07 0 17813753856
2015/10/05 16971.37 17104.65 16897.95 16972.49 0 12842881024
2015/10/06 17240.98 17240.98 16930.15 17054.61 0 11810838528
2015/10/07 17072.74 17903.26 17040.43 17850.13 0 24535304192
2015/10/08 17852.97 17852.97 17470.56 17665.74 0 17873121280
2015/10/09 17908.91 18252.65 17863.17 17870.74 0 19992451072
2015/10/12 17974.96 18259.92 17963.56 18096.37 0 15400206336
2015/10/13 17976.78 18187.03 17804.38 17923.80 0 12785667072
2015/10/14 17684.40 17962.57 17684.40 17746.46 0 12045693952
2015/10/15 18001.88 18254.95 17896.55 18121.69 0 15232319488
2015/10/16 18354.45 18429.51 18180.37 18266.08 0 15293527040
2015/10/19 18225.17 18381.33 18158.20 18354.56 0 10972190720
2015/10/20 18284.07 18318.20 18077.48 18287.44 0 10798129152
2015/10/22 18124.10 18230.59 18041.19 18203.42 0 11796442112
2015/10/23 18524.13 18524.13 18366.92 18446.43 0 12553344000
2015/10/26 18653.02 18691.72 18346.90 18456.12 0 14949855232
2015/10/27 18391.60 18408.34 18121.74 18399.65 0 13658100736
2015/10/28 18287.99 18343.75 18066.66 18131.21 0 13557360640
2015/10/29 18235.61 18235.61 17840.27 17926.70 0 15999947776
2015/10/30 17894.96 18030.31 17740.64 17853.20 0 15103039488
2015/11/02 17627.70 17863.35 17533.00 17584.89 0 14910921728
2015/11/03 17825.90 17870.75 17641.60 17658.88 0 12202860544
2015/11/04 17746.87 18369.83 17746.87 18135.10 0 24628414464
2015/11/05 18061.70 18436.70 18023.28 18232.87 0 17846337536
2015/11/06 18108.73 18221.13 18038.24 18126.92 0 13082207232
2015/11/09 17967.43 18333.13 17939.92 18041.80 0 15742688256
2015/11/10 17770.45 17926.64 17645.73 17712.67 0 15170732032
2015/11/11 17635.91 17711.98 17481.24 17593.82 0 12133777408
2015/11/12 17671.75 18008.48 17611.87 17874.42 0 14064329728
2015/11/13 17536.87 17627.01 17383.16 17483.81 0 16065482752
2015/11/16 17137.09 17302.52 17117.85 17135.61 0 14735319040
2015/11/17 17422.31 17604.68 17267.23 17298.28 0 13498431488
2015/11/18 17357.45 17422.31 17229.59 17267.11 0 9934182400
2015/11/19 17481.23 17595.56 17438.30 17503.81 0 11316768768
2015/11/20 17513.64 17758.88 17405.95 17690.79 0 9964382208
2015/11/23 17692.95 17715.44 17528.13 17566.18 0 9163978752
2015/11/24 17518.01 17518.01 17281.42 17441.16 0 9795927040
2015/11/25 17411.79 17517.45 17318.99 17391.77 0 12051174400
2015/11/26 17538.73 17641.44 17298.11 17358.32 0 10870127616
2015/11/27 17398.64 17398.64 16868.88 16924.33 0 19019536384
2015/11/30 16791.06 17007.95 16718.90 16812.68 0 24504320000
2015/12/01 17024.01 17289.68 16939.81 17082.79 0 15810987008
2015/12/02 17122.92 17342.43 17020.07 17258.70 0 17181118464
2015/12/03 17127.10 17226.76 17097.49 17151.31 0 12977372160
2015/12/04 16930.84 16987.27 16848.48 16887.62 0 14977144832
2015/12/07 17000.59 17023.43 16810.92 16825.64 0 9879655424
2015/12/08 16656.40 16656.40 16417.31 16589.82 0 20882536448
2015/12/09 16485.32 16529.72 16402.32 16414.48 0 11379524608
2015/12/10 16351.96 16524.23 16175.15 16228.56 0 13140066304
2015/12/11 16246.00 16248.69 15942.13 15983.88 0 14094478336
2015/12/14 15654.47 16099.14 15647.65 15997.45 0 14454796288
2015/12/15 15916.01 16218.01 15916.01 16045.81 0 12304891904
2015/12/16 16281.25 16536.86 16281.25 16379.97 0 13289910272
2015/12/17 16579.96 16810.48 16483.51 16599.54 0 14159553536
2015/12/18 16422.59 16681.36 16390.34 16544.39 0 15317859328
2015/12/21 16436.04 16844.07 16436.04 16737.72 0 12844360704
2015/12/22 16756.20 16787.39 16636.70 16711.16 0 8597866496
2015/12/23 16751.37 17045.68 16734.11 16971.19 0 9924405248
2015/12/24 17110.21 17134.65 17071.97 17091.84 0 5111445504
2015/12/28 17107.39 17107.39 16771.12 16810.65 0 7515219968
2015/12/29 16784.23 16865.94 16732.70 16809.70 0 6286373376
2015/12/30 16853.01 16884.18 16493.34 16588.13 0 10193948672
2015/12/31 16567.37 16671.88 16551.46 16590.11 0 4261865472
2016/01/04 16497.80 16512.48 15859.53 15989.33 0 14145713152
2016/01/05 15936.21 16119.07 15683.43 15837.93 0 13944708096
2016/01/06 15740.92 15811.41 15607.33 15691.58 0 14810234880
2016/01/07 15472.52 15504.10 14919.68 15032.48 0 24668647424
2016/01/08 15298.34 15337.58 15006.93 15190.33 0 17743888384
2016/01/11 14761.08 14772.67 14573.70 14605.21 0 17879775232
2016/01/12 14760.52 14851.63 14463.06 14492.15 0 14759668736
2016/01/13 14778.79 14939.07 14500.98 14586.89 0 14321391616
2016/01/14 14274.82 14611.36 14219.20 14527.03 0 13359629312
2016/01/15 14480.84 14520.93 14119.64 14143.49 0 13646720000
2016/01/18 14005.21 14200.32 13932.98 13969.25 0 13494264832
2016/01/19 14040.04 14444.16 13969.95 14386.51 0 14369682432
2016/01/20 14140.91 14142.78 13592.08 13764.27 0 17457487872
2016/01/21 13909.37 14046.28 13435.28 13455.51 0 16839712768
2016/01/22 13871.95 14009.70 13646.82 13918.02 0 17020528640
2016/01/25 14071.30 14169.01 13972.34 14035.02 0 12167593984
2016/01/26 13813.20 13824.50 13455.60 13557.71 0 14069920768
2016/01/27 13830.27 13831.03 13534.64 13668.22 0 14644977664
2016/01/28 13707.03 13865.50 13591.55 13786.83 0 12929391616
2016/01/29 13731.27 14190.81 13720.30 14152.21 0 17191421952
2016/02/01 14189.69 14204.80 13870.58 13986.49 0 11630644224
2016/02/02 13860.23 14001.81 13786.01 13838.78 0 10881061888
2016/02/03 13449.65 13518.15 13348.37 13494.44 0 13436266496
2016/02/04 13675.42 13856.48 13674.25 13693.79 0 9899006976
2016/02/05 13758.63 13944.94 13754.37 13835.58 0 7819357696
2016/02/11 13080.26 13286.55 13024.63 13153.76 0 10660552704
2016/02/12 12986.43 13144.37 12880.45 12891.72 0 12362157056
2016/02/15 13169.94 13558.57 13169.94 13507.44 0 11794118656
2016/02/16 13639.29 13972.69 13589.72 13790.00 0 12161443840
2016/02/17 13809.95 13991.95 13604.94 13618.96 0 11984264192
2016/02/18 14029.63 14103.73 13950.57 14027.26 0 13933080576
2016/02/19 13887.49 14024.01 13879.36 13934.69 0 8651933696
2016/02/22 14057.96 14181.98 14012.64 14121.57 0 8650616832
2016/02/23 14179.49 14185.92 13962.53 14034.40 0 8593085440
2016/02/24 13910.02 14013.46 13720.36 13847.33 0 8525247488
2016/02/25 13859.39 13859.39 13462.47 13521.37 0 9471268864
2016/02/26 13764.31 13901.70 13633.30 13800.24 0 9938880512
2016/02/29 13775.58 13791.76 13503.36 13597.63 0 8801906688
2016/03/01 13734.89 13877.71 13564.55 13858.63 0 11049695232
2016/03/02 14169.59 14504.11 14169.59 14383.89 0 17856290816
2016/03/03 14511.42 14563.48 14263.67 14412.57 0 10862450688
2016/03/04 14498.42 14737.35 14475.51 14699.25 0 15601189888
2016/03/07 14843.12 15005.62 14798.42 14817.11 0 16078230528
2016/03/08 14772.62 14778.23 14438.05 14609.13 0 10981081088
2016/03/09 14459.77 14501.43 14334.66 14499.64 0 8217069568
2016/03/10 14536.64 14700.99 14374.74 14462.99 0 8965496832
2016/03/11 14411.30 14716.08 14358.48 14705.57 0 15015369728
2016/03/14 14915.77 15073.76 14835.20 14920.10 0 13125057536
2016/03/15 14859.48 14874.22 14730.76 14781.60 0 8570111488
2016/03/16 14857.33 14918.89 14639.61 14722.73 0 8900239360
2016/03/17 15057.47 15128.05 14954.48 15070.51 0 12428793856
2016/03/18 15077.84 15299.40 15044.04 15258.04 0 15939332096
2016/03/21 15256.81 15452.91 15212.17 15336.44 0 14604695552
2016/03/22 15386.81 15395.59 15221.61 15287.55 0 9879180288
2016/03/23 15267.87 15369.59 15100.21 15241.42 0 9419378688
2016/03/24 15042.11 15160.66 14864.62 14945.63 0 10952333312
2016/03/29 15003.25 15021.26 14844.46 14989.96 0 11041642496
2016/03/30 15201.94 15451.27 15200.74 15423.62 0 14792042496
2016/03/31 15460.72 15546.44 15346.44 15464.58 0 15340922880
2016/04/01 15512.26 15512.26 15105.43 15189.08 0 12961215488
2016/04/05 15005.73 15012.19 14805.06 14907.69 0 12952900608
2016/04/06 14777.90 14955.44 14777.90 14889.81 0 9289572352
2016/04/07 14988.38 15052.16 14760.40 14853.22 0 11000171520
2016/04/08 14650.93 14960.69 14650.93 14951.95 0 9938411520
2016/04/11 14846.36 15186.08 14846.36 15127.58 0 10208089088
2016/04/12 15116.39 15217.73 15087.39 15187.36 0 8401720320
2016/04/13 15367.84 15804.49 15365.66 15787.91 0 21473816576
2016/04/14 15992.31 16085.27 15825.37 15867.62 0 18742259712
2016/04/15 15919.23 15935.74 15716.22 15828.25 0 11162533888
2016/04/18 15610.64 15627.06 15448.25 15615.05 0 10883976192
2016/04/19 15860.71 15896.65 15697.19 15878.87 0 11525335040
2016/04/20 15890.18 15892.03 15496.33 15689.88 0 13401136128
2016/04/21 15759.51 15964.59 15694.47 15885.66 0 12314025984
2016/04/22 15696.52 15753.03 15586.84 15666.68 0 10496958464
2016/04/25 15610.72 15630.61 15391.53 15435.52 0 9881554944
2016/04/26 15502.48 15555.95 15218.59 15486.68 0 10484262912
2016/04/27 15412.33 15617.47 15388.20 15523.36 0 9969858560
2016/04/28 15630.91 15758.98 15425.20 15563.66 0 12420205568
2016/04/29 15428.95 15442.29 15294.15 15355.02 0 11888102400
2016/05/03 15270.00 15270.00 15008.75 15027.35 0 23809019904
2016/05/04 14898.11 14957.42 14794.74 14939.18 0 12519073792
2016/05/05 14797.18 14897.47 14743.88 14817.84 0 10604197888
2016/05/06 14737.96 14751.96 14523.61 14551.54 0 13025859584
2016/05/09 14677.27 14677.27 14493.93 14515.52 0 10617133056
2016/05/10 14386.78 14619.00 14386.78 14576.38 0 11904239616
2016/05/11 14657.18 14664.53 14403.04 14503.40 0 10623537152
2016/05/12 14501.57 14531.44 14361.95 14451.96 0 8596801536
2016/05/13 14360.83 14417.87 14211.65 14259.02 0 11373967360
2016/05/16 14206.27 14464.38 14043.57 14278.29 0 10985431040
2016/05/17 14383.85 14508.90 14281.10 14472.67 0 10738361344
2016/05/18 14273.76 14353.63 14187.31 14258.37 0 8695123968
2016/05/19 14193.96 14267.39 14124.22 14159.07 0 7940179456
2016/05/20 14157.21 14385.39 14132.41 14262.78 0 8224372736
2016/05/23 14203.55 14448.40 14203.55 14275.27 0 7108874752
2016/05/24 14251.07 14294.42 14157.35 14272.44 0 7680792064
2016/05/25 14526.28 14696.21 14520.08 14667.31 0 13813913600
2016/05/26 14648.10 14693.87 14546.55 14649.80 0 8359533568
2016/05/27 14701.75 14833.55 14540.86 14773.32 0 9992764416
2016/05/30 14724.28 14944.05 14682.51 14848.91 0 13112459264
2016/05/31 14835.90 15155.88 14835.90 14991.80 0 22597922816
2016/06/01 14949.54 15142.52 14949.54 15000.89 0 10759162880
2016/06/02 15025.82 15117.65 14953.95 15083.73 0 9011046400
2016/06/03 15142.79 15233.07 15098.21 15175.76 0 11151821824
2016/06/06 15217.42 15289.79 15066.93 15275.59 0 9704037376
2016/06/07 15404.96 15555.72 15361.52 15539.45 0 14397079552
2016/06/08 15556.01 15634.94 15444.83 15581.80 0 10883864576
2016/06/10 15497.06 15528.85 15223.95 15251.30 0 11445846016
2016/06/13 14973.46 14974.82 14776.27 14885.13 0 13637860352
2016/06/14 14819.25 14930.05 14774.82 14822.48 0 9962498048
2016/06/15 14598.08 14948.36 14598.08 14880.16 0 11739660288
2016/06/16 14768.77 14796.31 14557.28 14631.76 0 12106332160
2016/06/17 14791.56 14827.00 14691.45 14764.09 0 13425471488
2016/06/20 14939.48 15053.83 14816.04 15036.32 0 11082771456
2016/06/21 15032.32 15197.56 15021.69 15173.66 0 10804355072
2016/06/22 15154.78 15425.73 15117.67 15381.88 0 11909416960
2016/06/23 15427.54 15439.82 15322.73 15428.95 0 10410370048
2016/06/24 15044.51 15520.93 14532.52 14981.16 0 25134872576
2016/06/27 14753.50 15133.05 14753.36 15046.34 0 12314385408
2016/06/28 14798.76 15043.83 14798.76 15002.44 0 12491896832
2016/06/29 15124.56 15279.11 15098.10 15254.23 0 11466017792
2016/06/30 15473.00 15568.92 15392.04 15525.16 0 13730729984
2016/07/04 15679.29 15781.46 15543.90 15684.56 0 13345166336
2016/07/05 15597.19 15611.18 15421.40 15444.77 0 8381587968
2016/07/06 15229.83 15289.25 15079.66 15194.29 0 12160150528
2016/07/07 15283.42 15404.09 15280.34 15379.06 0 7925910000
2016/07/08 15304.53 15317.89 15167.57 15260.69 0 8600187107
