2011/07/07 48198.19 48453.97 48062.54 48075.88 0 0
2011/07/06 48321.63 48518.27 48031.07 48048.93 0 0
2011/07/08 48452.80 48727.62 48392.47 48495.88 0 0
2011/07/11 48223.15 48223.15 47601.33 47686.71 0 0
2011/07/12 47143.29 47143.29 46195.45 46226.97 0 0
2011/07/13 46506.96 46808.51 46345.73 46789.73 0 0
2011/07/14 46811.03 46828.43 46406.83 46818.14 0 0
2011/07/15 46673.80 46891.48 46465.51 46679.82 0 0
2011/07/18 46365.19 47002.53 46365.19 46529.12 0 0
2011/07/19 46529.65 46752.72 46116.01 46737.49 0 0
2011/07/20 47101.28 47134.03 46672.52 46953.61 0 0
2011/07/21 47070.86 47138.97 46640.66 46918.62 0 0
2011/07/22 47439.95 47904.09 47439.95 47894.90 0 0
2011/07/25 47558.97 47650.36 47409.66 47571.60 0 0
2011/07/26 47553.99 48186.74 47505.81 48166.51 0 0
2011/07/27 47990.73 48301.60 47946.94 48101.67 0 0
2011/07/28 47472.19 48166.99 47438.84 48163.66 0 0
2011/07/29 48107.67 48275.18 47635.33 47885.19 0 0
2011/08/01 48523.88 48670.65 48334.93 48361.32 0 0
2011/08/02 48082.63 48275.65 47773.54 47845.11 0 0
2011/08/03 46979.18 47035.09 46695.61 46930.21 0 0
2011/08/04 46988.25 47131.65 46360.35 46699.79 0 0
2011/08/05 44682.53 44849.65 44050.59 44696.91 0 0
2011/08/08 43550.73 43899.62 42772.62 43724.77 0 0
2011/08/09 40991.53 43016.28 40262.61 41249.73 0 0
2011/08/10 42664.68 42903.87 41979.45 42216.33 0 0
2011/08/11 41232.63 42106.51 41125.88 41821.07 0 0
2011/08/12 42590.85 42590.85 41778.09 41874.15 0 0
2011/08/15 42812.92 43255.96 42530.69 43246.93 0 0
2011/08/16 43427.62 43613.56 42991.22 43144.42 0 0
2011/08/17 43436.40 43834.06 43214.83 43373.68 0 0
2011/08/18 43314.22 43487.45 42689.99 42790.59 0 0
2011/08/19 41641.62 41891.96 41290.17 41472.95 0 0
2011/08/22 41617.81 42048.71 40724.83 41663.92 0 0
2011/08/23 41641.68 42533.03 41442.65 42494.89 0 0
2011/08/24 42488.10 42517.10 41610.11 41640.35 0 0
2011/08/25 42241.12 42366.83 42015.09 42258.15 0 0
2011/08/26 42217.99 42616.37 41823.96 41895.31 0 0
2011/08/29 42545.89 42623.52 42259.89 42507.48 0 0
2011/08/30 43231.69 43526.05 42949.16 43233.01 0 0
2011/08/31 43347.06 43990.30 43160.01 43943.05 0 0
2011/09/01 44489.51 44885.57 44024.61 44051.06 0 0
2011/09/02 43999.61 44048.60 43187.91 43261.19 0 0
2011/09/05 42484.53 42484.53 41921.67 42025.85 0 0
2011/09/06 41516.79 42264.72 41327.44 42227.46 0 0
2011/09/07 42535.81 43036.52 42426.54 42989.88 0 0
2011/09/08 43335.88 43335.88 42562.43 42806.05 0 0
2011/09/09 42988.95 43184.37 42582.78 42706.78 0 0
2011/09/12 41422.38 41506.37 40830.57 40918.94 0 0
2011/09/14 41341.37 41410.97 40074.99 40973.81 0 0
2011/09/15 41278.71 41456.52 40737.24 41267.39 0 0
2011/09/16 42054.71 42285.00 41859.43 41860.66 0 0
2011/09/19 41413.74 41413.74 40614.34 40704.47 0 0
2011/09/20 40903.57 41003.74 40309.96 40916.89 0 0
2011/09/21 40651.58 40935.78 40237.14 40506.70 0 0
2011/09/22 39375.40 39375.40 38433.90 38547.18 0 0
2011/09/23 37845.27 38335.47 37388.23 38023.98 0 0
2011/09/26 37949.92 38166.03 36583.64 37462.23 0 0
2011/09/27 38350.17 39032.53 38242.76 39020.76 0 0
2011/09/28 38659.05 38957.74 38403.93 38763.59 0 0
2011/09/30 38628.23 38628.23 37672.20 37866.63 0 0
2011/10/03 36977.22 36977.22 35982.66 36208.69 0 0
2011/10/04 36013.75 36249.08 34805.74 34977.76 0 0
2011/10/06 36537.70 36978.80 36267.46 36962.33 0 0
2011/10/07 37755.36 38315.00 37679.30 38113.29 0 0
2011/10/10 38428.11 38441.21 37533.94 38122.03 0 0
2011/10/11 39695.03 39725.79 38833.69 39048.70 0 0
2011/10/12 38723.63 39630.26 38323.27 39453.09 0 0
2011/10/13 40038.97 40377.10 39719.12 40375.10 0 0
2011/10/14 40120.28 40177.36 39535.72 39824.02 0 0
2011/10/17 40484.53 40698.72 40198.58 40625.15 0 0
2011/10/18 39629.47 39629.47 38664.87 38908.53 0 0
2011/10/19 39605.63 39661.50 39183.02 39409.52 0 0
2011/10/20 39180.42 39180.42 38284.52 38717.49 0 0
2011/10/21 38827.49 38931.33 38595.16 38809.24 0 0
2011/10/24 39710.14 40534.07 39691.30 40415.59 0 0
2011/10/25 40621.62 40867.19 40479.33 40838.40 0 0
2011/10/26 40321.16 41136.67 40271.90 41050.12 0 0
2011/10/27 41052.38 42399.29 41006.91 42389.62 0 0
2011/10/28 43387.58 43646.28 43000.08 43101.27 0 0
2011/10/31 43119.54 43394.90 42412.52 42768.92 0 0
2011/11/01 41906.41 42418.71 41608.22 41710.20 0 0
2011/11/02 41111.34 42518.83 40965.39 42493.49 0 0
2011/11/03 41816.76 42080.12 41221.38 41437.07 0 0
2011/11/04 42901.97 43028.49 42580.13 42729.74 0 0
2011/11/07 42840.49 43018.94 42313.65 42374.64 0 0
2011/11/08 42742.03 42885.06 42335.98 42375.89 0 0
2011/11/09 43213.38 43441.12 42997.58 43099.35 0 0
2011/11/10 41111.70 41343.58 40797.69 40837.12 0 0
2011/11/11 41224.05 41359.20 40975.83 41210.25 0 0
2011/11/14 42207.70 42294.51 41983.30 42009.18 0 0
2011/11/15 41572.27 41819.44 41432.45 41665.21 0 0
2011/11/16 41955.17 41955.17 40416.71 40830.66 0 0
2011/11/17 40239.05 40826.51 40177.83 40521.80 0 0
2011/11/18 39969.60 39969.60 39620.58 39819.27 0 0
2011/11/21 39227.97 39400.74 38884.46 39254.09 0 0
2011/11/22 39253.29 39532.50 38805.35 39309.52 0 0
2011/11/23 38737.43 38758.62 38487.50 38542.93 0 0
2011/11/24 38101.91 38834.23 38101.91 38700.51 0 0
2011/11/25 38104.26 38469.00 38005.91 38170.51 0 0
2011/11/28 38882.00 39045.97 38741.70 38922.14 0 0
2011/11/29 39326.28 39644.24 38956.91 39393.39 0 0
2011/11/30 39255.48 39255.48 38540.20 38817.58 0 0
2011/12/01 41003.02 41004.39 41002.80 41003.25 0 0
2011/12/02 40956.29 41332.79 40742.87 41092.67 0 0
2011/12/05 41259.94 41413.10 40947.02 41393.31 0 0
2011/12/06 41031.00 41088.56 40614.19 40880.83 0 0
2011/12/07 41251.59 41529.52 41025.87 41524.73 0 0
2011/12/08 41247.94 41302.40 40911.44 41238.19 0 0
2011/12/09 40403.71 40662.20 39951.06 40112.51 0 0
2011/12/12 40713.91 40856.65 39968.44 40114.30 0 0
2011/12/13 39578.29 39876.18 39513.96 39836.83 0 0
2011/12/14 39521.29 39899.42 39477.27 39636.56 0 0
2011/12/15 39136.21 39160.41 38644.74 38929.13 0 0
2011/12/16 38926.45 39714.26 38926.45 39487.47 0 0
2011/12/19 38987.00 39070.59 38485.73 39022.78 0 0
2011/12/20 38967.81 39455.75 38893.33 39044.36 0 0
2011/12/21 39870.25 39893.03 39494.52 39770.50 0 0
2011/12/22 39641.83 39709.08 39385.95 39687.96 0 0
2011/12/23 40144.59 40246.24 40036.42 40229.87 0 0
2011/12/28 40213.30 40213.30 39868.80 39991.24 0 0
2011/12/29 39582.96 39754.66 39505.66 39730.48 0 0
2011/12/30 39927.24 39964.45 39769.19 39809.23 0 0
2012/01/03 40535.37 40784.75 40435.02 40765.94 0 0
2012/01/04 40967.18 40967.18 40356.78 40441.80 0 0
2012/01/05 40498.11 40644.33 40433.10 40627.74 0 0
2012/01/06 40566.07 40566.07 39965.12 40151.88 0 0
2012/01/09 40141.73 40780.74 39525.15 40740.70 0 0
2012/01/10 40918.64 41217.54 40725.26 41039.92 0 0
2012/01/11 41185.95 41410.43 40994.27 41358.79 0 0
2012/01/12 41274.19 41594.94 41140.71 41236.66 0 0
2012/01/13 41532.13 41532.13 41188.71 41472.12 0 0
2012/01/16 41183.44 41183.44 40999.90 41057.02 0 0
2012/01/17 41458.46 42413.38 41404.91 42386.32 0 0
2012/01/18 42437.80 42600.31 42276.88 42514.10 0 0
2012/01/19 42849.99 43096.34 42707.15 43066.99 0 0
2012/01/20 43539.44 43539.44 43034.46 43428.54 0 0
2012/01/26 44169.46 44169.46 43841.47 44138.51 0 0
2012/01/27 44147.85 44466.03 44019.55 44273.55 0 0
2012/01/30 44308.81 44308.81 43503.20 43536.59 0 0
2012/01/31 43895.24 44196.28 43663.70 44033.45 0 0
2012/02/01 44042.49 44343.85 43772.21 43910.11 0 0
2012/02/02 44570.03 44835.08 44410.24 44787.03 0 0
2012/02/03 44660.19 44910.75 44571.17 44824.89 0 0
2012/02/06 45383.27 45383.27 44557.43 44723.30 0 0
2012/02/07 44935.20 45094.57 44592.31 44700.11 0 0
2012/02/08 44978.03 45400.08 44822.20 45389.57 0 0
2012/02/09 45181.89 45464.29 44891.54 45371.32 0 0
2012/02/10 45320.02 45354.74 44710.04 44882.95 0 0
2012/02/13 44742.45 45284.49 44645.62 45106.54 0 0
2012/02/14 45015.49 45237.29 44947.01 45172.25 0 0
2012/02/15 45335.83 46220.58 45205.85 46138.41 0 0
2012/02/16 45925.23 46035.82 45689.94 45948.49 0 0
2012/02/17 46437.20 46530.36 46173.96 46411.35 0 0
2012/02/20 46991.67 46991.67 46199.43 46267.04 0 0
2012/02/21 46287.59 46386.99 45827.78 46383.49 0 0
2012/02/22 46081.81 46580.06 46002.28 46535.87 0 0
2012/02/23 46119.64 46275.06 46052.76 46172.46 0 0
2012/02/24 46297.66 46362.35 45981.13 46228.31 0 0
2012/02/27 46173.89 46621.69 45514.94 45820.16 0 0
2012/02/28 46004.88 46608.85 45941.39 46577.88 0 0
2012/02/29 46740.10 46897.55 46485.41 46818.34 0 0
2012/03/01 46604.04 46740.00 46090.71 46193.19 0 0
2012/03/02 46692.81 46703.80 46506.58 46572.09 0 0
2012/03/05 46476.55 46607.73 45855.76 45930.71 0 0
2012/03/06 45732.94 45732.94 44902.72 44939.20 0 0
2012/03/07 44325.17 44780.71 44325.17 44553.73 0 0
2012/03/08 44759.26 45162.65 44668.85 45143.25 0 0
2012/03/09 45220.91 45823.38 45192.29 45555.94 0 0
2012/03/12 45549.12 45758.69 45226.57 45680.08 0 0
2012/03/13 45996.12 46315.40 45957.02 46126.44 0 0
2012/03/14 46722.93 46883.50 46070.34 46167.56 0 0
2012/03/15 46200.45 46298.85 45851.84 46266.46 0 0
2012/03/16 46261.91 46453.39 46052.04 46191.71 0 0
2012/03/19 46486.74 46486.74 45666.33 45752.80 0 0
2012/03/20 45899.60 45899.60 45040.79 45260.83 0 0
2012/03/21 45390.59 45488.86 44974.34 45192.33 0 0
2012/03/22 45256.23 45456.38 45081.26 45289.69 0 0
2012/03/23 44940.84 44945.47 44629.53 44785.35 0 0
2012/03/26 44793.10 45018.42 44594.51 44785.49 0 0
2012/03/27 45333.56 45640.34 45278.07 45604.65 0 0
2012/03/28 45416.29 45480.42 45065.50 45254.73 0 0
2012/03/29 44897.03 44897.03 44478.66 44656.62 0 0
2012/03/30 44159.70 44562.79 44146.63 44540.02 0 0
2012/04/02 44775.60 44775.60 44244.09 44470.69 0 0
2012/04/03 44864.85 45107.42 44613.59 45053.01 0 0
2012/04/05 44377.55 44791.29 44214.77 44624.00 0 0
2012/04/10 44178.53 44363.87 43983.42 44110.94 0 0
2012/04/11 43551.74 43758.95 43427.58 43655.15 0 0
2012/04/12 43739.80 44131.59 43649.41 44059.72 0 0
2012/04/13 44738.54 44908.78 44595.16 44869.76 0 0
2012/04/16 44468.88 44705.92 44464.54 44673.82 0 0
2012/04/17 44819.89 44819.89 44201.13 44569.05 0 0
2012/04/18 45084.71 45219.33 44902.04 45042.48 0 0
2012/04/19 45013.71 45506.93 45013.71 45506.93 0 0
2012/04/20 45378.89 45689.23 45266.92 45546.61 0 0
2012/04/23 45460.59 45460.59 44709.30 44709.30 0 0
2012/04/24 44669.80 45028.83 44513.63 44823.69 0 0
2012/04/25 45000.39 45001.00 44639.20 44772.15 0 0
2012/04/26 45003.94 45163.83 44834.27 45126.53 0 0
2012/04/27 45357.21 45387.31 44777.54 44978.52 0 0
2012/04/30 45300.15 45768.12 45300.15 45743.49 0 0
2012/05/02 46071.50 46374.71 46053.48 46209.42 0 0
2012/05/03 45998.85 46101.59 45877.82 46085.80 0 0
2012/05/04 45777.09 45914.71 45677.23 45731.14 0 0
2012/05/07 44808.96 44843.75 44417.34 44544.86 0 0
2012/05/08 44785.04 44785.04 44247.12 44432.29 0 0
2012/05/09 44165.07 44186.99 43939.61 44098.02 0 0
2012/05/10 44075.19 44207.68 43592.88 43887.09 0 0
2012/05/11 43574.63 43574.63 43180.05 43317.22 0 0
2012/05/14 43475.37 43490.93 42776.71 42819.08 0 0
2012/05/15 42754.58 43233.40 42618.55 43170.73 0 0
2012/05/16 42736.07 42736.07 41705.13 41876.12 0 0
2012/05/17 42152.08 42332.43 41652.21 41785.39 0 0
2012/05/18 40890.42 41322.31 40531.97 41249.22 0 0
2012/05/21 41218.54 41331.24 40988.89 41262.85 0 0
2012/05/22 41575.53 41839.97 41447.33 41526.96 0 0
2012/05/23 41097.65 41105.33 40703.21 40975.22 0 0
2012/05/24 40926.89 41103.03 40707.95 40733.35 0 0
2012/05/25 40898.82 40995.00 40555.44 40853.04 0 0
2012/05/28 40763.33 41169.39 40763.33 41044.23 0 0
2012/05/29 40911.46 41616.71 40911.46 41610.14 0 0
2012/05/30 41380.81 41380.81 40739.93 40927.75 0 0
2012/05/31 40493.15 40903.39 40290.08 40841.17 0 0
2012/06/01 40564.02 41062.94 40539.35 40694.34 0 0
2012/06/04 40024.08 40024.08 39600.35 39883.68 0 0
2012/06/05 40300.64 40385.75 39971.43 40050.17 0 0
2012/06/06 40474.41 40853.56 40410.29 40851.26 0 0
2012/06/07 41542.12 41586.41 41098.42 41217.27 0 0
2012/06/08 41481.32 41481.32 40738.19 40829.02 0 0
2012/06/11 41880.59 41880.59 41591.05 41824.87 0 0
2012/06/12 41312.33 41766.72 41286.66 41649.25 0 0
2012/06/13 41821.51 42000.51 41522.42 41993.82 0 0
2012/06/14 41893.62 41973.03 41658.55 41686.81 0 0
2012/06/15 41943.22 42675.68 41932.32 42629.97 0 0
2012/06/18 43392.82 43392.82 42988.99 43059.65 0 0
2012/06/19 43111.51 43157.73 42821.12 43034.98 0 0
2012/06/20 43334.68 43394.37 43151.25 43261.45 0 0
2012/06/21 43176.91 43209.77 42683.53 42698.96 0 0
2012/06/22 42095.72 42309.71 42058.37 42100.66 0 0
2012/06/25 42156.08 42261.86 41807.05 41886.60 0 0
2012/06/26 41782.47 42110.51 41782.47 42073.65 0 0
2012/06/27 42092.13 42588.08 41985.36 42506.13 0 0
2012/06/28 42791.60 42791.60 42134.44 42169.93 0 0
2012/06/29 42106.31 43246.04 42094.19 43092.42 0 0
2012/07/03 43810.45 43810.45 43493.40 43744.22 0 0
2012/07/04 43966.67 43969.53 43619.99 43691.59 0 0
2012/07/05 43797.27 44044.86 43423.11 43911.90 0 0
2012/07/06 43787.07 43978.36 43649.22 43893.06 0 0
2012/07/09 43525.53 43754.04 43053.17 43067.22 0 0
2012/07/10 43236.42 43261.85 42887.97 42996.88 0 0
2012/07/11 42704.77 43096.12 42636.45 43049.01 0 0
2012/07/12 42909.16 42909.16 42114.48 42173.91 0 0
2012/07/13 42272.00 42474.02 42190.49 42323.59 0 0
2012/07/16 42706.45 42706.45 42254.97 42387.24 0 0
2012/07/17 42466.19 43180.69 42466.19 43127.60 0 0
2012/07/18 43120.75 43120.75 42416.55 42650.00 0 0
2012/07/19 42990.43 43449.01 42990.43 43357.53 0 0
2012/07/20 43478.84 43572.67 43253.00 43538.74 0 0
2012/07/23 42693.19 42693.19 42087.66 42236.79 0 0
2012/07/24 42291.46 42395.25 41795.31 41903.66 0 0
2012/07/25 41591.11 41953.47 41476.71 41846.33 0 0
2012/07/26 41830.80 42033.08 41659.72 41880.59 0 0
2012/07/27 42484.08 42851.31 42478.54 42727.77 0 0
2012/07/30 43237.77 43434.15 43179.40 43415.93 0 0
2012/07/31 43584.43 43980.67 43489.46 43884.58 0 0
2012/08/01 43552.39 44110.92 43552.39 43936.82 0 0
2012/08/02 43856.53 43862.20 43563.05 43648.26 0 0
2012/08/03 43345.87 43611.68 43125.39 43595.01 0 0
2012/08/06 44451.37 44537.39 44287.67 44332.16 0 0
2012/08/07 44410.09 44594.64 44299.01 44495.84 0 0
2012/08/08 44753.70 44753.70 44259.89 44480.24 0 0
2012/08/09 44674.88 45009.30 44674.88 44941.55 0 0
2012/08/10 44797.98 44836.61 44444.54 44645.90 0 0
2012/08/13 44768.07 44768.07 44433.96 44530.53 0 0
2012/08/14 44907.65 45014.76 44558.62 44996.93 0 0
2012/08/15 44697.70 44719.27 44455.04 44535.57 0 17236910080
2012/08/16 44756.33 44756.33 44240.78 44337.14 0 18767255552
2012/08/17 44552.97 44753.06 44531.49 44683.49 0 20699054080
2012/08/20 44608.63 44673.59 44233.58 44661.84 0 15607323648
2012/08/21 44692.69 44757.56 44398.49 44666.29 0 15734234112
2012/08/22 44436.62 44436.62 44118.16 44194.51 0 13836720128
2012/08/23 44299.73 44740.34 44299.73 44737.74 0 17179396096
2012/08/24 44291.92 44291.92 44091.33 44179.87 0 16489488384
2012/08/27 44321.06 44321.06 43942.95 44007.94 0 14435310592
2012/08/28 43840.41 44136.09 43840.41 44037.13 0 12415735808
2012/08/29 44138.97 44152.00 43945.43 43985.38 0 13163511808
2012/08/30 43698.50 43698.50 43369.74 43466.66 0 17021110272
2012/08/31 43386.72 43469.66 43239.60 43310.29 0 15786874880
2012/09/03 43166.12 43597.30 43102.57 43487.60 0 13796930560
2012/09/04 43457.64 43527.43 43176.49 43210.74 0 12788052992
2012/09/05 43017.23 43017.23 42542.51 42605.33 0 19313463296
2012/09/06 42629.55 42884.30 42573.44 42869.17 0 15055011840
2012/09/07 43603.99 44253.64 43484.17 44193.69 0 48683073536
2012/09/10 44361.82 44482.25 44112.47 44251.92 0 28530286592
2012/09/11 44105.95 44440.65 43885.71 44330.33 0 19100157952
2012/09/12 44643.91 44916.40 44643.91 44820.85 0 20141129728
2012/09/13 44795.38 44984.72 44678.22 44763.36 0 18769784832
2012/09/14 45727.39 46104.12 45719.26 46063.21 0 36164792320
2012/09/17 46355.57 46355.57 45982.53 46131.41 0 23091800064
2012/09/18 46051.02 46253.27 45930.44 46005.94 0 20692373504
2012/09/19 46022.90 46661.76 46022.90 46541.85 0 24759808000
2012/09/20 46485.70 46485.70 45953.76 45981.36 0 20446113792
2012/09/21 46225.92 46473.31 46180.96 46310.05 0 23117549568
2012/09/24 46036.74 46414.31 45795.83 46223.47 0 12853295104
2012/09/25 46224.60 46367.62 46122.43 46234.32 0 14100286464
2012/09/26 45759.24 45962.17 45757.20 45852.47 0 16103088128
2012/09/27 45763.61 46574.75 45763.61 46377.73 0 22844143616
2012/09/28 46368.07 46662.76 46295.58 46552.15 0 19278618624
2012/10/03 46800.09 46921.38 46461.54 46659.14 0 20885250048
2012/10/04 46717.32 46790.99 46540.28 46703.09 0 15192606720
2012/10/05 46925.68 46956.15 46740.57 46936.36 0 16015332352
2012/10/08 46862.98 46867.67 46479.67 46516.82 0 15536719872
2012/10/09 46745.26 47116.66 46745.26 46768.60 0 17179594752
2012/10/10 46428.58 46778.90 46389.04 46729.11 0 14528336896
2012/10/11 46491.11 46938.75 46491.11 46906.59 0 23472709632
2012/10/12 47022.82 47437.14 47022.82 47213.45 0 21979088896
2012/10/15 47216.08 47320.67 47080.58 47239.85 0 15122951168
2012/10/16 47482.98 47482.98 47177.14 47371.25 0 16868366336
2012/10/17 47851.05 47897.65 47696.95 47839.37 0 23097638912
2012/10/18 48005.17 48263.08 47972.65 48067.38 0 26400831488
2012/10/19 48172.45 48230.23 48076.76 48141.20 0 19700236288
2012/10/22 47891.58 48470.25 47871.99 48466.86 0 18816342016
2012/10/24 48236.28 48775.20 48172.85 48688.60 0 27619041280
2012/10/25 48754.15 48859.23 48571.08 48793.43 0 21726787584
2012/10/26 48877.27 48877.27 48161.01 48201.35 0 21147635712
2012/10/29 48050.45 48238.04 47869.17 48124.12 0 20440602624
2012/10/30 48209.40 48267.25 47738.43 47939.62 0 17126106112
2012/10/31 48187.75 48431.94 48092.51 48416.68 0 18016014336
2012/11/01 48264.79 48843.39 48112.93 48819.47 0 20804149248
2012/11/02 49374.08 49560.71 49269.72 49474.86 0 25180284928
2012/11/05 49324.68 49541.55 49204.91 49240.08 0 16726252544
2012/11/06 49136.24 49245.58 48850.48 49101.42 0 18898372608
2012/11/07 49271.40 49449.17 48803.28 49449.17 0 21811613696
2012/11/08 48746.54 48939.01 48231.73 48256.70 0 22868721664
2012/11/09 47958.40 48164.01 47727.35 47848.27 0 19895814144
2012/11/12 47810.67 48022.96 47747.16 47951.03 0 12908142592
2012/11/13 47822.53 47882.36 47395.27 47410.33 0 16395077632
2012/11/14 47549.79 47986.98 47483.42 47977.20 0 15756226560
2012/11/15 47410.98 47633.71 47208.42 47231.96 0 18798280704
2012/11/16 47444.27 47447.61 47223.63 47344.01 0 16452421632
2012/11/19 47483.06 47691.59 47318.22 47599.72 0 15988493312
2012/11/20 48083.15 48083.15 47490.16 47524.10 0 16823461888
2012/11/21 47835.88 48200.54 47526.02 48186.93 0 16806277120
2012/11/22 48346.41 48746.71 48172.50 48676.86 0 18458611712
2012/11/23 48654.16 49089.30 48639.90 49066.73 0 18176966656
2012/11/26 49228.79 49228.79 48872.58 48949.92 0 15484329984
2012/11/27 49191.50 49265.72 48856.62 48910.09 0 16740018176
2012/11/28 48732.95 48732.95 48429.94 48607.72 0 16869683200
2012/11/29 48858.65 49251.27 48780.24 49086.68 0 18136467456
2012/11/30 49146.04 49464.45 49076.96 49327.38 0 27290030080
2012/12/03 49423.99 49630.08 48631.99 48746.38 0 18710308864
2012/12/04 48787.18 48937.40 48567.30 48818.31 0 17911300096
2012/12/05 48860.94 49879.92 48829.41 49872.91 0 44912816128
2012/12/06 50063.21 50063.21 49747.88 49825.66 0 22008092672
2012/12/07 49926.27 50097.96 49687.42 49694.36 0 23771570176
2012/12/10 50113.86 50113.86 49796.30 49888.03 0 18526552064
2012/12/11 49931.18 50148.88 49814.79 49993.77 0 20426145792
2012/12/12 50193.01 50406.01 50193.01 50395.57 0 23267686400
2012/12/13 50390.28 50529.46 50121.07 50266.19 0 22747398144
2012/12/14 50156.77 50693.59 50156.77 50625.40 0 24489019392
2012/12/17 50591.32 50668.91 50284.13 50418.54 0 20470657024
2012/12/18 50445.07 50586.20 50275.50 50376.25 0 74255884288
2012/12/19 50734.38 50799.49 50526.94 50664.33 0 23378540544
2012/12/20 50618.70 50750.27 50352.11 50745.88 0 22787121152
2012/12/21 50533.82 50533.82 50215.98 50402.14 0 22617669632
2012/12/24 50376.20 50561.74 50376.20 50480.27 0 8157150208
2012/12/27 50848.17 50878.11 50631.25 50656.29 0 13960171520
2012/12/28 50850.12 50850.12 50675.73 50761.12 0 14242351104
2012/12/31 50577.15 50832.21 50537.85 50739.47 0 10323572736
2013/01/02 51194.83 52218.59 51194.83 52206.47 0 32030234624
2013/01/03 52382.40 52405.24 52032.80 52400.45 0 31633078272
2013/01/04 52337.21 52337.21 51893.62 52249.27 0 22400686080
2013/01/07 52280.86 52409.07 52077.14 52246.26 0 24903247872
2013/01/08 52099.08 52099.08 51705.76 51756.80 0 23998472192
2013/01/09 51854.26 52034.94 51825.06 51997.05 0 23675795456
2013/01/10 52045.43 52578.02 51878.75 52301.27 0 28628344832
2013/01/11 52580.09 52597.53 51984.59 52099.18 0 24369147904
2013/01/14 52239.70 52497.51 52161.88 52433.28 0 24001347584
2013/01/15 52242.06 52663.03 52193.44 52362.16 0 23602929664
2013/01/16 52381.60 52381.60 51962.93 52307.25 0 23406899200
2013/01/17 52564.08 52638.12 52007.10 52268.67 0 23921213440
2013/01/18 52648.78 52866.03 52517.28 52855.46 0 26263754752
2013/01/21 52775.24 52940.22 52706.96 52831.11 0 18511806464
2013/01/22 52843.36 53043.05 52625.19 52983.57 0 21340440576
2013/01/23 53076.42 53099.75 52718.04 52930.07 0 23548272640
2013/01/24 52818.11 53050.31 52734.55 52849.01 0 24489904128
2013/01/25 52971.37 53000.15 52585.80 52807.64 0 28211398656
2013/01/28 52900.62 53156.08 52900.62 53012.44 0 22767388672
2013/01/29 52983.84 53091.34 52857.85 52975.02 0 30964084736
2013/01/30 53226.21 53559.51 53222.27 53348.78 0 28828010496
2013/01/31 53297.51 53297.51 53003.62 53141.55 0 25343760384
2013/02/01 53217.28 53217.28 52787.21 53124.34 0 22407751680
2013/02/04 53448.97 53623.51 52934.74 53041.85 0 83217645568
2013/02/05 52030.86 52419.23 51741.29 51840.41 0 32685856768
2013/02/06 52162.67 52303.62 51964.75 52083.17 0 24237258752
2013/02/07 52089.64 52175.44 51809.62 51904.17 0 27223230464
2013/02/08 51734.18 52106.18 51734.18 51989.64 0 25280034816
2013/02/14 52550.43 52570.47 52192.68 52445.01 0 23085074432
2013/02/15 52225.84 52520.08 52155.59 52515.13 0 15939124224
2013/02/18 52588.90 52588.90 52212.72 52374.87 0 14623910912
2013/02/19 52344.15 52536.72 51830.88 51841.70 0 21320914944
2013/02/20 52215.81 52215.81 51886.38 52207.93 0 22463660032
2013/02/21 51577.98 51577.98 51134.44 51310.28 0 29045807104
2013/02/22 51161.66 51183.90 50790.43 51032.01 0 22989074432
2013/02/25 51189.83 51241.65 51021.25 51116.33 0 17591715840
2013/02/26 50712.90 51002.08 50423.47 50443.47 0 21032421376
2013/02/27 50749.68 50749.68 50276.91 50571.85 0 24463294464
2013/02/28 51130.52 51590.32 50925.39 51564.74 0 31209250816
2013/03/01 51423.21 51554.45 51225.20 51251.03 0 29094555648
2013/03/04 51220.32 51220.32 50323.36 50484.04 0 28553912320
2013/03/05 50671.74 50761.09 50452.42 50534.88 0 24451944448
2013/03/06 50960.64 51091.07 50768.81 51021.70 0 24952682496
2013/03/07 50912.97 51169.31 50749.63 51007.38 0 19883988992
2013/03/08 51172.54 52026.75 51172.54 51738.68 0 27721691136
2013/03/11 51827.17 52084.50 51678.15 51736.16 0 18072778752
2013/03/12 51830.66 52119.74 51261.96 51287.55 0 21124673536
2013/03/13 51329.50 51329.50 50402.05 50557.42 0 24620087296
2013/03/14 50395.16 50779.85 49994.61 50697.59 0 28107300864
2013/03/15 50895.16 51105.30 50420.23 50507.81 0 46333378560
2013/03/18 49738.93 49738.93 49318.34 49510.34 0 32826515456
2013/03/19 49633.07 49814.11 49392.19 49417.30 0 26133280768
2013/03/20 49426.69 50129.00 49394.91 50025.47 0 25606285312
2013/03/21 50091.48 50356.66 49852.53 49956.78 0 24824682496
2013/03/22 49867.67 49970.68 49523.64 49708.22 0 22504372224
2013/03/25 50185.25 50238.18 49900.99 50013.57 0 20647507968
2013/03/26 49916.72 50227.37 49648.12 50148.27 0 24330741760
2013/03/27 50315.48 50638.92 50271.76 50493.83 0 23315224576
2013/03/28 50326.45 50326.45 49746.50 50122.54 0 26404954112
2013/04/02 49908.11 50460.00 49908.11 50276.49 0 20685125632
2013/04/03 50634.53 50634.53 50086.18 50208.30 0 16152936448
2013/04/05 49968.79 49968.79 48782.78 48835.87 0 30781140992
2013/04/08 48851.34 48937.77 48577.73 48815.99 0 19326783488
2013/04/09 49000.72 49402.70 49000.72 49158.28 0 18613905408
2013/04/10 49379.55 49549.35 49144.48 49539.61 0 20986365952
2013/04/11 49908.17 50027.61 49592.98 49689.59 0 20181518336
2013/04/12 49878.65 49878.65 49573.38 49662.12 0 16810107904
2013/04/15 49459.06 49459.06 48866.80 48950.79 0 18196264960
2013/04/16 48498.70 49042.72 48282.31 48724.54 0 23366486016
2013/04/17 49000.31 49009.04 48451.81 48494.41 0 24780537856
2013/04/18 48203.62 48603.22 48165.22 48365.92 0 18510372864
2013/04/19 48378.10 49500.06 48329.42 49492.41 0 24531337216
2013/04/22 49556.73 49767.03 49373.24 49570.76 0 16856333312
2013/04/23 49663.69 49663.69 48903.13 49036.11 0 19189944320
2013/04/24 49621.74 49911.57 49387.56 49882.61 0 20847495168
2013/04/25 50142.54 50564.86 49953.67 50373.25 0 21886124032
2013/04/26 50741.63 51034.83 50671.85 50714.05 0 23800967168
2013/04/29 50758.87 50938.71 50581.22 50788.42 0 16866833408
2013/04/30 51213.11 51422.51 50988.07 51139.83 0 22031030272
2013/05/02 51047.20 51078.11 50732.23 50993.15 0 19735805952
2013/05/03 51316.04 51483.25 51016.47 51041.87 0 17061562368
2013/05/06 51666.85 51695.60 51435.44 51548.32 0 16958466048
2013/05/07 51569.01 51871.47 51414.45 51845.26 0 18796916736
2013/05/08 52225.11 52346.70 52090.84 52289.00 0 23189223424
2013/05/09 52534.94 52534.94 52024.59 52215.06 0 19511625728
2013/05/10 52219.80 52483.02 52063.52 52461.92 0 19170402304
2013/05/13 52297.32 52297.32 51652.29 51721.90 0 20673085440
2013/05/14 52051.14 52099.92 51498.32 51614.55 0 19234324480
2013/05/15 51945.99 52147.03 51784.04 51878.41 0 19135991808
2013/05/16 52033.59 52152.49 51686.20 51971.65 0 22071314432
2013/05/20 52578.72 52947.31 52578.72 52903.64 0 26535639040
2013/05/21 52761.51 52807.25 52563.44 52627.90 0 33471715328
2013/05/22 52659.16 52845.17 52294.58 52478.72 0 19427119104
2013/05/23 52050.50 52178.49 51010.19 51154.59 0 33784989696
2013/05/24 51239.02 51469.88 50767.22 51101.91 0 19686604800
2013/05/27 51003.23 51360.79 50942.81 51261.78 0 12804152320
2013/05/28 51341.77 51841.79 51157.99 51801.34 0 14848792576
2013/05/29 51605.97 51684.53 50940.67 50991.22 0 22915256320
2013/05/30 51067.76 51221.97 50452.60 50890.77 0 25036572672
2013/05/31 51123.74 51123.74 50588.63 50692.72 0 29941854208
2013/06/03 50487.89 51082.16 50370.11 50443.77 0 20857497600
2013/06/04 50614.77 50636.43 50293.09 50535.45 0 20081276928
2013/06/05 50225.75 50300.65 49754.49 50061.45 0 21820442624
2013/06/06 49696.71 49790.53 49449.00 49537.88 0 22248523776
2013/06/07 49525.57 49644.31 48929.70 49086.52 0 23249747968
2013/06/10 49162.09 49460.25 48945.00 49212.61 0 18938542080
2013/06/11 49046.90 49251.14 48513.42 48619.68 0 24216838144
2013/06/13 48182.28 48182.28 47229.79 47765.57 0 39683923968
2013/06/14 48214.64 48400.49 47920.20 47953.32 0 28267716608
2013/06/17 48200.09 48809.19 48200.09 48701.70 0 22814298112
2013/06/18 48418.79 48734.07 48172.80 48701.65 0 20398137344
2013/06/19 48615.65 48716.86 47945.26 48153.30 0 23428042752
2013/06/20 47423.47 47503.68 46747.38 46767.41 0 31690389504
2013/06/21 45824.30 46773.27 45824.30 46497.39 0 44823932928
2013/06/24 45946.96 46125.53 45334.67 45466.32 0 29359722496
2013/06/25 45379.12 45875.50 44576.86 45562.10 0 35917369344
2013/06/26 46101.44 46705.90 45695.79 46670.04 0 32734533632
2013/06/27 46970.52 47560.32 46784.37 46932.88 0 27441780736
2013/06/28 47311.60 47820.90 47068.70 47786.30 0 28098250752
2013/07/02 48248.63 48248.63 47395.50 47454.05 0 28316493824
2013/07/03 47247.10 47297.09 46215.73 46279.47 0 26597310464
2013/07/04 46710.48 47163.47 46671.62 47017.67 0 15500522496
2013/07/05 47642.53 47931.18 47615.73 47904.33 0 17169394688
2013/07/08 47315.23 47536.44 46501.75 47278.43 0 19558162432
2013/07/09 47343.59 47704.27 47253.98 47510.01 0 15968506880
2013/07/10 47874.59 48340.30 47395.18 48018.92 0 19765065728
2013/07/11 48646.19 49395.21 48646.19 49243.10 0 28694566912
2013/07/12 49437.56 49437.56 48795.12 48875.08 0 18080980992
2013/07/15 48878.16 49138.05 48710.43 48934.88 0 14724671488
2013/07/16 49003.22 49143.48 48718.64 48955.70 0 14383814656
2013/07/17 49085.24 49297.01 48820.67 49092.36 0 14871070720
2013/07/18 49225.66 49267.58 48907.88 49038.01 0 15044913152
2013/07/19 49282.42 49282.42 48737.11 49077.54 0 18040965120
2013/07/22 49391.22 49391.22 48896.99 49201.78 0 13410445312
2013/07/23 49433.10 50459.63 49433.10 50347.96 0 29332525056
2013/07/24 50342.19 50506.13 50081.23 50470.91 0 17608884224
2013/07/25 50248.53 50422.42 50178.02 50314.74 0 14555896832
2013/07/26 50294.95 50621.27 50161.47 50470.95 0 15677340672
2013/07/29 50303.63 50435.11 49967.22 50198.02 0 15237007360
2013/07/30 50243.94 50618.58 50174.15 50436.51 0 17579329536
2013/07/31 50286.81 50703.42 50205.57 50275.00 0 19893229568
2013/08/01 50601.44 50891.62 50503.57 50746.26 0 14965836800
2013/08/02 51150.56 51211.77 50856.52 50981.02 0 17650778112
2013/08/05 51171.36 51171.36 50987.22 51052.33 0 13574213632
2013/08/06 50544.44 50571.02 50101.10 50366.99 0 18026948608
2013/08/07 49982.81 50315.91 49557.06 49597.70 0 17893468160
2013/08/08 49860.39 50062.19 49703.28 49763.90 0 13061149696
2013/08/09 50003.27 50120.90 49807.77 50112.45 0 13590022144
2013/08/12 50086.94 51205.09 49945.84 51178.04 0 25981741056
2013/08/13 51401.38 51850.26 51268.25 51798.14 0 28267503616
2013/08/15 51860.00 52154.00 51641.31 51793.82 0 30421780480
2013/08/16 51590.64 52079.92 51270.59 51744.56 0 23676866560
2013/08/19 51559.60 51831.73 51455.81 51630.46 0 14853730304
2013/08/20 51475.52 51671.92 50351.42 50496.40 0 23462533120
2013/08/21 50551.89 50564.69 49755.36 50213.66 0 23251040256
2013/08/22 49570.30 50505.36 49570.30 50392.42 0 23021047808
2013/08/23 50654.49 50878.89 50108.11 50325.56 0 19574360064
2013/08/26 50514.80 50912.13 50410.63 50657.34 0 15946707968
2013/08/27 50446.37 50630.77 50131.63 50371.16 0 16676625408
2013/08/28 49702.89 49865.64 49429.23 49564.93 0 28493369344
2013/08/29 49774.65 50016.21 49639.46 49986.13 0 19433017344
2013/08/30 49796.31 50107.41 49638.80 50056.66 0 20504762368
2013/09/02 50564.69 51235.82 50564.69 51086.77 0 24108175360
2013/09/03 51432.83 51741.11 51358.71 51597.75 0 22821351424
2013/09/04 51118.68 51733.05 51051.96 51474.41 0 35306045440
2013/09/05 52094.31 52427.09 51973.36 52230.70 0 28832004096
2013/09/06 52278.92 52472.20 52191.89 52291.04 0 25992833024
2013/09/09 52635.54 52826.87 52428.37 52590.23 0 22974099456
2013/09/10 53018.45 53148.41 52811.03 53120.29 0 26934736896
2013/09/11 53404.25 53461.14 52832.35 53037.25 0 26710720512
2013/09/12 53089.33 53309.92 52987.88 53091.34 0 21065619456
2013/09/13 53020.61 53103.91 52719.93 53007.93 0 21551671296
2013/09/16 53695.56 53829.25 53611.07 53792.84 0 21150996480
2013/09/17 53780.12 53780.12 53504.73 53626.53 0 19446624256
2013/09/18 53703.52 53705.58 53395.37 53480.64 0 20182773760
2013/09/19 54486.07 54496.37 54298.99 54376.45 0 34113036288
2013/09/23 54173.95 54293.54 53887.63 54073.44 0 19349059584
2013/09/24 53967.71 53967.71 53453.75 53631.42 0 21612169216
2013/09/25 53665.05 53870.75 53577.42 53704.20 0 18646353920
2013/09/26 53665.02 53738.28 53320.70 53508.44 0 19330033664
2013/09/27 53685.92 54012.43 53500.22 53704.32 0 19834664960
2013/09/30 53101.94 53194.99 52867.52 52900.89 0 21749403648
2013/10/02 53218.74 53546.53 53070.87 53189.28 0 21982429184
2013/10/03 53612.13 53784.07 53519.08 53721.36 0 19903645696
2013/10/04 53344.51 53578.53 53186.96 53545.81 0 20865224704
2013/10/07 53579.07 53579.07 52986.03 53164.91 0 18791469056
2013/10/08 53197.94 53754.41 53056.54 53639.08 0 19722471424
2013/10/09 53230.01 53377.17 53146.31 53303.81 0 17684029440
2013/10/10 53404.48 53419.83 52631.56 53112.51 0 20190527488
2013/10/11 53962.17 54004.12 53697.89 53730.43 0 19586093056
2013/10/15 54150.35 54176.79 53871.59 54003.94 0 18764480512
2013/10/16 54037.32 54037.32 53523.01 53753.59 0 15021441024
2013/10/17 54038.58 54051.72 53396.17 53444.77 0 17163292672
2013/10/18 53830.69 54068.63 53718.19 54012.23 0 20911376384
2013/10/21 54369.23 54462.49 54050.85 54239.13 0 20690980864
2013/10/22 53947.44 54129.19 53842.17 53963.59 0 21558976512
2013/10/23 54358.67 54475.45 53234.95 53303.15 0 26238103552
2013/10/24 53246.60 53246.60 52752.13 52922.77 0 23720177664
2013/10/25 52751.46 52938.70 52477.51 52612.32 0 21010124800
2013/10/28 52740.76 52962.23 52740.76 52863.21 0 15652992000
2013/10/29 52946.08 53263.68 52757.34 52955.84 0 20534542336
2013/10/30 53234.94 54044.27 53162.27 54016.23 0 23934537728
2013/10/31 53623.04 53892.54 53562.50 53789.88 0 21613416448
2013/11/01 53795.51 54092.62 53658.13 53890.52 0 16382646272
2013/11/04 54058.08 54113.38 53694.15 53751.07 0 15056988160
2013/11/05 54038.44 54038.44 53194.29 53401.81 0 18069964800
2013/11/06 53409.15 53587.47 53206.55 53397.17 0 17538656256
2013/11/07 53366.54 53366.54 52893.50 53035.77 0 14998288384
2013/11/08 52646.31 52879.86 52585.05 52719.07 0 17217974272
2013/11/11 52806.21 53599.65 52589.30 53473.44 0 18788816896
2013/11/12 53431.51 53508.28 52980.68 53083.01 0 15860510720
2013/11/13 52537.16 52537.16 52067.76 52068.76 0 24924424192
2013/11/14 52554.32 52596.86 52220.57 52498.30 0 20199184384
2013/11/15 52731.15 53428.26 52731.15 53386.07 0 23976271872
2013/11/18 54257.12 54973.55 54240.72 54865.44 0 48790085632
2013/11/19 55270.00 55321.90 54773.20 54860.23 0 39824232448
2013/11/20 55133.37 55294.52 54939.73 54963.03 0 28951130112
2013/11/21 54879.82 54879.82 54525.81 54691.65 0 22927013888
2013/11/22 55090.56 55118.69 54832.92 54960.67 0 23982757888
2013/11/25 55270.75 55270.75 54907.90 54933.23 0 20988688384
2013/11/26 54912.18 55089.59 54876.49 54925.89 0 21469009920
2013/11/27 54862.48 55333.25 54852.86 55215.96 0 24135598080
2013/11/28 55514.22 55699.47 55049.42 55175.94 0 21500542976
2013/11/29 55345.94 55461.69 55223.77 55389.79 0 13594971136
2013/12/02 55524.36 55931.24 55311.16 55761.90 0 20046192640
2013/12/03 55412.13 55616.24 55285.66 55464.79 0 20515850240
2013/12/04 55022.03 55317.19 54751.60 55043.14 0 24185405440
2013/12/05 54823.67 55043.60 54659.25 55005.72 0 20289128448
2013/12/06 54791.72 55238.44 54777.54 55076.55 0 24923381760
2013/12/09 55602.87 55602.87 55150.55 55234.43 0 19068020736
2013/12/10 55207.26 55233.91 54994.57 55079.07 0 16367849472
2013/12/11 54945.93 54961.49 54037.40 54137.38 0 27999952896
2013/12/12 53967.81 54112.35 53726.03 53858.76 0 23025276928
2013/12/13 53538.79 54121.82 53393.00 53923.33 0 22656120832
2013/12/16 53673.54 53827.45 53352.22 53618.75 0 19933558784
2013/12/17 54005.48 54005.48 53446.95 53513.36 0 21295007744
2013/12/18 53530.32 53911.15 53337.79 53686.39 0 19972689920
2013/12/19 54290.97 54290.97 52780.51 53094.71 0 27090874368
2013/12/20 53130.50 53206.45 52688.65 52917.09 0 28682930176
2013/12/23 53228.80 53366.52 53034.73 53170.83 0 15340239872
2013/12/24 53458.65 53804.26 53413.32 53769.28 0 11513978880
2013/12/27 53675.01 54009.97 53656.33 53917.02 0 12513306624
2013/12/30 54172.89 54209.61 53766.34 53920.81 0 15438112768
2013/12/31 54114.66 54190.98 53983.28 54063.52 0 10268420096
2014/01/02 54403.03 54441.47 53756.23 54141.58 0 14723248128
2014/01/03 53580.06 53580.06 52848.06 52928.92 0 25090074624
2014/01/06 52733.03 52790.14 52350.14 52620.11 0 20176304128
2014/01/07 52631.93 52895.45 52528.31 52686.51 0 22449637376
2014/01/08 52969.59 53425.13 52839.74 53344.87 0 28091394048
2014/01/09 53179.34 53457.11 52677.83 52859.46 0 24399863808
2014/01/10 52740.21 53195.52 52719.13 52996.12 0 20841160704
2014/01/13 53460.45 53508.98 52801.26 53094.75 0 17397653504
2014/01/14 52512.02 53081.38 52512.02 52868.62 0 16840444928
2014/01/15 53319.80 53376.15 52951.44 53125.46 0 16368138240
2014/01/16 53550.28 53550.28 53206.04 53321.26 0 20100286464
2014/01/17 53117.28 53963.82 53002.73 53662.10 0 25200185344
2014/01/20 53464.43 53559.79 53085.14 53187.97 0 20691206144
2014/01/21 53447.52 53676.73 53321.40 53429.61 0 21001893888
2014/01/22 53247.86 53630.23 53152.49 53543.57 0 25239785472
2014/01/23 53543.03 53570.49 52709.26 52735.52 0 26428297216
2014/01/24 52244.97 52563.43 52043.82 52077.08 0 28980187136
2014/01/27 51077.40 51135.69 50756.42 50977.65 0 35547566080
2014/01/28 51062.11 51084.45 50783.03 50941.79 0 29135400960
2014/01/29 51292.05 51549.69 51288.10 51361.59 0 28429242368
2014/01/30 50632.56 51154.09 50444.43 51115.26 0 23412160512
2014/02/04 50016.37 50127.47 49614.86 49636.11 0 35395215360
2014/02/05 50023.76 50023.76 49172.20 49338.29 0 29635651584
2014/02/06 49457.82 49735.00 49355.99 49694.94 0 25343662080
2014/02/07 49868.83 50345.76 49827.08 50190.71 0 26366679040
2014/02/10 50213.67 50308.98 49930.81 50057.11 0 24478973952
2014/02/11 50189.20 51121.77 50189.20 50976.47 0 25838718976
2014/02/12 51196.32 51777.85 51086.91 51725.72 0 28875384832
2014/02/13 51753.36 51753.36 51290.32 51446.59 0 21557133312
2014/02/14 51950.70 52020.37 51628.19 51755.01 0 18680113152
2014/02/17 52137.96 52421.77 52137.96 52306.32 0 18967099392
2014/02/18 52304.60 52437.26 52077.56 52426.50 0 16744286208
2014/02/19 52456.40 52706.61 52302.26 52604.76 0 19259250688
2014/02/20 52445.51 52786.26 51753.71 51977.06 0 31446845440
2014/02/21 52495.92 52532.26 52089.18 52381.28 0 22440538112
2014/02/24 52400.10 52400.10 51666.15 51964.24 0 20545742848
2014/02/25 52219.25 52266.64 51665.31 51798.63 0 23980199936
2014/02/26 51753.19 52229.79 51663.30 52077.71 0 24119476224
2014/02/27 52143.90 53072.93 52066.19 52984.62 0 30197166080
2014/02/28 53251.03 53352.54 52709.21 53005.00 0 27402057728
2014/03/03 52526.42 52801.14 52193.27 52224.46 0 25009090560
2014/03/04 52320.77 52882.02 52302.04 52588.76 0 20763039744
2014/03/05 53010.73 53010.73 52292.15 52408.08 0 21730830336
2014/03/06 52435.70 52843.35 52435.68 52700.80 0 19930845184
2014/03/07 52760.14 52973.43 52471.12 52602.20 0 20773488640
2014/03/10 51868.80 51982.67 51560.88 51695.85 0 24237318144
2014/03/11 51625.46 51898.00 51540.62 51706.72 0 18767972352
2014/03/12 51282.22 51282.22 50942.58 51009.54 0 27860264960
2014/03/13 51063.06 51343.50 50649.35 50679.03 0 24225038336
2014/03/14 50346.83 50390.23 49998.37 50177.75 0 29302042624
2014/03/17 50072.62 50168.90 49906.43 50025.05 0 20171505664
2014/03/18 50200.40 50334.96 50014.02 50280.26 0 24095614976
2014/03/19 50284.03 50352.55 50051.99 50245.76 0 21409898496
2014/03/20 49742.12 50028.63 49241.54 49345.32 0 27279511552
2014/03/21 49477.94 50016.58 49321.44 49938.28 0 38396157952
2014/03/24 50452.78 50940.64 50295.58 50892.83 0 32600958976
2014/03/25 50723.22 50919.99 50562.69 50626.96 0 23550834688
2014/03/26 50993.72 51266.00 50936.81 50989.04 0 26083440640
2014/03/27 51010.75 51080.08 50588.08 50864.87 0 37190660096
2014/03/28 51088.39 51584.21 51088.39 51403.18 0 28281020416
2014/03/31 51819.32 51819.32 51351.89 51602.44 0 25312980992
2014/04/01 51931.52 52319.67 51834.47 52295.44 0 24917374976
2014/04/02 52645.92 52645.92 52268.23 52472.45 0 26728345600
2014/04/03 52803.53 52934.40 52489.45 52568.28 0 24944132096
2014/04/04 52361.34 52639.64 52306.34 52440.15 0 23951982592
2014/04/07 52222.07 52382.28 52012.26 52130.47 0 24447494144
2014/04/08 52160.74 52708.37 52020.61 52642.58 0 29356113920
2014/04/09 52953.32 53437.75 52943.44 53227.67 0 32207810560
2014/04/10 53476.12 54116.32 52974.21 54028.76 0 41009680384
2014/04/11 53944.49 54045.50 53467.77 53601.59 0 42976591872
2014/04/14 53387.65 53805.02 53387.65 53683.53 0 23941629952
2014/04/15 53719.76 53719.76 52796.84 52827.11 0 23403886592
2014/04/16 52861.95 53282.19 52725.17 52884.78 0 19679275008
2014/04/17 53264.08 53264.08 52796.10 53034.45 0 16635086848
2014/04/22 52951.28 53160.14 52778.20 52979.23 0 16786360320
2014/04/23 53278.27 53278.27 52439.84 52472.59 0 23518578688
2014/04/24 52513.96 52626.13 52359.45 52596.53 0 17812774912
2014/04/25 52512.04 52567.90 51787.42 51810.24 0 22213943296
2014/04/28 51583.77 51770.05 51524.47 51607.43 0 20622252032
2014/04/29 51699.65 52404.09 51529.71 52356.76 0 28134068224
2014/04/30 52385.08 52385.08 51525.41 51610.78 0 31793455104
2014/05/02 51752.30 52027.57 51648.98 51906.22 0 20791967744
2014/05/05 51942.10 52149.82 51188.72 51428.50 0 17460594688
2014/05/07 51260.46 51304.05 50735.81 50890.10 0 27603605504
2014/05/08 51026.73 51318.73 50871.11 51102.71 0 28340596736
2014/05/09 51062.50 51309.28 50793.80 51163.25 0 20816443392
2014/05/12 51307.44 52426.31 51015.60 52103.25 0 30086516736
2014/05/13 52537.14 52537.14 52186.41 52340.77 0 20230797312
2014/05/14 52650.13 53071.33 52370.86 52880.26 0 25477869568
2014/05/15 53217.04 53371.69 52944.06 53227.04 0 22397620224
2014/05/16 53039.84 53209.77 52829.21 53197.68 0 18740133888
2014/05/19 53303.80 53303.80 52846.30 53194.29 0 16170084352
2014/05/20 53344.96 53710.98 53344.96 53524.65 0 22610526208
2014/05/21 53376.28 53770.85 53221.38 53660.46 0 20834529280
2014/05/22 53947.86 54208.90 53812.06 53974.88 0 24096626688
2014/05/23 54120.03 54120.03 53912.83 54015.16 0 19071707136
2014/05/26 54245.05 54319.19 53876.39 54027.91 0 12768249856
2014/05/27 54075.18 54149.02 53918.14 54054.41 0 13257103360
2014/05/28 54276.91 54703.89 54102.55 54409.42 0 36493406208
2014/05/29 54464.31 54714.08 54145.56 54244.67 0 23384674304
2014/05/30 54404.55 54649.31 54213.39 54420.73 0 29430347776
2014/06/03 55021.08 55021.08 54565.46 54935.06 0 27650314240
2014/06/04 54920.09 54920.09 54511.28 54607.66 0 17007777792
2014/06/05 54643.24 54726.87 54430.19 54565.32 0 16153091072
2014/06/06 54862.24 54862.24 54199.47 54200.25 0 22241417216
2014/06/09 54521.28 54692.87 54442.03 54593.38 0 15034162176
2014/06/10 54810.82 55174.68 54468.47 55069.55 0 24574296064
2014/06/11 55001.50 55001.50 54734.54 54945.15 0 20983590912
2014/06/12 54813.65 55074.22 54665.95 54925.52 0 18666160128
2014/06/13 54759.90 55466.10 54759.90 55279.77 0 19408424960
2014/06/16 55246.78 55344.91 55089.15 55250.65 0 16553308160
2014/06/17 55101.17 55113.16 54838.89 55020.45 0 18028607488
2014/06/18 54841.73 55247.53 54841.73 54968.59 0 17814470656
2014/06/19 55308.46 55392.60 54970.48 55077.41 0 18694455296
2014/06/20 55152.18 55357.44 55053.95 55140.01 0 18805348352
2014/06/23 55071.54 55614.88 54208.19 54214.63 0 27374798848
2014/06/24 54478.78 54550.53 54281.44 54394.91 0 17226938368
2014/06/25 54532.70 54541.35 54281.21 54370.16 0 15296820224
2014/06/26 54563.10 55170.93 54511.26 55157.50 0 21691158528
2014/06/27 55135.26 55334.08 54951.11 55213.82 0 18320033792
2014/06/30 55336.67 55510.34 54592.19 55140.59 0 22437203968
2014/07/02 55697.92 56294.43 55619.82 56230.60 0 31277787136
2014/07/03 56289.71 56380.22 56120.75 56236.75 0 17560647680
2014/07/04 56430.46 56470.66 56188.93 56279.97 0 16721777664
2014/07/07 56363.72 56389.97 56014.38 56266.97 0 15063054336
2014/07/08 56301.36 56302.19 56061.91 56268.06 0 17078266880
2014/07/09 55949.40 55949.40 55276.87 55394.92 0 23128956928
2014/07/10 55724.54 55724.54 55486.65 55622.91 0 15596537856
2014/07/11 55447.77 55811.38 55426.94 55609.64 0 16132677632
2014/07/14 55793.25 56150.65 55705.29 55880.64 0 16495585280
2014/07/15 56206.55 56239.41 56004.08 56151.79 0 19140755456
2014/07/16 56224.72 56396.79 56080.41 56303.34 0 17065010176
2014/07/17 56447.13 56447.13 56060.91 56297.58 0 16957638656
2014/07/18 55808.33 56152.21 55626.78 56139.42 0 14977867776
2014/07/21 56210.61 56243.69 55942.78 55977.51 0 15317471232
2014/07/22 56165.82 56973.29 56064.16 56922.88 0 28477423616
2014/07/23 57064.36 57386.34 57048.01 57377.07 0 28035833856
2014/07/24 57637.34 57803.42 57456.96 57783.08 0 31291545600
2014/07/25 58036.07 58036.07 57657.40 57961.42 0 26913923072
2014/07/28 58041.02 58643.85 58038.84 58470.32 0 29586135040
2014/07/29 58704.90 59040.79 58490.61 58977.52 0 34273177600
2014/07/30 59130.80 59627.80 59024.94 59196.94 0 42761535488
2014/07/31 59372.95 59583.56 59027.86 59255.91 0 31782445056
2014/08/01 58866.68 59195.29 58606.98 58718.76 0 30050004992
2014/08/04 58856.83 59097.36 58780.86 58880.70 0 20615780352
2014/08/05 59069.85 59069.85 58627.00 58996.01 0 20814966784
2014/08/06 58781.94 58855.88 58395.60 58842.52 0 19515043840
2014/08/07 58638.35 58646.66 58317.02 58372.03 0 26475810816
2014/08/08 58184.57 58629.59 57906.49 58242.76 0 22747607040
2014/08/11 58726.12 59056.44 58624.82 58995.85 0 20246362112
2014/08/12 59063.99 59119.28 58785.89 59113.89 0 18679115776
2014/08/13 59202.07 59635.12 58926.68 59594.97 0 24363438080
2014/08/14 59604.19 59772.37 59191.63 59381.95 0 28483530752
2014/08/15 59785.04 59882.23 59552.77 59749.65 0 26197651456
2014/08/18 59733.03 59817.65 59305.40 59761.43 0 24753250304
2014/08/19 59992.08 60364.93 59665.62 60177.47 0 26620135424
2014/08/20 60338.68 60418.02 60098.26 60345.42 0 25796939776
2014/08/21 60303.66 60303.66 59713.30 59948.11 0 25512280064
2014/08/22 60235.03 60281.08 60024.46 60231.43 0 19726508032
2014/08/25 60088.91 60552.35 59841.57 60369.44 0 19916996608
2014/08/26 60323.48 60420.78 60134.53 60147.77 0 20778788864
2014/08/27 60297.71 60360.54 59695.49 59780.15 0 23693029376
2014/08/28 60119.36 60119.36 59215.48 59364.00 0 28816351232
2014/08/29 59381.25 59539.81 59099.59 59366.55 0 29966397440
2014/09/01 59281.14 59731.15 59262.99 59397.16 0 21701750784
2014/09/02 59279.09 59560.20 58982.62 59397.31 0 23820609536
2014/09/03 59487.03 60780.94 59404.67 60763.63 0 39288565760
2014/09/04 60713.52 60940.68 60533.15 60784.36 0 29955057664
2014/09/05 60927.96 60927.96 60483.50 60648.24 0 29610713088
2014/09/08 60783.08 60783.08 60256.62 60536.42 0 20386390016
2014/09/10 60017.52 60017.52 59324.78 59382.88 0 28274337792
2014/09/11 59459.80 59655.30 59190.61 59365.71 0 22567616512
2014/09/12 59266.33 59461.89 58947.97 59206.46 0 18921320448
2014/09/15 58788.58 58936.50 58524.12 58660.00 0 21057071104
2014/09/16 58573.65 58783.58 58089.00 58133.34 0 20636975104
2014/09/17 58721.67 58938.39 58623.52 58712.35 0 28224636928
2014/09/18 58516.52 58516.52 58056.21 58213.23 0 22939199488
2014/09/19 58617.96 58823.19 58186.70 58549.33 0 35190501376
2014/09/22 57985.70 58010.84 57689.67 57704.61 0 25015535616
2014/09/23 57537.29 57849.20 57400.86 57427.62 0 23156953088
2014/09/24 57313.61 57861.55 57313.61 57633.15 0 21462988800
2014/09/25 57938.58 57961.81 57230.14 57263.39 0 22752208896
2014/09/26 56813.90 57140.40 56751.40 57047.23 0 22216251392
2014/09/29 56376.24 56376.24 55644.46 55965.94 0 36471754752
2014/09/30 55745.68 55745.68 55065.71 55253.50 0 34790400000
2014/10/03 54671.90 55771.19 54368.35 55570.52 0 44010668032
2014/10/06 55544.57 56478.14 55387.60 56174.01 0 29775144960
2014/10/07 55955.20 56662.65 55920.38 56432.97 0 25559298048
2014/10/08 55949.28 56304.98 55858.67 56049.44 0 18954362880
2014/10/09 56526.53 56815.65 56469.95 56702.84 0 18802089984
2014/10/10 55893.96 55986.96 55586.69 55628.30 0 22127796224
2014/10/13 55135.50 56072.83 55104.83 55760.44 0 22347139072
2014/10/14 55571.40 56402.72 55513.28 55530.56 0 22023086080
2014/10/15 55625.79 55988.49 55397.93 55752.40 0 21591488512
2014/10/16 55206.58 55512.12 55097.01 55176.32 0 22745077760
2014/10/17 55183.93 55773.87 55146.95 55470.89 0 26660089856
2014/10/20 55998.97 56120.99 55547.24 55590.49 0 18379659264
2014/10/21 55597.94 55979.05 55336.65 55634.62 0 15698268160
2014/10/22 56145.16 56531.47 55887.41 56394.61 0 22948280320
2014/10/23 56212.03 56456.14 56032.72 56301.74 0 16720939008
2014/10/24 56250.36 56348.59 55877.80 56227.00 0 15436582912
2014/10/27 56170.77 56170.77 55537.03 55851.80 0 18923999232
2014/10/28 55984.92 56904.95 55984.92 56761.93 0 22474772480
2014/10/29 57205.00 57571.15 57194.41 57484.75 0 29725988864
2014/10/30 57537.52 57537.52 56990.57 57200.38 0 22120540160
2014/10/31 57711.14 58031.42 57559.13 57914.76 0 27531317248
2014/11/03 58241.49 58241.49 57617.99 57716.65 0 18326990848
2014/11/04 57556.77 57959.07 57475.03 57546.97 0 20862906368
2014/11/05 57549.82 57549.82 57009.97 57184.88 0 19982114816
2014/11/06 57286.58 57378.22 57010.62 57073.13 0 16632406016
2014/11/07 56972.59 57512.20 56544.34 56834.04 0 23333724160
2014/11/10 58100.09 58185.49 57204.44 57303.33 0 31464349696
2014/11/11 57459.50 57754.02 57341.53 57456.77 0 36873084928
2014/11/12 57637.83 57919.37 57440.95 57770.25 0 24441917440
2014/11/13 57567.89 58155.75 57558.39 57967.56 0 31889440768
2014/11/14 58036.15 58167.29 57839.32 58130.32 0 24185124864
2014/11/17 58674.96 58674.96 57406.09 57429.74 0 28492912640
2014/11/18 57624.91 57654.15 56693.72 56804.73 0 24393705472
2014/11/19 56654.92 56911.18 56353.35 56430.97 0 22796634112
2014/11/20 56497.81 56642.72 56139.60 56373.81 0 22440140800
2014/11/21 56395.24 56767.84 56269.09 56596.63 0 24350793728
2014/11/24 57674.10 57802.14 57529.80 57697.82 0 40218984448
2014/11/25 57572.30 57799.08 57495.87 57578.94 0 29204158464
2014/11/26 57570.39 58400.02 57488.82 58243.83 0 31807348736
2014/11/27 58383.62 58524.34 57882.60 57983.67 0 25457860608
2014/11/28 57930.57 58256.35 57701.91 57943.03 0 32211193856
2014/12/01 57195.52 57325.38 56327.08 56445.37 0 45207162880
2014/12/02 56531.85 57461.58 56275.05 57145.95 0 38920617984
2014/12/03 57391.76 57792.09 56480.39 56600.72 0 44036333568
2014/12/04 56905.59 57604.82 56668.59 57576.60 0 44367503360
2014/12/05 57758.32 58391.94 57432.33 57987.50 0 56349483008
2014/12/08 58254.44 58439.13 58010.46 58096.27 0 46308036608
2014/12/09 57764.67 57821.71 56531.27 56738.94 0 46942535680
2014/12/10 56634.71 57151.27 56400.85 56832.40 0 31718893568
2014/12/11 56216.34 56490.10 55975.14 56320.29 0 32387598336
2014/12/12 56360.04 56642.62 56120.96 56167.27 0 24508973056
2014/12/15 55511.71 55728.73 55217.41 55632.53 0 23445798912
2014/12/16 55268.82 55430.63 54698.09 54769.21 0 33889878016
2014/12/17 54834.86 54904.63 54429.16 54564.67 0 37646245888
2014/12/18 55271.31 55408.32 54929.59 55159.87 0 36583591936
2014/12/19 55947.59 56023.28 55665.18 55847.00 0 34803318784
2014/12/22 56203.14 56722.19 56203.14 56552.28 0 36008181760
2014/12/23 56587.96 56762.60 56216.16 56371.40 0 23023218688
2014/12/24 56266.87 56582.57 56266.87 56409.21 0 10775054336
2014/12/29 57243.14 57660.92 57243.14 57433.15 0 29258622976
2014/12/30 57626.29 57626.29 56634.38 56775.83 0 23599644672
2014/12/31 56726.81 57092.91 56686.80 57026.93 0 12673226752
2015/01/02 57216.81 57660.92 57100.77 57637.63 0 24162492416
2015/01/05 57254.38 57978.37 57148.89 57307.85 0 34391732224
2015/01/06 56809.72 57041.33 56320.19 56737.92 0 40043216896
2015/01/07 56523.61 57294.31 56367.38 57211.08 0 36107395072
2015/01/08 57788.71 57840.14 57302.39 57583.79 0 31992879104
2015/01/09 58101.20 58389.56 57641.68 57787.74 0 38142296064
2015/01/12 58267.62 58267.62 57751.64 58045.05 0 30298636288
2015/01/13 57759.42 58595.03 57759.42 58502.89 0 28035938304
2015/01/14 58648.70 58770.39 58116.95 58253.15 0 26567528448
2015/01/15 58390.25 58872.58 58151.18 58828.88 0 29751990272
2015/01/16 58456.68 58592.55 58189.39 58231.21 0 33544128512
2015/01/19 57911.62 58100.84 56990.74 57349.35 0 41498861568
2015/01/20 57494.22 57974.62 57372.12 57863.12 0 25125507072
2015/01/21 58069.07 58882.91 58021.29 58832.90 0 31975235584
2015/01/22 59140.80 59405.57 59041.65 59243.74 0 33379997696
2015/01/23 59931.59 60146.27 59736.90 60035.69 0 42298523648
2015/01/26 60172.78 60195.25 59820.94 60179.33 0 27178731520
2015/01/27 60385.10 60385.10 59606.42 59931.40 0 28183648256
2015/01/28 59913.76 60358.07 59712.52 60063.14 0 24947656704
2015/01/29 59539.83 59766.98 59247.46 59420.61 0 29399582720
2015/01/30 59844.65 59844.65 59068.38 59206.09 0 27880163328
2015/02/02 58820.09 59205.52 58764.76 59152.20 0 26636728320
2015/02/03 59291.72 59436.94 58772.36 59321.41 0 25129451520
2015/02/04 59794.86 59973.20 59533.31 59623.33 0 28556048384
2015/02/05 60513.59 60513.59 59534.07 59830.45 0 33347969024
2015/02/06 60018.17 60018.17 59541.18 59622.43 0 23298349056
2015/02/09 59260.46 59570.46 59067.02 59239.80 0 21423513600
2015/02/10 59146.15 59408.96 59020.03 59274.38 0 19529172992
2015/02/11 59236.98 59331.52 58642.64 58759.46 0 23308896256
2015/02/12 58910.66 59241.49 58545.02 59018.34 0 25925890048
2015/02/13 59292.66 59695.94 59257.55 59647.61 0 24267671552
2015/02/16 59732.05 59862.81 59658.73 59753.89 0 16071985152
2015/02/17 59578.34 60066.17 59578.34 59894.91 0 14913561600
2015/02/18 60018.58 60104.94 59946.10 60008.98 0 13225460736
2015/02/23 60212.35 60212.35 59604.43 60020.28 0 20222699520
2015/02/24 59875.18 59951.50 59626.78 59810.78 0 21787355136
2015/02/25 59851.44 60099.09 59669.92 59878.96 0 25379997696
2015/02/26 59736.58 60414.13 59715.52 60180.73 0 30170644480
2015/02/27 60182.04 60663.82 59970.39 59990.35 0 29114763264
2015/03/02 60416.61 60419.19 59736.52 60152.38 0 28372615168
2015/03/03 60387.27 60387.27 59610.96 59706.07 0 27224606720
2015/03/04 59595.25 59713.74 59069.20 59132.26 0 26226040832
2015/03/05 58820.85 59109.08 58478.73 58622.49 0 28928862208
2015/03/06 58725.99 58867.98 58460.25 58552.11 0 25530861568
2015/03/09 58124.90 58666.24 57949.57 58465.54 0 24176074752
2015/03/10 58532.50 58536.67 57851.79 57917.62 0 25877575680
2015/03/11 57743.45 57968.43 57493.00 57527.27 0 24020596736
2015/03/12 57516.55 57931.58 57438.66 57731.95 0 24283553792
2015/03/13 57758.65 58024.88 57714.65 57793.20 0 22677583872
2015/03/16 57694.42 58176.55 57548.48 58126.80 0 21205821440
2015/03/17 58507.66 58507.66 57819.12 58010.16 0 21515855872
2015/03/18 58104.79 58765.29 58104.79 58545.21 0 27998015488
2015/03/19 59043.97 59467.94 58857.75 59391.87 0 36558147584
2015/03/20 59267.20 59526.96 59106.93 59164.55 0 41544871936
2015/03/23 59465.74 59517.68 59267.32 59454.04 0 15077154816
2015/03/24 59430.19 59443.47 58969.67 59223.68 0 26643281920
2015/03/25 59250.22 59743.34 59171.07 59535.91 0 25998544896
2015/03/26 59181.36 59543.34 59078.05 59460.29 0 13592768512
2015/03/27 59567.95 59588.44 59274.33 59433.87 0 22811648000
2015/03/30 60019.47 60558.05 60014.76 60329.33 0 44833931264
2015/03/31 60955.75 60955.75 60380.91 60440.43 0 43140943872
2015/04/01 60572.25 60921.44 60501.64 60881.85 0 29262413824
2015/04/02 61201.22 61403.83 61051.32 61350.04 0 31307341824
2015/04/08 62402.32 63711.60 62236.77 63685.45 0 72551014400
2015/04/09 65327.33 67777.45 64887.87 65402.85 0 98553200640
2015/04/10 66444.89 66444.89 65083.33 66199.03 0 66706436096
2015/04/13 66446.46 68042.75 66276.04 68004.83 0 91237654528
2015/04/14 67207.35 67757.74 66710.22 66900.76 0 73077465088
2015/04/15 67232.51 67511.04 66623.80 67051.81 0 66798186496
2015/04/16 66902.42 67462.49 66690.75 67345.30 0 57994424320
2015/04/17 67511.71 67902.99 67000.52 67135.11 0 50782212096
2015/04/20 67420.77 67420.77 65451.81 65779.95 0 55896264704
2015/04/21 66530.66 67796.03 66530.66 67614.27 0 55559733248
2015/04/22 67543.43 68094.88 67316.53 67816.63 0 48976150528
2015/04/23 68254.82 68500.64 67506.16 67563.63 0 49379586048
2015/04/24 67929.50 68198.95 66990.33 68130.02 0 47630016512
2015/04/27 68577.15 69410.85 68577.15 69034.69 0 56800014336
2015/04/28 69070.20 69313.55 68593.77 69056.92 0 47701073920
2015/04/29 69094.44 69094.44 68484.10 68966.32 0 42513448960
2015/04/30 68696.29 68766.05 67989.05 68317.12 0 45148835840
2015/05/04 68582.59 68855.83 68062.56 68321.58 0 39413628928
2015/05/05 68739.19 68789.99 67044.62 67426.92 0 41282846720
2015/05/06 67287.38 68153.63 66977.18 67148.45 0 43724967936
2015/05/07 66970.39 67059.97 66095.02 66295.90 0 38481825792
2015/05/08 66945.85 67176.88 66483.28 66994.00 0 34770354176
2015/05/11 67624.91 67625.49 67005.90 67336.21 0 30108489728
2015/05/12 67239.36 67310.95 66587.32 66614.71 0 29537804288
2015/05/13 66786.89 66911.65 66100.22 66241.82 0 43229544448
2015/05/14 66598.28 66602.54 66104.82 66332.41 0 28799565824
2015/05/15 66767.77 67908.19 66416.47 67649.67 0 36502433792
2015/05/18 67577.10 67577.10 66709.38 67087.91 0 27047084032
2015/05/19 67128.28 67538.11 66894.02 67362.94 0 27977295872
2015/05/20 67525.48 67525.48 66890.14 67120.62 0 28466870272
2015/05/21 67018.12 67272.48 66740.35 67058.08 0 25506148352
2015/05/22 67553.71 68327.72 67488.66 68209.57 0 38282854400
2015/05/26 69365.63 69517.41 68817.70 68847.84 0 56493903872
2015/05/27 68762.06 68762.06 68195.39 68436.83 0 34806460416
2015/05/28 68634.33 68634.33 66391.85 66909.01 0 57378226176
2015/05/29 66772.44 67274.47 66425.43 66835.59 0 52218404864
2015/06/01 66714.93 67673.39 66395.37 67261.11 0 35798253568
2015/06/02 66968.53 67284.03 66663.06 66952.13 0 30217781248
2015/06/03 67604.05 67728.18 67097.93 67460.46 0 39260995584
2015/06/04 67570.20 68081.97 66223.80 67341.75 0 55170600960
2015/06/05 67307.95 67573.53 66509.43 66628.71 0 39845072896
2015/06/08 66357.41 67045.13 66144.75 66770.60 0 36575322112
2015/06/09 66724.25 66788.45 65931.48 65975.36 0 40545636352
2015/06/10 66154.43 66311.25 64983.51 65261.50 0 38410235904
2015/06/11 65890.89 66021.41 65649.42 65816.78 0 30638137344
2015/06/12 66244.22 66914.21 66011.65 66728.38 0 32924831744
2015/06/15 66274.98 66363.48 65654.53 65704.16 0 23260125184
2015/06/16 65571.74 65780.16 64948.91 64982.32 0 28082235392
2015/06/17 65237.91 65750.57 64956.04 65439.93 0 28211554304
2015/06/18 65546.04 65759.27 65079.73 65321.24 0 24073838592
2015/06/19 65788.77 66097.63 65338.51 65482.41 0 39526019072
2015/06/22 65729.65 66493.80 65625.23 66284.11 0 26306451456
2015/06/23 66647.22 67335.01 66357.41 67155.78 0 34629054464
2015/06/24 67312.80 67492.48 67056.01 67331.48 0 27509274624
2015/06/25 67283.24 67335.73 66770.05 66831.67 0 28134240256
2015/06/26 66512.44 66512.44 65297.12 65645.29 0 39037329408
2015/06/29 65565.31 65741.51 63239.06 64101.08 0 53383536640
2015/06/30 64063.32 65363.18 63919.19 64818.92 0 42390347776
2015/07/02 65336.01 65336.01 64536.42 64898.67 0 42441752576
2015/07/03 65065.38 65196.28 64036.38 64359.83 0 34294851584
2015/07/06 64419.86 64858.33 61126.06 62326.26 0 67224592384
2015/07/07 62710.23 62827.74 61296.32 61681.72 0 53017952256
2015/07/08 60288.79 60288.79 56400.28 58079.04 0 90674675712
2015/07/09 57878.86 60991.31 57625.46 60243.08 0 71769841664
2015/07/10 60675.59 61780.17 60675.59 61498.89 0 56716062720
2015/07/13 61025.45 62423.75 60746.02 62295.94 0 37812027392
2015/07/14 62197.29 62362.49 61511.73 62041.33 0 34733228032
2015/07/15 62284.67 62284.67 61403.48 61880.41 0 27381041152
2015/07/16 61683.63 62163.42 61350.37 62144.72 0 22386817024
2015/07/17 62351.85 63020.66 62196.79 62768.31 0 22858391552
2015/07/20 63077.11 63077.11 62481.04 62742.46 0 19031744512
2015/07/21 62801.92 63309.29 62589.05 63067.53 0 20021096448
2015/07/22 62735.03 62735.03 62181.34 62440.71 0 21558106112
2015/07/23 62504.73 62980.00 62361.01 62727.74 0 20282068992
2015/07/24 62434.10 62434.10 61923.49 62060.09 0 20721049600
2015/07/27 61524.54 61528.99 59981.73 60154.03 0 34398187520
2015/07/28 59951.33 61624.76 59631.98 60529.45 0 34723037184
2015/07/29 60841.93 61059.80 60382.55 60814.78 0 24125368320
2015/07/30 61316.17 61440.37 60465.56 60514.74 0 22152241152
2015/07/31 60904.62 60929.96 60452.24 60868.42 0 23463868416
2015/08/03 60613.59 60613.59 59871.05 60312.86 0 23923314688
2015/08/04 60196.71 60579.52 59834.43 60299.76 0 20736165888
2015/08/05 60448.44 60734.76 60336.39 60566.68 0 18212757504
2015/08/06 60600.23 60600.23 60088.83 60223.55 0 16739108864
2015/08/07 60105.64 60882.34 60105.64 60661.32 0 18467233792
2015/08/10 60367.81 60785.38 59631.50 60583.89 0 21312499712
2015/08/11 61029.67 61596.33 60352.35 60543.88 0 26922446848
2015/08/12 59977.71 60113.83 58885.00 59105.10 0 34868109312
2015/08/13 59232.03 59722.97 59047.27 59438.22 0 30656884736
2015/08/14 59527.87 59704.26 59286.19 59369.51 0 20194967552
2015/08/17 59267.30 59279.60 58659.03 58943.19 0 18723960832
2015/08/18 59295.18 59462.27 58076.18 58102.47 0 22203215872
2015/08/19 58300.61 58379.24 57270.26 57342.33 0 31777918976
2015/08/20 56862.18 57010.94 55962.89 56326.58 0 36391739392
2015/08/21 55308.21 55678.38 54918.58 55472.50 0 42084392960
2015/08/24 53483.16 53665.05 52320.99 52605.88 0 53562007552
2015/08/25 52304.12 54166.18 51674.40 53011.01 0 55949955072
2015/08/26 53086.25 53710.88 52159.57 52209.85 0 41181077504
2015/08/27 53889.62 54396.88 53020.23 54087.56 0 48035700736
2015/08/28 55538.56 55538.56 53460.44 53527.46 0 40998264832
2015/08/31 53974.81 53974.81 53000.47 53671.56 0 33169014784
2015/09/01 53726.56 53726.56 52433.92 52470.01 0 29766619136
2015/09/02 52278.37 52741.93 51461.67 51865.92 0 33031999488
2015/09/04 52420.85 52460.32 51321.08 51632.22 0 27136356352
2015/09/07 51319.70 52245.39 51063.19 51072.10 0 23632523264
2015/09/08 51210.00 53183.18 50932.20 52754.00 0 29570146304
2015/09/09 53694.66 55173.75 53439.30 54932.29 0 41892544512
2015/09/10 53825.96 54083.59 53389.32 53564.23 0 26661859328
2015/09/11 53933.81 54429.89 53342.62 53422.64 0 31487244288
2015/09/14 53879.84 54086.79 53290.39 53589.10 0 19963623424
2015/09/15 53515.40 53781.27 53226.14 53335.67 0 21745534976
2015/09/16 54022.06 54946.12 53716.69 54607.04 0 28928116736
2015/09/17 55134.52 55210.81 54005.68 54343.66 0 31275849728
2015/09/18 54343.76 54953.95 54343.76 54626.80 0 33624580096
2015/09/21 53863.24 54271.01 53804.10 54218.35 0 20981682176
2015/09/22 54333.06 55124.16 54269.83 54338.64 0 23384633344
2015/09/23 53678.72 53798.34 52380.07 53113.84 0 31461822464
2015/09/24 53118.81 53264.20 52492.01 52597.92 0 21401403392
2015/09/25 52534.12 53152.30 52253.87 52823.16 0 23298930688
2015/09/29 51309.51 51309.51 50783.18 51253.11 0 33033951232
2015/09/30 51851.64 52209.34 51570.33 51977.23 0 28621156352
2015/10/02 52791.68 53683.95 52684.89 53622.34 0 34598100992
2015/10/05 54681.72 54806.06 54205.31 54491.05 0 24560353280
2015/10/06 55275.45 55275.45 54153.91 54433.99 0 26554304512
2015/10/07 54566.41 56169.78 54398.58 56139.79 0 39925571584
2015/10/08 56321.62 56321.62 55355.25 55738.73 0 28946821120
2015/10/09 56389.58 56868.11 55953.10 55997.78 0 31083175936
2015/10/12 56385.58 56797.41 56255.76 56676.31 0 26968481792
2015/10/13 56543.32 56845.77 56139.73 56350.99 0 24594368512
2015/10/14 55848.23 56291.25 55742.86 55950.68 0 20201416704
2015/10/15 56517.93 57198.19 56269.17 57068.34 0 29748867072
2015/10/16 57680.28 57791.36 57231.41 57515.17 0 28203036672
2015/10/19 57567.01 57604.54 57138.08 57542.07 0 18449111040
2015/10/20 57332.58 57497.98 56962.13 57326.65 0 18080092160
2015/10/22 56911.63 57096.40 56741.88 57035.93 0 21134798848
2015/10/23 57972.19 57972.19 57641.76 57801.32 0 23778990080
2015/10/26 58479.63 58479.63 57589.09 57712.20 0 21145655296
2015/10/27 57563.31 57789.94 57144.07 57787.07 0 20689387520
2015/10/28 57607.22 57730.95 57240.06 57322.24 0 18348331008
2015/10/29 57566.84 57566.84 56959.55 56981.07 0 24163430400
2015/10/30 56895.97 57049.04 56463.25 56531.86 0 22235219968
2015/11/02 56187.87 56446.36 55764.46 55857.67 0 22951575552
2015/11/03 56439.75 56674.09 56332.42 56353.05 0 21285869568
2015/11/04 56775.07 58284.82 56775.07 57564.44 0 43030331392
2015/11/05 57543.28 57880.80 57332.33 57558.11 0 25641074688
2015/11/06 57226.18 57247.63 56920.78 57109.13 0 20296620032
2015/11/09 56824.86 57367.60 56664.40 56758.08 0 23109625856
2015/11/10 56205.98 56278.96 55791.39 55946.25 0 24998578176
2015/11/11 55927.39 56140.45 55753.22 55822.55 0 20298213376
2015/11/12 56135.80 57392.93 56079.27 57163.04 0 25621755904
2015/11/13 56176.99 56240.02 55738.77 55932.37 0 24285820928
2015/11/16 54864.46 55286.98 54864.46 54995.74 0 23292334080
2015/11/17 55756.22 56211.34 55578.28 55628.97 0 21115514880
2015/11/18 55797.66 55842.54 55376.67 55439.09 0 16916037632
2015/11/19 56027.80 56365.56 56008.11 56218.54 0 19012411392
2015/11/20 56256.36 56955.17 56010.40 56866.83 0 17476157440
2015/11/23 56880.15 56986.77 56529.35 56644.86 0 15729499136
2015/11/24 56480.05 56571.69 56081.12 56466.40 0 14743873536
2015/11/25 56334.41 56543.62 56090.61 56245.59 0 19271661568
2015/11/26 56874.60 56969.35 56134.81 56222.94 0 16568875008
2015/11/27 56389.14 56389.14 55128.10 55171.38 0 26403362816
2015/11/30 54937.61 55488.71 54768.95 54991.63 0 37719683072
2015/12/01 55495.10 56194.35 55359.49 55953.95 0 28237694976
2015/12/02 56186.95 56417.29 55930.19 56207.80 0 25554939904
2015/12/03 55826.06 56221.65 55826.06 56051.02 0 19983437824
2015/12/04 55363.66 55614.65 55279.53 55598.15 0 26651748352
2015/12/07 55849.27 55889.10 55509.79 55516.47 0 18327717888
2015/12/08 55154.75 55154.75 54422.31 54771.14 0 24619016192
2015/12/09 54442.67 54689.11 54397.46 54517.66 0 19617665024
2015/12/10 54293.81 54708.77 54178.51 54269.75 0 18993123328
2015/12/11 54306.15 54336.71 53609.87 53668.26 0 20284248064
2015/12/14 52666.18 53453.57 52533.61 53282.70 0 22735001600
2015/12/15 53046.90 53613.67 53046.90 53194.00 0 20448278528
2015/12/16 53902.49 54440.22 53902.49 54261.25 0 19884480512
2015/12/17 54611.01 55021.32 54417.66 54688.45 0 21676797952
2015/12/18 54149.61 54899.55 54072.75 54397.15 0 22692497408
2015/12/21 54111.13 54686.34 54111.13 54487.46 0 15147523072
2015/12/22 54625.54 54684.07 54385.10 54583.33 0 11906633728
2015/12/23 54681.79 55267.46 54624.48 55109.83 0 13969774592
2015/12/24 55527.96 55552.04 55330.18 55353.71 0 7775059456
2015/12/28 55387.74 55387.74 54709.58 54807.37 0 9867185152
2015/12/29 54816.50 55069.06 54712.59 55007.40 0 9700005888
2015/12/30 55244.85 55294.79 54678.36 54713.67 0 11749443584
2015/12/31 54738.93 54934.16 54668.59 54794.31 0 6871564800
2016/01/04 54464.81 54495.37 53077.08 53325.89 0 23832940544
2016/01/05 53304.81 53639.99 52747.75 52979.84 0 20738170880
2016/01/06 52864.60 53007.09 52376.20 52459.99 0 20945725440
2016/01/07 51939.38 52073.99 50817.63 50841.06 0 35898507264
2016/01/08 51237.48 51498.87 50819.26 51142.04 0 27047337984
2016/01/11 50001.13 50179.56 49670.48 49728.79 0 28151810048
2016/01/12 50082.66 50334.63 49244.94 49286.87 0 24210518016
2016/01/13 50079.74 50594.62 49634.35 49844.76 0 24413374464
2016/01/14 48954.72 49742.25 48780.10 49551.04 0 24596842496
2016/01/15 49461.15 49579.84 48758.34 48809.32 0 23354585088
2016/01/18 48225.76 48606.09 47996.17 48100.91 0 24646291456
2016/01/19 48216.24 49126.83 48017.84 49096.98 0 25917728768
2016/01/20 48337.87 48337.87 47091.83 47222.90 0 32373250048
2016/01/21 47705.06 48102.96 46342.77 46362.40 0 34628485120
2016/01/22 47509.18 47889.26 46931.14 47708.51 0 30939858944
2016/01/25 48360.87 48733.08 48237.10 48357.70 0 24530321408
2016/01/26 47679.35 47752.43 47036.72 47159.17 0 24999213056
2016/01/27 48036.94 48049.76 47335.53 47638.35 0 25203349504
2016/01/28 47741.66 48066.26 47462.75 47996.85 0 25133182976
2016/01/29 47853.30 49282.44 47833.72 49215.23 0 31978172416
2016/02/01 49434.90 49434.90 48618.02 48996.18 0 22725888000
2016/02/02 48694.56 49078.87 48516.09 48624.48 0 22356051968
2016/02/03 47284.39 47589.01 46919.18 47486.19 0 30982891520
2016/02/04 48001.84 48372.07 47941.36 47983.66 0 22392901632
2016/02/05 48244.47 48520.93 48101.00 48246.50 0 17081811968
2016/02/11 46242.32 46593.96 46141.35 46389.58 0 29337636864
2016/02/12 45721.72 46230.82 45721.72 45823.72 0 24908220416
2016/02/15 46697.41 47368.26 46697.41 47320.93 0 23082864640
2016/02/16 47560.06 48177.72 47462.16 47831.06 0 21804244992
2016/02/17 48021.43 48297.47 47298.24 47337.03 0 19733905408
2016/02/18 48549.29 48617.28 48191.62 48433.90 0 22530945024
2016/02/19 48122.09 48381.23 48052.60 48239.83 0 15413328896
2016/02/22 48461.80 48838.83 48461.80 48686.55 0 18571786240
2016/02/23 48793.74 48826.04 48346.81 48563.22 0 17122428928
2016/02/24 48231.93 48428.19 47676.18 48007.08 0 17552121856
2016/02/25 48064.71 48064.71 47194.76 47247.42 0 19079428096
2016/02/26 47975.83 48618.08 47832.28 48436.58 0 21847609344
2016/02/29 48441.61 48470.51 47660.21 47805.67 0 17676183552
2016/03/01 48176.01 48576.25 47796.59 48544.89 0 21105371136
2016/03/02 49502.90 50178.21 49492.26 50041.55 0 34233866240
2016/03/03 50384.80 50384.80 49656.18 50032.92 0 22977574912
2016/03/04 50309.77 50681.80 50122.42 50622.38 0 25329633280
2016/03/07 50979.19 51043.46 50450.83 50611.73 0 24440332288
2016/03/08 50545.45 50559.58 49969.62 50242.86 0 17863657472
2016/03/09 49959.55 50227.36 49757.89 50204.39 0 17164318720
2016/03/10 50364.65 50688.13 50033.46 50186.35 0 17491636224
2016/03/11 49996.78 50846.07 49878.61 50747.79 0 23505827840
2016/03/14 51179.90 51532.73 51072.60 51340.06 0 27832049664
2016/03/15 50995.39 51167.26 50885.95 50971.82 0 17496807424
2016/03/16 51100.26 51209.05 50670.26 50893.75 0 16805730304
2016/03/17 51703.63 51802.32 51340.83 51512.07 0 24106057728
2016/03/18 51751.70 51974.75 51540.12 51933.70 0 35055673344
2016/03/21 52101.07 52187.02 51800.37 51965.15 0 25887469568
2016/03/22 52168.43 52168.43 51695.44 51921.42 0 21922211840
2016/03/23 51827.59 51988.58 51536.69 51791.99 0 20162875392
2016/03/24 51378.60 51500.98 50920.96 51114.61 0 21774454784
2016/03/29 51216.90 51216.90 50874.80 51166.61 0 20202582016
2016/03/30 51616.66 52308.28 51605.69 52264.72 0 27853125632
2016/03/31 52284.99 52438.47 51977.89 52197.66 0 23964207104
2016/04/01 52235.55 52235.55 51404.33 51513.67 0 21465182208
2016/04/05 51043.59 51043.59 50553.58 50704.69 0 24604942336
2016/04/06 50513.64 50890.20 50513.64 50781.71 0 18288523264
2016/04/07 51010.78 51193.48 50678.90 50930.94 0 19922903040
2016/04/08 50419.79 51195.98 50379.25 51195.88 0 17639585792
2016/04/11 50907.95 51649.63 50869.87 51372.83 0 16376554496
2016/04/12 51372.62 51638.29 51289.93 51532.76 0 14492393472
2016/04/13 52134.81 53220.65 52078.43 53189.03 0 36245889024
2016/04/14 53937.89 54074.82 53459.26 53639.25 0 31142465536
2016/04/15 53731.86 53853.56 53378.59 53585.61 0 19163846656
2016/04/18 53116.05 53222.44 52797.02 53196.04 0 17617774592
2016/04/19 53891.42 53943.98 53441.54 53886.59 0 20806139904
2016/04/20 53928.36 53928.36 53049.84 53384.10 0 23311579136
2016/04/21 53811.67 54385.68 53623.62 54354.28 0 26658635776
2016/04/22 53916.63 54036.38 53691.34 53964.11 0 20346038272
2016/04/25 53817.10 53872.43 53429.72 53555.36 0 17654804480
2016/04/26 53745.35 53845.65 52993.37 53813.85 0 19269705728
2016/04/27 53726.03 53902.45 53486.49 53699.06 0 18020909056
2016/04/28 54019.20 54434.26 53432.13 53765.48 0 25655986176
2016/04/29 53331.02 53381.78 52849.80 52958.60 0 20644493312
2016/05/03 52980.55 52980.55 51990.95 52012.51 0 24922499072
2016/05/04 51709.54 51769.61 51344.57 51632.39 0 21392168960
2016/05/05 51224.95 51654.85 51171.85 51441.18 0 18660927488
2016/05/06 51208.84 51260.39 50457.52 50586.06 0 23693043712
2016/05/09 51013.75 51072.33 50626.06 50704.12 0 15910288384
2016/05/10 50279.32 51115.60 50279.32 50985.18 0 17552975872
2016/05/11 51249.86 51249.86 50396.42 50513.21 0 17673299968
2016/05/12 50627.08 50627.08 50030.45 50161.02 0 17428756480
2016/05/13 49979.74 50076.51 49352.89 49666.92 0 24936441856
2016/05/16 49648.00 50370.84 49633.24 50081.67 0 19586379776
2016/05/17 50388.30 50787.96 50036.52 50719.97 0 20346009600
2016/05/18 50133.05 50288.05 49847.51 50042.16 0 18659981312
2016/05/19 49877.20 50038.57 49666.66 49787.96 0 19814649856
2016/05/20 49686.73 50503.26 49686.73 50244.77 0 17233219584
2016/05/23 50089.40 50511.87 49994.45 50142.30 0 13912451072
2016/05/24 50190.36 50297.03 49898.38 50196.46 0 14949971968
2016/05/25 51022.50 51586.73 51022.50 51557.34 0 25751891968
2016/05/26 51571.10 51650.20 51258.44 51630.91 0 17074095104
2016/05/27 51701.51 52195.49 51361.91 52085.68 0 23560964096
2016/05/30 51951.25 52563.67 51804.87 52218.86 0 21746821120
2016/05/31 52193.14 53097.85 52193.14 52693.77 0 45714161664
2016/06/01 52496.44 52931.88 52462.91 52583.70 0 22066259968
2016/06/02 52662.81 52937.66 52436.74 52889.51 0 22981474304
2016/06/03 53135.09 53371.20 52961.94 53112.68 0 25817430016
2016/06/06 53181.62 53355.94 52851.49 53331.47 0 18967339008
2016/06/07 53845.93 54181.83 53680.27 54123.24 0 24318652416
2016/06/08 54097.66 54245.26 53807.23 54106.83 0 21054482432
2016/06/10 53983.91 54061.53 53419.42 53482.10 0 23571431424
2016/06/13 52497.30 52540.73 51946.34 52155.28 0 25404303360
2016/06/14 52063.14 52218.67 51763.60 51836.29 0 19406280704
2016/06/15 51274.61 52273.01 51274.61 52054.14 0 21601974272
2016/06/16 51718.80 51750.64 50901.54 51090.34 0 23862177792
2016/06/17 51615.09 51711.49 51223.90 51425.78 0 24517588992
2016/06/20 52076.13 52397.28 51727.93 52293.20 0 19725879296
2016/06/21 52324.22 52730.71 52309.87 52696.67 0 18039263232
2016/06/22 52638.90 53375.37 52539.81 53256.56 0 23119777792
2016/06/23 53439.61 53507.39 53161.30 53454.34 0 20163721216
2016/06/24 52468.59 53879.13 50366.08 51893.84 0 57080791040
2016/06/27 51185.64 52073.20 51151.86 51812.29 0 26117787648
2016/06/28 50970.72 51732.63 50970.72 51671.83 0 25748406272
2016/06/29 51970.91 52586.61 51970.91 52534.01 0 24272156672
2016/06/30 53307.07 53541.46 52992.94 53454.93 0 29671434240
2016/07/04 53899.92 54410.32 53573.89 54135.72 0 27080028160
2016/07/05 53793.77 53861.81 53324.84 53359.71 0 17305397248
2016/07/06 52651.75 52869.45 52212.00 52702.89 0 21098950656
2016/07/07 52989.32 53309.31 52912.33 53247.08 0 14636113920
2016/07/08 53030.87 53089.40 52634.10 52880.03 0 15977464971
