2017-01-03,647.707,648.603,636.956,643.227,409000.000,263080039.320
2017-01-04,641.808,647.186,635.533,644.497,641690.000,413567421.102
2017-01-05,644.394,644.394,637.244,642.606,536416.000,344704274.200
2017-01-06,634.918,637.574,623.406,624.292,832173.000,519518613.647
2017-01-09,628.728,630.514,620.691,621.584,1504400.000,935110488.192
2017-01-10,621.305,637.374,620.413,626.661,1643000.000,1029604614.480
2017-01-11,625.853,632.995,609.782,609.782,4096676.000,2498080923.302
2017-01-12,614.306,616.980,601.823,604.498,2485000.000,1502177579.700
2017-01-13,602.471,610.468,600.694,609.580,1127400.000,687240041.040
2017-01-16,608.362,608.362,595.929,603.033,677610.000,408621516.383
2017-01-17,604.045,606.714,601.376,605.824,710190.000,430250437.738
2017-01-18,602.588,613.191,599.054,602.588,975500.000,587824515.960
2017-01-19,600.250,609.090,597.598,604.670,1511614.000,914027153.664
2017-01-20,601.268,610.123,601.268,605.696,1449578.000,878003132.423
2017-01-23,608.130,614.317,602.827,605.478,828116.000,501406309.289
2017-01-24,603.437,610.484,603.437,608.723,752000.000,457759417.760
2017-01-25,614.588,619.010,609.283,613.704,465000.000,285372453.000
2017-01-26,618.905,629.515,618.021,628.631,979800.000,615932310.870
2017-01-27,620.673,622.442,615.368,615.368,80000.000,49229472.000
2017-02-01,616.253,618.021,610.948,617.137,344000.000,212295024.800
2017-02-02,618.905,618.905,610.063,615.368,332000.000,204302308.800
2017-02-03,614.060,622.896,607.876,611.410,1237000.000,756313774.160
2017-02-06,619.031,619.031,609.303,617.262,532600.000,328753922.284
2017-02-07,614.616,616.385,611.963,612.848,544728.000,333835258.347
2017-02-08,614.067,621.166,613.180,619.391,1055366.000,653684455.394
2017-02-09,617.207,628.719,617.207,622.521,3168671.000,1972562845.376
2017-02-10,626.271,635.142,623.610,628.933,1848110.000,1162336682.829
2017-02-13,631.411,638.515,628.746,638.515,1816000.000,1159543494.240
2017-02-14,638.424,641.084,628.670,632.217,1646000.000,1040629346.600
2017-02-15,635.085,635.970,628.894,631.547,2058000.000,1299724302.240
2017-02-16,636.703,636.703,623.439,629.629,2002189.000,1260635697.268
2017-02-17,625.480,631.655,621.951,624.598,1533000.000,957508120.800
2017-02-20,631.525,631.525,624.440,627.097,1023000.000,641520067.320
2017-02-21,628.422,632.854,622.218,624.877,1051000.000,656745464.250
2017-02-22,627.010,628.784,618.141,624.349,3640000.000,2272631961.600
2017-02-23,624.916,629.342,624.031,627.571,1591845.000,998996315.641
2017-02-24,628.208,630.862,624.669,626.438,1426588.000,893669504.179
2017-02-27,629.543,629.543,623.336,625.109,1524000.000,952666725.600
2017-02-28,625.375,628.032,621.832,627.146,1862000.000,1167746596.800
2017-03-01,627.493,632.811,624.834,629.266,1733000.000,1090517804.700
2017-03-02,633.762,642.625,631.103,639.966,5072000.000,3245909377.920
2017-03-03,640.833,640.833,632.845,635.507,1135029.000,721319192.511
2017-03-06,637.934,640.592,633.504,639.706,455000.000,291066430.200
2017-03-07,640.342,646.559,637.677,643.006,1305000.000,839122986.600
2017-03-08,643.694,645.472,639.249,639.249,562000.000,359257668.240
2017-03-09,640.807,640.807,632.797,637.247,1491000.000,950135515.560
2017-03-10,635.539,637.319,632.868,633.758,1129000.000,715513143.280
2017-03-13,631.738,641.511,631.738,641.511,1418000.000,909663221.920
2017-03-14,642.652,643.542,632.861,641.762,956000.000,613524567.600
2017-03-15,637.901,644.128,637.901,640.570,858000.000,549608716.800
2017-03-16,640.183,653.483,637.523,652.596,2993000.000,1953221264.640
2017-03-17,650.442,660.203,639.794,639.794,5977841.000,3824585429.851
2017-03-20,646.179,655.957,644.402,648.846,2819000.000,1829096592.100
2017-03-21,651.048,654.606,645.712,649.269,1034000.000,671344456.200
2017-03-22,643.104,647.539,639.556,646.652,1419000.000,917599415.040
2017-03-23,647.145,650.691,641.826,641.826,1315177.000,844114793.202
2017-03-24,641.696,644.355,639.037,641.696,661000.000,424160844.480
2017-03-27,637.768,640.421,626.268,626.268,1215000.000,760916203.200
2017-03-28,630.462,633.118,627.805,630.462,882000.000,556067272.320
2017-03-29,638.770,638.770,629.898,629.898,856000.000,539192516.800
2017-03-30,638.410,638.410,623.336,638.410,1505000.000,960806448.000
2017-03-31,642.760,642.760,627.668,627.668,2750213.000,1726219400.684
2017-04-03,631.219,637.433,629.443,633.882,1085000.000,687762035.100
2017-04-05,633.111,633.111,627.791,631.338,1101000.000,695102609.520
2017-04-06,632.588,632.588,626.377,628.152,1049412.000,659189994.765
2017-04-07,629.167,629.167,621.180,627.392,1881478.000,1180423869.080
2017-04-10,629.200,629.200,623.867,625.645,1198423.000,749787118.150
2017-04-11,623.870,625.645,614.996,616.771,1884821.000,1162502556.027
2017-04-12,614.809,619.245,614.809,616.583,779000.000,480318273.850
2017-04-13,616.606,632.507,616.606,620.140,1025000.000,635643274.500
2017-04-18,622.689,622.689,611.174,612.060,755000.000,462105420.800
2017-04-19,609.449,609.449,602.383,605.033,979000.000,592327404.900
2017-04-20,604.359,611.438,604.359,607.014,804447.000,488310559.080
2017-04-21,605.463,611.659,603.693,611.659,842758.000,515480835.770
2017-04-24,610.264,610.264,601.432,601.432,873500.000,525350817.060
2017-04-25,607.844,615.807,605.190,605.190,877000.000,530751209.040
2017-04-26,609.607,609.607,605.183,608.722,400000.000,243488704.000
2017-04-27,605.655,612.738,605.655,611.853,556000.000,340190190.160
2017-04-28,612.115,613.887,609.458,612.115,834632.000,510891133.918
2017-05-02,611.706,616.138,604.613,609.933,827000.000,504414293.280
2017-05-04,607.940,611.485,603.509,605.281,1121000.000,678520483.030
2017-05-05,602.733,604.503,591.227,599.192,1869000.000,1119890576.910
2017-05-08,600.586,603.243,592.614,594.385,1756797.000,1044214171.340
2017-05-09,595.050,603.031,593.276,603.031,560000.000,337697248.000
2017-05-10,603.337,612.209,602.450,604.224,1393000.000,841684115.580
2017-05-11,601.223,613.638,599.450,609.204,1222000.000,744447434.640
2017-05-12,609.813,609.813,603.618,605.388,595000.000,360205788.600
2017-05-15,605.115,607.765,601.582,607.765,873000.000,530579229.120
2017-05-16,608.587,612.120,604.170,608.587,5936295.000,3612750837.269
2017-05-17,607.195,609.839,604.551,607.195,939000.000,570156133.170
2017-05-18,601.928,605.453,600.165,605.453,690000.000,417762639.000
2017-05-19,605.396,607.164,604.512,607.164,533000.000,323618268.090
2017-05-22,606.099,606.099,601.688,601.688,846000.000,509027777.280
2017-05-23,601.456,604.983,598.810,601.456,1508000.000,906995346.400
2017-05-24,601.262,604.793,598.613,602.145,1116000.000,671993395.920
2017-05-25,601.544,613.011,601.544,612.129,950000.000,581522379.000
2017-05-26,611.907,618.960,610.143,611.907,1664000.000,1018212815.360
2017-05-29,583.692,590.746,582.810,585.455,1344000.000,786852111.360
2017-05-31,584.818,587.460,573.368,573.368,940000.000,538966155.000
2017-06-01,569.789,582.024,569.789,578.528,1010000.000,584313704.200
2017-06-02,580.104,584.472,577.483,582.725,896000.000,522121196.800
2017-06-05,583.422,586.038,578.189,581.677,340000.000,197770302.400
2017-06-06,581.477,584.093,571.888,573.631,527000.000,302303663.480
2017-06-07,571.107,578.072,571.107,577.201,643949.000,371688116.220
2017-06-08,575.137,582.109,573.394,578.623,1602000.000,926953853.760
2017-06-09,577.079,579.694,575.335,577.079,434630.000,250815689.303
2017-06-12,576.933,576.933,569.961,571.704,721000.000,412198584.000
2017-06-13,571.566,573.309,568.952,572.438,572000.000,327434267.160
2017-06-14,571.501,574.114,567.145,573.243,1062000.000,608784087.240
2017-06-15,568.175,573.396,568.175,573.396,551000.000,315941140.900
2017-06-16,570.839,577.811,569.968,577.811,744000.000,429891480.720
2017-06-19,576.048,577.791,575.177,576.048,419098.000,241420682.051
2017-06-20,577.152,578.898,571.040,571.040,637000.000,363752543.700
2017-06-21,572.614,576.985,569.991,572.614,975000.000,558298747.500
2017-06-22,575.289,577.038,572.666,575.289,886000.000,509706408.400
2017-06-23,573.974,573.974,569.599,573.099,1294000.000,741589847.200
2017-06-26,571.192,576.440,571.192,573.816,528000.000,302975016.960
2017-06-27,577.929,577.929,570.924,573.551,684289.000,392474469.167
2017-06-28,571.448,571.448,567.958,571.448,608000.000,347440505.600
2017-06-29,570.276,572.888,566.793,570.276,907000.000,517240105.250
2017-06-30,565.016,568.488,565.016,568.488,503000.000,285949262.800
2017-07-03,569.493,573.834,569.493,572.098,694000.000,397035782.980
2017-07-04,570.025,571.763,565.680,566.549,623000.000,352959952.240
2017-07-05,568.941,570.681,567.201,570.681,431000.000,245963355.840
2017-07-06,571.009,571.009,566.656,567.527,763000.000,433023009.440
2017-07-07,566.907,570.385,566.907,569.516,666000.000,379297622.700
2017-07-10,569.896,569.896,559.455,559.455,2024257.000,1132480720.178
2017-07-11,561.240,563.851,560.370,562.110,497000.000,279368888.680
2017-07-12,561.206,563.812,561.206,561.206,697000.000,391160609.880
2017-07-13,561.725,564.330,559.989,563.462,824928.000,464815415.750
2017-07-14,562.380,564.115,559.776,561.512,834000.000,468300916.260
2017-07-17,562.620,562.620,555.696,558.293,1449778.000,809400401.532
2017-07-18,561.447,561.447,556.248,558.847,1403000.000,784062832.050
2017-07-19,555.706,561.756,554.842,561.756,1512412.000,849606515.472
2017-07-20,559.047,562.503,556.455,558.183,1752000.000,977936195.520
2017-07-21,560.197,560.197,554.155,556.745,896110.000,498904448.312
2017-07-24,556.803,557.666,555.076,557.666,356386.000,198744340.821
2017-07-25,558.415,561.873,556.686,561.873,927906.000,521365327.938
2017-07-26,561.249,564.708,559.519,562.978,1356020.000,763409820.806
2017-07-27,560.228,560.228,557.643,560.228,763000.000,427454345.500
2017-07-28,556.500,561.676,554.774,559.951,867000.000,485477265.570
2017-07-31,559.165,560.889,557.442,560.027,1119000.000,626670213.000
2017-08-01,557.971,559.691,554.532,557.112,2051000.000,1142635727.520
2017-08-02,559.065,559.065,554.764,557.345,871000.000,485447320.800
2017-08-03,557.183,558.043,555.463,557.183,364000.000,202814539.200
2017-08-04,553.855,557.290,552.138,557.290,1269000.000,707200768.890
2017-08-07,554.584,557.163,554.584,556.304,600000.000,333782124.000
2017-08-08,555.773,557.491,554.055,557.491,516000.000,287665356.000
2017-08-09,556.323,556.323,552.894,556.323,576000.000,320441932.800
2017-08-10,555.360,555.360,541.690,547.670,1788000.000,979234675.200
2017-08-11,541.249,545.510,533.577,536.134,2498000.000,1339263831.120
2017-08-14,535.788,540.899,534.937,537.492,1518000.000,815913022.980
2017-08-15,541.445,541.445,534.624,536.329,372000.000,199514547.960
2017-08-16,537.755,540.316,534.341,536.902,2665000.000,1430843350.300
2017-08-17,535.634,537.340,534.781,535.634,456000.000,244248994.560
2017-08-18,533.219,542.603,530.659,538.338,1736498.000,934822252.550
2017-08-21,535.527,554.288,534.674,548.318,1204000.000,660175173.000
2017-08-22,549.005,549.005,542.195,546.451,1497000.000,818037356.580
2017-08-24,545.790,546.640,539.839,544.090,579148.000,315108403.661
2017-08-25,542.036,546.291,542.036,544.589,585000.000,318584448.000
2017-08-28,543.715,543.715,540.323,543.715,715000.000,388756532.450
2017-08-29,543.151,544.846,538.915,540.609,999500.000,540338995.350
2017-08-30,541.478,544.013,530.497,538.099,4227000.000,2274546079.260
2017-08-31,537.360,541.578,531.455,541.578,1780622.000,964346342.540
2017-09-01,540.731,540.731,535.677,538.204,562000.000,302470726.680
2017-09-04,532.892,538.766,532.892,538.766,707000.000,380907844.800
2017-09-05,533.821,535.491,530.479,534.656,1351000.000,722320256.000
2017-09-06,531.647,534.985,529.143,534.150,469000.000,250516537.600
2017-09-07,533.009,533.843,531.341,532.175,811000.000,431593876.340
2017-09-08,531.690,532.523,529.190,531.690,275710.000,146592266.443
2017-09-11,532.365,534.028,529.869,532.365,1299000.000,691541875.200
2017-09-12,537.194,536.359,530.511,534.688,735000.000,392995680.000
2017-09-13,534.760,535.597,533.923,535.597,301000.000,161214636.800
2017-09-14,535.424,536.262,533.749,534.587,446000.000,238425614.680
2017-09-15,534.268,536.780,528.406,536.780,2086000.000,1119722683.660
2017-09-18,535.552,536.389,533.042,535.552,1147000.000,614278144.000
2017-09-19,537.402,537.402,532.371,534.886,914256.000,489023137.089
2017-09-20,538.522,543.570,537.680,540.204,3191000.000,1723792495.680
