2017-01-03,442.555,454.201,438.971,451.513,64672056.000,29200302476.433
2017-01-04,454.465,458.947,451.776,458.050,95376767.000,43687345292.168
2017-01-05,457.600,461.175,454.025,457.600,74614581.000,34143632265.600
2017-01-06,455.157,456.043,451.615,453.386,31825410.000,14429202976.358
2017-01-09,459.936,459.936,454.578,457.257,24388368.000,11151751011.041
2017-01-10,457.945,461.516,455.267,458.838,23908432.000,10970085645.969
2017-01-11,458.006,462.470,456.221,460.685,33217909.000,15302985764.083
2017-01-12,456.494,461.844,454.711,459.169,89903834.000,41281040068.371
2017-01-13,455.852,460.295,454.963,458.518,49299494.000,22604685670.094
2017-01-16,456.494,457.382,447.612,452.053,28561018.000,12911096154.835
2017-01-17,455.480,458.149,451.922,456.370,22381901.000,10214426592.637
2017-01-18,452.383,457.684,452.383,455.917,26243055.000,11964653856.713
2017-01-19,456.154,458.806,452.618,457.038,27851258.000,12729092723.232
2017-01-20,456.928,458.699,451.615,455.157,28287040.000,12875052185.651
2017-01-23,454.330,459.633,452.562,454.330,18917522.000,8594792851.704
2017-01-24,453.679,457.203,451.917,453.679,27433074.000,12445808207.592
2017-01-25,456.299,456.299,450.993,450.993,19554395.000,8818895264.235
2017-01-26,456.221,457.106,451.801,454.453,21533946.000,9786168514.933
2017-01-27,452.685,455.337,451.801,453.569,4135998.000,1875960270.062
2017-02-01,442.075,451.801,442.075,451.801,20422435.000,9226869407.583
2017-02-02,450.916,450.916,444.727,446.496,28676917.000,12804121563.603
2017-02-03,447.071,451.489,445.304,447.071,19926249.000,8908452848.979
2017-02-06,449.240,451.008,447.471,448.355,19143012.000,8582871079.594
2017-02-07,449.245,450.129,444.823,445.707,31662247.000,14112096522.038
2017-02-08,447.240,452.564,445.465,451.676,56083302.000,25331505069.139
2017-02-09,451.615,461.356,451.615,459.585,59535930.000,27361813244.738
2017-02-10,463.051,468.373,463.051,466.599,57584539.000,26868877947.644
2017-02-13,469.784,474.224,468.008,472.448,69039813.000,32617716049.039
2017-02-14,474.385,475.271,469.064,469.951,55497201.000,26080965107.151
2017-02-15,468.796,485.601,468.796,477.641,203779823.000,97333557681.578
2017-02-16,482.833,485.486,473.990,475.759,1048775486.000,498964145713.267
2017-02-17,476.388,479.035,471.977,475.506,161845501.000,76958474429.406
2017-02-20,478.294,482.723,473.866,480.066,111016767.000,53295337520.921
2017-02-21,478.629,484.833,474.197,475.970,47421117.000,22571026687.434
2017-02-22,477.131,483.339,477.131,480.678,77194092.000,37105511017.667
2017-02-23,481.522,486.832,477.096,478.866,88076387.000,42176800348.600
2017-02-24,476.907,483.101,475.138,479.562,52208992.000,25037427737.907
2017-02-27,480.581,480.581,472.600,472.600,49843086.000,23555864374.558
2017-02-28,472.131,476.560,471.246,472.131,52611443.000,24839514239.610
2017-03-01,477.710,477.710,470.620,472.393,46732542.000,22076105618.013
2017-03-02,475.986,479.532,467.122,470.668,55212747.000,25986861058.192
2017-03-03,469.530,469.530,463.317,465.092,99868798.000,46448171009.912
2017-03-06,464.274,468.705,464.274,465.161,26888923.000,12507664867.142
2017-03-07,466.268,472.485,464.492,465.380,46131390.000,21468631813.967
2017-03-08,465.878,469.434,461.433,467.656,39189986.000,18327435228.015
2017-03-09,462.805,467.255,460.135,461.915,70795974.000,32701735781.445
2017-03-10,461.967,463.747,458.407,460.187,48357478.000,22253476441.914
2017-03-13,459.365,468.250,459.365,468.250,55176948.000,25836608108.078
2017-03-14,469.083,473.533,467.303,469.083,65056596.000,30516923704.489
2017-03-15,467.972,471.530,466.192,467.972,61306217.000,28689573363.935
2017-03-16,474.374,477.034,469.054,473.487,50961646.000,24129682995.000
2017-03-17,475.630,476.518,470.306,471.193,59915724.000,28231897899.122
2017-03-20,471.080,477.302,471.080,473.746,53602943.000,25394200739.626
2017-03-21,474.945,478.503,471.387,474.056,53355740.000,25293583604.242
2017-03-22,470.131,470.131,462.148,467.470,56745239.000,26526701414.949
2017-03-23,464.526,469.845,463.639,465.412,49239380.000,22916622944.250
2017-03-24,470.636,470.636,461.773,464.432,60116198.000,27919866832.353
2017-03-27,459.971,467.932,455.548,459.087,68208816.000,31313756155.818
2017-03-28,458.679,462.221,457.793,460.450,31636002.000,14566784466.499
2017-03-29,461.334,463.995,458.672,463.108,45365597.000,21009169080.852
2017-03-30,462.847,462.847,455.754,456.640,37992758.000,17349020611.672
2017-03-31,458.100,459.875,454.548,457.212,40501532.000,18517780373.554
2017-04-03,460.763,463.426,456.324,459.875,22236709.000,10226111443.451
2017-04-05,458.429,461.089,455.769,460.202,65354590.000,30076345050.929
2017-04-06,457.806,461.354,456.918,458.693,31752000.000,14564411880.480
2017-04-07,457.898,458.786,451.687,455.236,64764327.000,29483066119.037
2017-04-10,454.126,456.792,453.237,454.126,25474200.000,11568488906.940
2017-04-11,453.482,456.144,446.382,450.820,56465191.000,25455610303.328
2017-04-12,452.457,454.231,448.021,453.344,31991606.000,14503198471.555
2017-04-13,447.879,452.296,446.995,448.762,31800178.000,14270715295.657
2017-04-18,449.080,450.852,441.108,443.766,68029200.000,30189029640.192
2017-04-19,442.513,442.513,434.564,438.097,51851900.000,22716159760.224
2017-04-20,440.660,440.660,436.236,439.775,34057507.000,14977654445.078
2017-04-21,442.590,442.590,438.164,439.934,35235978.000,15501520954.002
2017-04-24,440.697,442.463,436.281,440.697,28889896.000,12731685875.129
2017-04-25,442.390,451.238,441.505,449.468,59159081.000,26590128017.087
2017-04-26,448.578,450.348,437.961,443.270,98268577.000,43559489525.017
2017-04-27,442.730,442.730,431.219,438.303,143729850.000,62997181325.595
2017-04-28,437.605,439.377,434.062,436.719,99481287.000,43445380115.107
2017-05-02,441.492,453.903,433.513,433.513,52096745.000,22584625071.632
2017-05-04,434.243,434.243,427.153,428.926,125981742.000,54036799315.665
2017-05-05,428.374,428.374,420.408,421.293,80702427.000,33999393402.888
2017-05-08,423.422,435.823,420.765,430.509,164359978.000,70758370876.013
2017-05-09,433.650,435.424,425.669,432.763,57912032.000,25062200919.785
2017-05-10,432.983,439.194,432.983,432.983,63554822.000,27518149867.447
2017-05-11,435.399,437.173,432.739,433.626,40831909.000,17705762672.547
2017-05-12,431.029,433.684,429.259,431.029,39666478.000,17097405915.845
2017-05-15,432.856,436.390,431.089,436.390,52111006.000,22740707317.258
2017-05-16,436.345,437.229,429.279,431.046,66372014.000,28609359288.077
2017-05-17,428.297,430.941,428.297,429.178,42134466.000,18083206494.836
2017-05-18,424.787,427.430,423.905,425.668,43608036.000,18562541107.244
2017-05-19,428.638,428.638,425.103,426.871,31985883.000,13653832108.163
2017-05-22,429.651,431.415,427.004,427.004,27097778.000,11570863932.756
2017-05-23,426.840,432.131,424.194,428.603,71638072.000,30704321228.645
2017-05-24,429.977,430.860,428.211,430.860,36629780.000,15782309941.182
2017-05-25,431.313,442.779,431.313,441.897,83922697.000,37085190553.890
2017-05-26,442.618,444.382,439.092,442.618,64129608.000,28384945768.179
2017-05-29,442.618,447.027,441.737,444.382,44085283.000,19590699176.461
2017-05-31,427.164,427.164,421.879,423.641,92146967.000,39037210210.105
2017-06-01,420.351,421.225,415.107,417.729,80388725.000,33580700097.751
2017-06-02,421.099,423.720,416.731,417.605,79856777.000,33348565402.052
2017-06-05,418.598,420.343,414.238,415.110,42500101.000,17642220326.118
2017-06-06,414.095,417.583,413.224,414.095,50913725.000,21083144410.737
2017-06-07,416.142,417.883,413.530,414.401,31917914.000,13226810372.648
2017-06-08,414.796,417.410,414.796,415.667,31089661.000,12922956689.372
2017-06-09,416.682,418.426,413.195,418.426,91851167.000,38432879662.675
2017-06-12,417.449,417.449,413.963,414.834,42087000.000,17459118558.000
2017-06-13,415.605,417.348,412.991,413.863,46135774.000,19093878301.019
2017-06-14,417.300,417.300,411.202,412.944,42145960.000,17403923834.998
2017-06-15,411.557,411.557,408.077,408.077,41094536.000,16769730857.818
2017-06-16,410.481,412.224,409.610,411.353,25211734.000,10370915356.816
2017-06-19,412.210,413.082,409.596,412.210,44548000.000,18363132861.920
2017-06-20,412.127,415.619,410.380,411.254,39950710.000,16429875307.591
2017-06-21,412.632,414.380,410.009,412.632,26511303.000,10939407737.688
2017-06-22,412.670,423.161,412.670,418.790,75233259.000,31506913966.632
2017-06-23,419.981,420.856,416.481,417.356,31979347.000,13346769788.184
2017-06-26,417.241,424.239,417.241,422.490,32749035.000,13836131937.382
2017-06-27,422.939,423.815,420.312,420.312,30730571.000,12916427758.152
2017-06-28,416.154,422.261,416.154,418.771,40914523.000,17133823894.138
2017-06-29,421.395,421.395,418.783,420.524,27688440.000,11643652158.138
2017-06-30,418.337,419.205,413.998,414.866,35074781.000,14551325676.399
2017-07-03,414.966,420.175,414.966,418.439,23194598.000,9705516506.359
2017-07-04,420.567,422.305,416.222,417.960,49594333.000,20728454363.887
2017-07-05,417.571,421.921,417.571,420.181,40602692.000,17060480539.306
2017-07-06,422.163,422.163,418.682,420.423,33444654.000,14060885715.208
2017-07-07,418.225,419.094,415.616,416.486,35051436.000,14598422208.980
2017-07-10,416.764,418.504,413.283,413.283,50225965.000,20757550049.586
2017-07-11,414.187,428.979,414.187,426.369,114539207.000,48835921333.700
2017-07-12,426.551,435.239,425.683,429.158,92070199.000,39512621951.554
2017-07-13,433.232,435.836,429.759,431.495,48192262.000,20794739368.595
2017-07-14,433.067,433.935,429.596,431.331,47797408.000,20616522431.037
2017-07-17,432.785,448.365,431.054,438.844,178056778.000,78139146904.064
2017-07-18,439.280,441.879,432.349,434.948,68740066.000,29898344602.959
2017-07-19,434.713,439.034,432.984,437.305,40802804.000,17843288156.454
2017-07-20,438.078,439.807,436.350,437.214,28365854.000,12401958702.463
2017-07-21,436.764,440.217,432.448,435.038,35854049.000,15597862295.566
2017-07-24,436.810,440.263,432.493,435.946,27594729.000,12029820007.053
2017-07-25,437.397,438.261,433.074,433.939,64593690.000,28029710909.920
2017-07-26,436.719,439.313,434.989,437.584,65005467.000,28445335370.307
2017-07-27,436.116,438.702,434.393,436.116,55505795.000,24206984164.190
2017-07-28,440.023,440.023,433.983,435.709,29048125.000,12656528043.219
2017-07-31,437.683,439.406,435.098,436.821,26091045.000,11397117933.408
2017-08-01,436.748,447.065,435.888,445.345,100436083.000,44728739523.182
2017-08-02,447.252,451.552,444.672,445.532,48622270.000,21662767473.186
2017-08-03,443.683,447.122,439.383,441.963,31202841.000,13790498096.599
2017-08-04,439.649,442.225,439.649,441.367,17134384.000,7562545837.237
2017-08-07,443.667,447.966,441.947,443.667,25386710.000,11263248511.975
2017-08-08,443.244,444.103,438.090,442.385,24410717.000,10798935040.045
2017-08-09,438.886,441.458,434.600,437.172,31628800.000,13827225753.600
2017-08-10,435.744,437.453,427.200,429.763,56588924.000,24319837062.797
2017-08-11,421.918,425.328,416.804,421.066,79990408.000,33681228336.463
2017-08-14,421.646,425.905,419.942,424.201,28863890.000,12244101970.168
2017-08-15,427.188,432.304,425.482,426.335,53208285.000,22684554185.475
2017-08-16,430.204,430.204,425.936,426.790,19499050.000,8321999549.500
2017-08-17,426.460,428.166,421.342,423.901,27972848.000,11857724953.532
2017-08-18,418.043,421.456,416.337,419.750,34913775.000,14655050073.495
2017-08-21,420.406,421.259,418.700,420.406,19428607.000,8167898097.290
2017-08-22,418.776,425.585,418.776,422.180,30953023.000,13067757155.107
2017-08-24,421.669,429.321,421.669,423.370,35544373.000,15048411244.586
2017-08-25,425.460,437.373,424.609,433.118,77167901.000,33422828552.330
2017-08-28,432.597,441.080,431.749,433.446,77253150.000,33485032545.919
2017-08-29,432.996,435.538,428.759,432.996,52337605.000,22661965763.939
2017-08-30,432.507,439.265,432.507,435.041,59264740.000,25782597680.814
2017-08-31,432.757,436.974,429.382,436.131,77279719.000,33704070308.028
2017-09-01,434.606,436.291,431.237,433.764,31450317.000,13642012158.156
2017-09-04,431.349,431.349,424.635,428.831,40883276.000,17532024307.011
2017-09-05,426.889,431.066,424.383,427.725,29403489.000,12576601451.827
2017-09-06,425.651,426.486,421.478,423.147,43198086.000,18279152160.125
2017-09-07,427.075,427.075,418.733,420.402,61235004.000,25743288758.806
2017-09-08,422.519,426.685,420.018,423.352,35573653.000,15060175721.910
2017-09-11,425.892,429.219,425.060,425.892,37547141.000,15991020967.229
2017-09-12,427.750,432.763,424.409,432.763,58029376.000,25112972648.826
2017-09-13,428.477,435.172,428.477,434.336,41060371.000,17833978000.282
2017-09-14,430.686,435.713,430.686,432.362,30822000.000,13326248002.320
2017-09-15,429.591,431.266,426.242,427.917,45656789.000,19537293806.686
2017-09-18,429.278,431.789,425.931,428.442,32052856.000,13732776909.210
2017-09-19,429.251,431.766,427.574,430.089,45410447.000,19530531015.156
2017-09-20,431.659,435.024,429.976,433.342,42256413.000,18311461619.681
