2017-01-03,1426.209,1497.878,1408.292,1456.668,5209400.000,7588368154.584
2017-01-04,1457.514,1480.820,1444.965,1466.478,4123728.000,6047355070.391
2017-01-05,1465.750,1490.775,1463.962,1476.475,6526271.000,9635875974.725
2017-01-06,1461.108,1477.047,1434.542,1450.482,4857770.000,7046106779.275
2017-01-09,1459.293,1491.444,1459.293,1475.368,4232978.000,6245200963.180
2017-01-10,1474.707,1487.205,1465.781,1472.922,4425442.000,6518330881.524
2017-01-11,1473.120,1490.976,1473.120,1482.048,4291252.000,6359841444.096
2017-01-12,1490.738,1494.305,1462.208,1472.907,4537946.000,6683970976.879
2017-01-13,1466.190,1476.853,1459.081,1466.190,4171382.000,6116038574.580
2017-01-16,1454.741,1454.741,1424.544,1435.202,9008000.000,12928298895.360
2017-01-17,1441.168,1457.181,1434.051,1442.947,5320300.000,7676913158.626
2017-01-18,1441.970,1480.847,1434.901,1470.244,6878494.000,10113063431.977
2017-01-19,1471.009,1479.849,1453.329,1465.705,4640588.000,6801733777.034
2017-01-20,1457.566,1480.589,1450.482,1473.505,10986411.000,16188534616.750
2017-01-23,1479.665,1502.647,1470.826,1492.040,11565320.000,17255920978.026
2017-01-24,1497.581,1504.628,1476.439,1504.628,7540969.000,11346356422.558
2017-01-25,1512.153,1515.690,1490.930,1508.616,5308800.000,8008939559.040
2017-01-26,1511.897,1518.970,1503.055,1515.433,2721100.000,4123645008.410
2017-01-27,1503.055,1524.275,1494.213,1513.665,2131395.000,3226217586.396
2017-02-01,1503.055,1510.128,1490.677,1510.128,4413730.000,6665298140.186
2017-02-02,1518.970,1518.970,1490.677,1499.518,3183306.000,4773425919.830
2017-02-03,1498.484,1517.922,1475.512,1512.620,7139510.000,10799369043.165
2017-02-06,1513.973,1597.100,1513.973,1593.563,28349140.000,45176130947.112
2017-02-07,1586.506,1634.260,1574.125,1627.186,16338989.000,26586567619.358
2017-02-08,1632.779,1682.472,1613.257,1682.472,17771396.000,29899884701.182
2017-02-09,1670.091,1724.993,1655.922,1680.717,19061554.000,32037077091.756
2017-02-10,1710.271,1717.368,1673.014,1683.659,11379200.000,19158690899.712
2017-02-13,1685.538,1712.180,1681.986,1703.299,11013004.000,18758439581.236
2017-02-14,1706.011,1706.011,1658.129,1670.543,8570079.000,14316683768.881
2017-02-15,1680.588,1708.893,1673.512,1685.895,11434186.000,19276838378.572
2017-02-16,1697.875,1713.793,1666.040,1674.883,7865698.000,13174124964.532
2017-02-17,1677.944,1685.002,1633.834,1647.950,7926791.000,13062952057.734
2017-02-20,1649.229,1675.801,1649.229,1674.030,5331000.000,8924252330.700
2017-02-21,1676.974,1710.655,1671.656,1687.610,7919378.000,13364824674.331
2017-02-22,1693.903,1736.472,1685.034,1709.866,9878200.000,16890399111.456
2017-02-23,1704.799,1708.340,1671.163,1680.015,5255813.000,8829843100.451
2017-02-24,1668.733,1672.272,1615.645,1640.419,7747938.000,12709866255.610
2017-02-27,1643.905,1661.638,1626.171,1631.491,5956701.000,9718305262.531
2017-02-28,1631.644,1651.131,1597.983,1610.384,7508429.000,12091456930.108
2017-03-01,1613.048,1641.409,1607.730,1630.774,5474978.000,8928449582.981
2017-03-02,1650.440,1673.485,1636.257,1648.667,6487448.000,10695640134.326
2017-03-03,1633.147,1647.348,1624.271,1633.147,4886666.000,7980644895.235
2017-03-06,1630.277,1647.997,1621.417,1623.189,4051895.000,6576989934.473
2017-03-07,1637.712,1646.593,1621.725,1637.712,3578892.000,5861193373.014
2017-03-08,1632.351,1671.470,1625.238,1667.914,4929021.000,8221183526.516
2017-03-09,1664.319,1667.879,1630.498,1634.058,5529200.000,9035035484.112
2017-03-10,1639.583,1664.506,1628.901,1643.143,3589608.000,5898239473.320
2017-03-13,1629.546,1684.634,1629.546,1679.303,4635850.000,7784995885.380
2017-03-14,1700.091,1701.871,1652.026,1671.608,4487352.000,7501092604.546
2017-03-15,1674.378,1688.613,1658.364,1663.702,3305350.000,5499116083.560
2017-03-16,1682.919,1716.612,1672.278,1716.612,7475553.000,12832627574.701
2017-03-17,1737.470,1774.740,1737.470,1774.740,20019639.000,35529654118.860
2017-03-20,1777.660,1835.434,1777.660,1813.213,7237000.000,13122223928.400
2017-03-21,1827.738,1849.973,1787.714,1809.949,10829021.000,19599979520.086
2017-03-22,1745.695,1772.306,1729.728,1751.017,6317887.000,11062727288.364
2017-03-23,1762.362,1799.595,1671.939,1693.215,13495552.000,22850871079.680
2017-03-24,1685.781,1714.143,1675.145,1701.734,6631848.000,11285643877.171
2017-03-27,1698.355,1710.739,1661.204,1664.742,6195764.000,10314348057.227
2017-03-28,1678.870,1691.267,1666.473,1691.267,4251234.000,7189970923.231
2017-03-29,1717.580,1717.580,1680.319,1706.934,3393702.000,5792826415.653
2017-03-30,1705.972,1705.972,1647.451,1666.958,4745142.000,7909954316.093
2017-03-31,1669.045,1681.474,1642.411,1670.821,3297504.000,5509538205.333
2017-04-03,1677.923,1686.801,1649.514,1660.167,4002135.000,6644213657.186
2017-04-05,1667.015,1667.015,1642.187,1656.374,7519063.000,12454382562.900
2017-04-06,1659.101,1659.101,1627.161,1636.034,7238239.000,11842002787.890
2017-04-07,1645.240,1661.213,1622.167,1652.339,6256880.000,10338485590.944
2017-04-10,1651.205,1688.530,1633.431,1635.208,6348153.000,10380550570.824
2017-04-11,1636.439,1652.413,1620.465,1639.989,5211782.000,8547265775.812
2017-04-12,1625.295,1648.362,1625.295,1648.362,3740420.000,6165565668.381
2017-04-13,1620.137,1639.572,1618.370,1627.204,3745626.000,6094899033.042
2017-04-18,1633.341,1643.971,1620.941,1624.484,4595943.000,7466035133.061
2017-04-19,1619.899,1669.361,1607.533,1658.762,12019014.000,19936687065.992
2017-04-20,1658.228,1677.695,1626.373,1631.682,7997310.000,13049065495.850
2017-04-21,1644.664,1676.531,1628.731,1637.583,6305098.000,10325121298.134
2017-04-24,1642.678,1686.836,1642.678,1663.873,14276884.000,23754928093.561
2017-04-25,1681.082,1700.547,1668.695,1695.238,10239523.000,17358433406.445
2017-04-26,1705.837,1750.075,1698.758,1721.762,8349060.000,14375097750.325
2017-04-27,1733.731,1737.273,1691.229,1728.418,6595301.000,11399436436.194
2017-04-28,1725.616,1757.507,1714.986,1718.530,5567028.000,9567102402.029
2017-05-02,1732.280,1746.464,1702.138,1709.230,4876953.000,8335833595.878
2017-05-04,1706.840,1715.703,1685.571,1701.523,4090249.000,6959653567.277
2017-05-05,1702.875,1702.875,1637.380,1660.391,5319298.000,8832116227.693
2017-05-08,1665.342,1683.058,1638.767,1681.286,6279110.000,10556981995.940
2017-05-09,1684.939,1707.996,1674.297,1704.449,8540937.000,14557589991.344
2017-05-10,1707.088,1774.520,1707.088,1746.128,12210935.000,21321851602.181
2017-05-11,1745.144,1795.689,1743.370,1771.746,9445259.000,16734604385.938
2017-05-12,1768.370,1805.543,1752.439,1778.991,8419042.000,14977397420.909
2017-05-15,1797.678,1802.095,1759.693,1775.594,7577314.000,13454231759.053
2017-05-16,1766.580,1775.413,1750.681,1754.214,5751875.000,10090019306.137
2017-05-17,1751.965,1760.777,1720.239,1732.577,6183060.000,10712626432.669
2017-05-18,1700.909,1729.111,1683.283,1699.146,5847900.000,9936438232.560
2017-05-19,1705.715,1753.439,1703.947,1741.066,2128565.000,3705972788.859
2017-05-22,1738.013,1817.414,1730.955,1799.770,10989069.000,19777792318.502
2017-05-23,1803.486,1838.762,1768.209,1772.619,6898248.000,12227965471.512
2017-05-24,1774.649,1805.551,1753.459,1787.893,3435400.000,6142126753.350
2017-05-25,1786.111,1830.212,1781.701,1821.392,2898460.000,5279231711.397
2017-05-26,1816.323,1838.365,1781.054,1794.280,3349353.000,6009676598.437
2017-05-29,1803.097,1803.097,1772.237,1785.463,1831401.000,3269898265.813
2017-05-31,1779.115,1884.805,1779.115,1827.556,10633031.000,19432462260.494
2017-06-01,1826.472,1839.581,1795.885,1808.994,5390417.000,9751230393.373
2017-06-02,1804.087,1821.560,1777.878,1799.719,5055275.000,9098074467.725
2017-06-05,1800.845,1831.368,1740.672,1752.881,6997491.000,12265767622.073
2017-06-06,1756.637,1778.431,1736.586,1756.637,4585630.000,8055285950.621
2017-06-07,1758.592,1784.709,1745.533,1754.239,4407431.000,7731686688.894
2017-06-08,1760.268,1803.839,1739.354,1790.768,6851750.000,12269895329.175
2017-06-09,1791.385,1817.536,1743.440,1773.950,6779800.000,12027027565.960
2017-06-12,1756.072,1790.933,1708.140,1713.369,8663300.000,14843429657.700
2017-06-13,1725.154,1768.719,1725.154,1742.580,6659658.000,11604986837.640
2017-06-14,1755.448,1759.804,1724.956,1737.153,3653675.000,6346991975.760
2017-06-15,1726.278,1728.019,1670.592,1672.332,9626629.000,16098921654.154
2017-06-16,1680.271,1702.931,1675.042,1676.785,5671317.000,9509580636.961
2017-06-19,1678.470,1727.273,1674.985,1725.530,7442142.000,12841642262.117
2017-06-20,1735.822,1746.300,1693.911,1702.642,4971054.000,8463927810.195
2017-06-21,1702.981,1720.465,1680.251,1695.987,6957049.000,11799063270.953
2017-06-22,1704.885,1757.343,1704.885,1727.617,9299184.000,16065426504.691
2017-06-23,1721.921,1771.794,1721.921,1758.670,8178103.000,14382581131.769
2017-06-26,1758.187,1793.176,1753.814,1784.429,6382600.000,11389295258.880
2017-06-27,1790.704,1799.461,1751.300,1755.678,4608330.000,8090744749.823
2017-06-28,1744.880,1753.604,1718.707,1729.176,4546604.000,7861878882.032
2017-06-29,1739.559,1754.360,1722.146,1729.111,4136302.000,7152124873.892
2017-06-30,1713.274,1732.368,1709.802,1716.746,4699000.000,8066988326.240
2017-07-03,1717.161,1736.260,1705.007,1724.106,3197904.000,5513526049.447
2017-07-04,1713.550,1717.025,1656.200,1663.151,12325524.000,20499209538.208
2017-07-05,1668.545,1712.042,1659.846,1706.822,12708159.000,21690568918.983
2017-07-06,1709.544,1749.584,1707.803,1728.694,8106212.000,14013158750.134
2017-07-07,1712.895,1725.068,1704.200,1705.939,3966400.000,6766437956.832
2017-07-10,1707.077,1753.191,1703.597,1710.558,8977044.000,15355751019.275
2017-07-11,1729.838,1857.749,1719.397,1844.697,17250320.000,31821610102.976
2017-07-12,1824.354,1854.760,1798.292,1833.041,6639917.000,12171242753.564
2017-07-13,1853.607,1883.994,1823.220,1866.630,9963423.000,18598024274.490
2017-07-14,1891.957,1909.314,1865.921,1874.599,14169112.000,26561406019.910
2017-07-17,1891.270,1990.811,1878.287,1938.877,26790211.000,51942918575.005
2017-07-18,1949.467,1962.464,1897.482,1910.478,9893004.000,18900367979.863
2017-07-19,1918.613,2082.818,1918.613,2039.606,28025845.000,57161692827.408
2017-07-20,2047.822,2047.822,2004.619,2004.619,11977585.000,24010496860.632
2017-07-21,2002.554,2032.765,1963.712,1963.712,8871504.000,17421076644.972
2017-07-24,1963.917,2058.875,1963.917,2041.610,11596295.000,23675110675.321
2017-07-25,2031.387,2040.031,1988.166,2005.454,6231059.000,12496104688.210
2017-07-26,2006.313,2032.256,1976.045,2019.285,6690100.000,13509216236.965
2017-07-27,1999.585,2038.370,1995.275,2016.823,4793230.000,9667094590.998
2017-07-28,1993.045,2027.556,1967.161,1975.789,7531482.000,14880620042.446
2017-07-31,1973.018,2054.868,1960.094,2024.713,6947535.000,14066764432.455
2017-08-01,2020.389,2149.350,2020.389,2119.259,18681682.000,39591324581.806
2017-08-02,2133.048,2210.457,2133.048,2158.851,20736021.000,44765979671.871
2017-08-03,2149.625,2201.216,2119.530,2119.530,12056433.000,25553974450.598
2017-08-04,2112.377,2168.192,2112.377,2142.432,6763782.000,14490939954.122
2017-08-07,2140.952,2166.746,2119.456,2153.849,9609607.000,20697643388.304
2017-08-08,2151.795,2194.745,2104.550,2164.680,9758852.000,21124791747.360
2017-08-09,2155.858,2177.288,2121.570,2138.714,5983070.000,12796075571.980
2017-08-10,2161.632,2161.632,2050.560,2050.560,10151727.000,20816725317.120
2017-08-11,1985.999,2054.188,1960.428,1981.737,10214402.000,20242258376.274
2017-08-14,1993.235,2044.344,1988.976,2027.308,8751130.000,17741234107.814
2017-08-15,2046.408,2097.568,2029.355,2042.145,6890200.000,14070785067.430
2017-08-16,2048.592,2061.396,2027.252,2040.056,3728174.000,7605684483.379
2017-08-17,2064.066,2072.596,2004.362,2025.685,7340910.000,14870371273.350
2017-08-18,1987.840,2030.497,1970.777,1987.840,23862036.000,47433897711.222
2017-08-21,1969.853,2008.226,1969.853,1995.435,7440976.000,14847983944.560
2017-08-22,2017.273,2076.855,2013.017,2055.576,9995810.000,20547142638.445
2017-08-24,2104.097,2125.350,1938.319,2040.336,36519307.000,74511656767.152
2017-08-25,2033.699,2084.754,1991.153,2071.990,18788964.000,38930549276.153
2017-08-28,2065.440,2095.128,2001.823,2014.546,19571692.000,39428078724.755
2017-08-29,1999.746,2012.456,1953.142,1957.379,8600800.000,16835021002.800
2017-08-30,1968.244,2031.600,1968.244,1968.244,12397694.000,24401689308.875
2017-08-31,1982.413,2007.720,1965.541,2003.502,5068378.000,10154507993.945
2017-09-01,1987.734,2017.213,1975.100,1991.945,6168984.000,12288276216.982
2017-09-04,1988.904,1988.904,1946.944,1951.140,7970286.000,15551143826.040
2017-09-05,1963.190,1992.429,1946.482,1971.544,5147400.000,10148325585.600
2017-09-06,1948.814,1952.987,1877.873,1894.565,11123333.000,21073874048.145
2017-09-07,1893.475,1918.499,1868.451,1885.134,18702400.000,35256526381.120
2017-09-08,1887.583,1937.585,1887.583,1920.918,12571606.000,24149022368.567
2017-09-11,1925.663,1933.982,1888.231,1892.391,6656958.000,12597564078.099
2017-09-12,1921.535,1929.890,1892.294,1896.471,9156211.000,17364493209.486
2017-09-13,1908.064,1933.170,1895.511,1928.985,5759513.000,11110016200.135
2017-09-14,1923.003,1923.003,1893.677,1893.677,10287900.000,19481955493.140
2017-09-15,1892.547,1892.547,1850.676,1850.676,11289172.000,20892600809.189
2017-09-18,1866.064,1886.984,1849.328,1861.880,15048216.000,28017972406.080
2017-09-19,1877.971,1907.314,1865.395,1873.779,8164443.000,15298364289.430
2017-09-20,1880.618,1922.690,1872.204,1914.276,8699444.000,16653136862.544
