2018-01-02,1.756,1.798,1.748,1.789,46315306.000,82879688.524
2018-01-03,1.786,1.802,1.769,1.769,45555212.000,80593338.204
2018-01-04,1.772,1.780,1.764,1.780,43085518.000,76712903.089
2018-01-05,1.769,1.777,1.752,1.777,48108048.000,85481429.737
2018-01-08,1.766,1.783,1.758,1.766,53423900.000,94349112.981
2018-01-09,1.769,1.786,1.769,1.769,48044846.000,84993744.425
2018-01-10,1.784,1.793,1.776,1.784,49364220.000,88080044.612
2018-01-11,1.790,1.832,1.782,1.799,67685866.000,121747812.594
2018-01-12,1.801,1.809,1.793,1.801,32642600.000,58790461.827
2018-01-15,1.799,1.816,1.758,1.766,57611000.000,101765234.142
2018-01-16,1.761,1.794,1.761,1.777,49867000.000,88617408.998
2018-01-17,1.776,1.784,1.751,1.760,80630150.000,141879746.877
2018-01-18,1.763,1.788,1.763,1.772,89473013.000,158508466.161
2018-01-19,1.781,1.822,1.773,1.773,128367000.000,227549403.122
2018-01-22,1.780,1.804,1.780,1.788,71743000.000,128268118.766
2018-01-23,1.793,1.801,1.785,1.785,57828167.000,103198400.418
2018-01-24,1.782,1.815,1.782,1.807,146023208.000,263813252.201
2018-01-25,1.826,1.867,1.801,1.826,245090679.000,447514404.019
2018-01-26,1.826,1.842,1.818,1.834,108429199.000,198845814.175
2018-01-29,1.829,1.845,1.813,1.813,95930765.000,173891318.633
2018-01-30,1.806,1.822,1.782,1.798,78204985.000,140603897.918
2018-01-31,1.782,1.790,1.774,1.790,85892000.000,153741981.708
2018-02-01,1.789,1.797,1.733,1.749,89398046.000,156358970.415
2018-02-02,1.753,1.769,1.745,1.761,60892389.000,107234218.919
2018-02-05,1.732,1.781,1.716,1.748,118640911.000,207433239.940
2018-02-06,1.710,1.718,1.661,1.678,166031968.000,278521946.959
2018-02-07,1.705,1.721,1.657,1.665,113757496.000,189369066.266
2018-02-08,1.671,1.688,1.655,1.663,62169970.000,103415474.018
2018-02-09,1.641,1.641,1.600,1.616,185305956.000,299510016.683
2018-02-12,1.692,1.692,1.628,1.628,107561000.000,175057033.354
2018-02-13,1.650,1.674,1.642,1.650,42616604.000,70311873.488
2018-02-14,1.662,1.679,1.646,1.662,44359000.000,73743599.293
2018-02-15,1.679,1.687,1.662,1.671,34413127.000,57488381.291
2018-02-20,1.687,1.687,1.671,1.671,35267000.000,58914807.219
2018-02-21,1.679,1.703,1.671,1.695,43866000.000,74346930.544
2018-02-22,1.681,1.729,1.681,1.697,56700771.000,96213893.988
2018-02-23,1.704,1.728,1.704,1.712,41797010.000,71557856.242
2018-02-26,1.725,1.734,1.701,1.717,31002000.000,53242549.582
2018-02-27,1.743,1.743,1.687,1.703,108434526.000,184671089.396
2018-02-28,1.698,1.706,1.682,1.706,59491915.000,101499382.251
2018-03-01,1.692,1.700,1.675,1.692,39159000.000,66242347.291
2018-03-02,1.683,1.723,1.683,1.707,93293199.000,159276148.085
2018-03-05,1.717,1.741,1.701,1.709,79273242.000,135472516.579
2018-03-06,1.724,1.764,1.724,1.756,72724000.000,127722819.487
2018-03-07,1.745,1.761,1.721,1.737,41581032.000,72236356.775
2018-03-08,1.744,1.776,1.744,1.768,72070771.000,127401246.009
2018-03-09,1.780,1.788,1.724,1.756,98782633.000,173465178.123
2018-03-12,1.753,1.753,1.697,1.713,157365465.000,269544066.187
2018-03-13,1.701,1.709,1.685,1.701,73508420.000,125067115.525
2018-03-14,1.693,1.709,1.685,1.709,45026565.000,76948292.342
2018-03-15,1.691,1.699,1.683,1.691,29497009.000,49884515.705
2018-03-16,1.688,1.696,1.672,1.680,83003043.000,139449893.215
2018-03-19,1.679,1.687,1.663,1.671,32448566.000,54225827.262
2018-03-20,1.653,1.669,1.653,1.669,50290898.000,83943816.818
2018-03-21,1.673,1.689,1.657,1.673,48024616.000,80332998.723
2018-03-22,1.667,1.667,1.642,1.650,39508394.000,65206016.497
2018-03-23,1.620,1.629,1.604,1.620,129112495.000,209224487.034
2018-03-26,1.627,1.643,1.610,1.643,49625681.000,81515540.616
2018-03-27,1.641,1.657,1.633,1.649,39308767.000,64818906.764
2018-03-28,1.632,1.664,1.624,1.640,43910686.000,72030628.252
2018-03-29,1.655,1.663,1.623,1.631,37337041.000,60899876.318
2018-04-03,1.617,1.649,1.609,1.649,36710490.000,60542749.213
2018-04-04,1.652,1.668,1.652,1.660,35669907.000,59197841.863
2018-04-06,1.652,1.676,1.652,1.676,27493646.000,46069359.505
2018-04-09,1.673,1.681,1.657,1.673,38617579.000,64592195.152
2018-04-10,1.663,1.671,1.655,1.663,44748675.000,74429862.546
2018-04-11,1.675,1.699,1.667,1.691,73523384.000,124332416.985
2018-04-12,1.697,1.705,1.673,1.697,43156800.000,73237849.160
2018-04-13,1.707,1.707,1.691,1.707,34397189.000,58705125.232
2018-04-16,1.706,1.706,1.658,1.674,39416000.000,65991698.001
2018-04-17,1.671,1.679,1.639,1.647,43671209.000,71938665.490
2018-04-18,1.664,1.664,1.632,1.632,48961887.000,79928772.501
2018-04-19,1.649,1.713,1.649,1.713,103757163.000,177736622.011
2018-04-20,1.715,1.715,1.683,1.691,34884350.000,58989303.289
2018-04-23,1.695,1.711,1.663,1.671,43260857.000,72300105.261
2018-04-24,1.685,1.709,1.677,1.709,29952711.000,51190321.302
2018-04-25,1.704,1.720,1.680,1.704,47775900.000,81404706.258
2018-04-26,1.710,1.726,1.686,1.694,25107000.000,42521416.056
2018-04-27,1.696,1.721,1.696,1.721,23456500.000,40362080.408
2018-04-30,1.729,1.737,1.713,1.737,39513106.000,68629424.767
2018-05-02,1.736,1.744,1.720,1.736,39643548.000,68814840.503
2018-05-03,1.730,1.730,1.713,1.721,30236094.000,52048339.645
2018-05-04,1.716,1.724,1.699,1.707,37442005.000,63932088.746
2018-05-07,1.709,1.717,1.693,1.717,31593552.000,54255796.411
2018-05-08,1.720,1.744,1.712,1.736,30974128.000,53767443.651
2018-05-09,1.729,1.738,1.721,1.729,19955020.000,34510004.056
2018-05-10,1.730,1.747,1.722,1.747,30360641.000,53028411.701
2018-05-11,1.740,1.748,1.732,1.748,36416023.000,63654479.884
2018-05-14,1.751,1.751,1.735,1.751,35835702.000,62751234.812
2018-05-15,1.755,1.787,1.747,1.787,52099978.000,93122547.248
2018-05-16,1.795,1.803,1.770,1.795,41981216.000,75341698.446
2018-05-17,1.801,1.801,1.769,1.777,25743526.000,45736349.891
2018-05-18,1.779,1.787,1.763,1.771,36692358.000,64973741.453
2018-05-21,1.773,1.814,1.773,1.806,38019589.000,68655484.867
2018-05-23,1.795,1.828,1.787,1.804,69296293.000,124980881.477
2018-05-24,1.805,1.830,1.789,1.813,95374300.000,172946681.707
2018-05-25,1.823,1.847,1.807,1.847,123145000.000,227505732.619
2018-05-28,1.851,1.867,1.826,1.834,91275558.000,167438165.484
2018-05-29,1.828,1.844,1.812,1.828,50345842.000,92029782.576
2018-05-30,1.817,1.817,1.768,1.792,74170185.000,132933301.568
2018-05-31,1.799,1.831,1.790,1.823,83954705.000,153059014.842
2018-06-01,1.821,1.821,1.805,1.821,60725433.000,110598356.677
2018-06-04,1.841,1.858,1.833,1.841,29169983.000,53712294.047
2018-06-05,1.840,1.872,1.840,1.856,59092711.000,109677259.379
2018-06-06,1.861,1.861,1.836,1.844,35755900.000,65944449.044
2018-06-07,1.800,1.800,1.768,1.776,34707931.000,61634559.059
2018-06-08,1.778,1.787,1.746,1.762,55001147.000,96916685.111
2018-06-11,1.772,1.772,1.747,1.764,25913892.000,45701657.007
2018-06-12,1.757,1.765,1.749,1.757,35777223.000,62858326.846
2018-06-13,1.750,1.758,1.741,1.750,27540055.000,48184074.720
2018-06-14,1.736,1.744,1.712,1.728,39926640.000,68992020.150
2018-06-15,1.729,1.737,1.704,1.737,76023038.000,132042407.694
2018-06-19,1.727,1.727,1.645,1.669,111468559.000,186089402.326
2018-06-20,1.670,1.711,1.670,1.711,38021642.000,65072732.339
2018-06-21,1.716,1.749,1.708,1.716,38570937.000,66178100.586
2018-06-22,1.718,1.727,1.685,1.710,35143871.000,60099878.207
2018-06-25,1.737,1.745,1.679,1.704,44817800.000,76358039.916
2018-06-26,1.694,1.711,1.678,1.711,53360353.000,91298187.286
2018-06-27,1.713,1.729,1.687,1.704,64781745.000,110400764.789
2018-06-28,1.723,1.723,1.672,1.681,80292407.000,134961901.078
2018-06-29,1.695,1.720,1.678,1.711,61450700.000,105172442.895
2018-07-03,1.704,1.737,1.695,1.737,60852404.000,105727187.822
2018-07-04,1.732,1.757,1.723,1.740,36225402.000,63048500.911
2018-07-05,1.721,1.746,1.704,1.730,39674439.000,68621127.904
2018-07-06,1.741,1.750,1.707,1.733,29323996.000,50811520.619
2018-07-09,1.734,1.759,1.726,1.751,30675400.000,53713659.161
2018-07-10,1.756,1.756,1.722,1.731,20979673.000,36307631.891
2018-07-11,1.705,1.713,1.679,1.705,51949232.000,88556712.907
2018-07-12,1.709,1.734,1.709,1.726,38715602.000,66817917.932
2018-07-13,1.734,1.734,1.709,1.717,24336176.000,41795537.598
2018-07-16,1.710,1.718,1.701,1.718,19658000.000,33775817.313
2018-07-17,1.720,1.728,1.703,1.720,30408341.000,52297116.285
2018-07-18,1.722,1.739,1.722,1.731,24827282.000,42967489.522
2018-07-19,1.735,1.743,1.717,1.726,18368987.000,31705040.557
2018-07-20,1.750,1.759,1.724,1.750,30282248.000,52997685.971
2018-07-23,1.748,1.748,1.722,1.748,32294459.000,56454402.359
2018-07-24,1.748,1.791,1.748,1.774,56653000.000,100475030.274
2018-07-25,1.778,1.787,1.769,1.787,21173136.000,37826112.357
2018-07-26,1.777,1.785,1.751,1.759,38019954.000,66895333.456
2018-07-27,1.758,1.784,1.758,1.784,28769317.000,51310272.501
2018-07-30,1.788,1.814,1.780,1.797,37991953.000,68271858.673
2018-07-31,1.789,1.807,1.780,1.807,26260284.000,47439770.268
2018-08-01,1.801,1.810,1.784,1.792,26359125.000,47245710.807
2018-08-02,1.775,1.792,1.740,1.766,35165000.000,62099505.156
2018-08-03,1.767,1.776,1.758,1.767,11318050.000,19998457.874
2018-08-06,1.772,1.781,1.763,1.772,17185412.000,30454070.973
2018-08-07,1.779,1.796,1.752,1.779,24139761.000,42932873.927
2018-08-08,1.767,1.784,1.749,1.775,36658600.000,65084118.343
2018-08-09,1.758,1.776,1.749,1.767,23980235.000,42369504.588
2018-08-10,1.769,1.777,1.760,1.769,47209393.000,83502052.916
2018-08-13,1.766,1.766,1.740,1.766,40693681.000,71866896.278
2018-08-14,1.759,1.768,1.750,1.759,28715378.000,50510097.207
2018-08-15,1.763,1.763,1.719,1.737,71502504.000,124183890.089
2018-08-16,1.713,1.730,1.704,1.730,29670640.000,51341746.112
2018-08-17,1.738,1.738,1.694,1.720,40612381.000,69862766.127
2018-08-20,1.733,1.742,1.707,1.733,27888410.000,48340414.517
2018-08-21,1.733,1.750,1.724,1.742,47037915.000,81928758.830
2018-08-22,1.713,1.713,1.592,1.661,148127548.000,246069986.371
2018-08-23,1.664,1.681,1.637,1.664,41968486.000,69815986.602
2018-08-24,1.672,1.672,1.602,1.619,100210794.000,162271839.778
2018-08-27,1.623,1.649,1.615,1.641,37854328.000,62108822.430
2018-08-28,1.638,1.638,1.621,1.638,14812320.000,24269672.299
2018-08-29,1.630,1.639,1.596,1.613,36652000.000,59122791.420
2018-08-30,1.614,1.614,1.597,1.614,32680721.000,52752644.658
2018-08-31,1.600,1.617,1.591,1.617,27211000.000,44007027.845
2018-09-03,1.611,1.620,1.576,1.594,27899975.000,44459885.191
2018-09-04,1.590,1.598,1.581,1.598,13962656.000,22316736.487
2018-09-05,1.600,1.600,1.548,1.566,52061561.000,81504039.715
2018-09-06,1.556,1.573,1.530,1.547,56536906.000,87464493.222
2018-09-07,1.529,1.547,1.521,1.521,84012600.000,127759221.009
2018-09-10,1.516,1.516,1.481,1.499,49520029.000,74207387.713
2018-09-11,1.492,1.518,1.457,1.509,53729060.000,81098127.365
2018-09-12,1.511,1.554,1.502,1.537,72191804.000,110954297.979
2018-09-13,1.545,1.588,1.545,1.580,40066580.000,63285748.082
2018-09-14,1.585,1.603,1.550,1.594,53162828.000,84742690.833
2018-09-17,1.589,1.615,1.563,1.606,34927000.000,56102010.670
2018-09-18,1.599,1.643,1.573,1.617,37055656.000,59907063.831
2018-09-19,1.634,1.634,1.599,1.608,22761001.000,36602493.763
2018-09-20,1.616,1.616,1.599,1.616,17994000.000,29084511.930
2018-09-21,1.613,1.665,1.613,1.665,57617598.000,95922543.464
2018-09-24,1.656,1.665,1.621,1.630,20656000.000,33668207.954
2018-09-26,1.650,1.659,1.615,1.641,32344701.000,53078857.564
2018-09-27,1.644,1.653,1.635,1.644,13221000.000,21735462.821
2018-09-28,1.654,1.663,1.628,1.637,14210000.000,23257606.470
2018-10-02,1.628,1.628,1.593,1.619,15005500.000,24295525.094
2018-10-03,1.628,1.654,1.619,1.637,16707053.000,27344550.594
2018-10-04,1.628,1.637,1.610,1.628,15125870.000,24623517.217
2018-10-05,1.628,1.637,1.602,1.619,17521073.000,28368509.463
2018-10-08,1.628,1.628,1.584,1.602,28425000.000,45524962.665
2018-10-09,1.613,1.631,1.596,1.622,44461532.000,72128734.010
2018-10-10,1.631,1.658,1.614,1.631,45994500.000,75025400.499
2018-10-11,1.614,1.614,1.552,1.578,62365544.000,98427983.259
2018-10-12,1.588,1.597,1.561,1.579,50604939.000,79912182.163
2018-10-15,1.536,1.562,1.527,1.553,25462725.000,39550048.902
2018-10-16,1.552,1.596,1.552,1.570,13943794.000,21890950.629
2018-10-18,1.591,1.600,1.564,1.573,34171138.000,53754979.402
2018-10-19,1.576,1.611,1.567,1.593,36211819.000,57693901.233
2018-10-22,1.598,1.634,1.598,1.625,28103865.000,45660394.432
2018-10-23,1.619,1.619,1.565,1.583,29761264.000,47117539.128
2018-10-24,1.593,1.593,1.566,1.566,19055156.000,29841191.762
2018-10-25,1.567,1.576,1.540,1.576,21076021.000,33211935.323
2018-10-26,1.587,1.596,1.552,1.569,22399621.000,35150529.096
2018-10-29,1.566,1.584,1.540,1.575,23588990.000,37154277.455
2018-10-30,1.588,1.597,1.561,1.579,26293089.000,41515446.583
2018-10-31,1.598,1.607,1.580,1.598,27481039.000,43911347.635
2018-11-01,1.599,1.634,1.599,1.617,21857511.000,35335577.952
2018-11-02,1.602,1.691,1.602,1.664,54560729.000,90810964.645
2018-11-05,1.639,1.684,1.639,1.684,39055826.000,65753197.451
2018-11-06,1.684,1.702,1.675,1.702,22476000.000,38252187.598
2018-11-07,1.684,1.711,1.675,1.711,19305000.000,33025283.577
2018-11-08,1.714,1.731,1.705,1.714,19216084.000,32930211.143
2018-11-09,1.691,1.709,1.682,1.709,21757014.000,37181803.550
2018-11-12,1.712,1.739,1.694,1.730,24404000.000,42214185.624
2018-11-13,1.697,1.751,1.697,1.751,22549421.000,39479483.443
2018-11-14,1.755,1.755,1.719,1.737,19931420.000,34617185.241
2018-11-15,1.746,1.755,1.728,1.746,20814755.000,36343611.294
2018-11-16,1.736,1.754,1.710,1.736,27889963.000,48421661.282
2018-11-19,1.742,1.751,1.715,1.742,18280678.000,31843718.099
2018-11-20,1.725,1.751,1.716,1.734,20696718.000,35879838.603
2018-11-21,1.738,1.738,1.711,1.738,11631217.000,20214264.223
2018-11-22,1.746,1.746,1.719,1.737,12161698.000,21121901.972
2018-11-23,1.718,1.726,1.682,1.709,31641000.000,54063951.532
2018-11-26,1.730,1.739,1.704,1.722,27545000.000,47419191.274
2018-11-27,1.723,1.723,1.687,1.714,20975964.000,35952684.831
2018-11-28,1.705,1.723,1.696,1.705,22562742.000,38469872.214
2018-11-29,1.710,1.710,1.684,1.701,19143461.000,32571205.248
2018-11-30,1.712,1.720,1.703,1.720,34705000.000,59707550.914
2018-12-03,1.758,1.758,1.722,1.722,32683027.000,56280878.447
2018-12-04,1.711,1.738,1.711,1.720,35956755.000,61840620.611
2018-12-05,1.684,1.710,1.684,1.702,14954010.000,25445354.612
2018-12-06,1.686,1.686,1.650,1.668,23583400.000,39338243.203
2018-12-07,1.697,1.697,1.627,1.636,72669577.000,118853651.153
2018-12-10,1.635,1.644,1.608,1.626,26343006.000,42835242.479
2018-12-11,1.642,1.660,1.633,1.633,21390258.000,34940473.077
2018-12-12,1.652,1.661,1.643,1.661,19720830.000,32756274.965
2018-12-13,1.672,1.698,1.654,1.681,32087599.000,53930997.780
2018-12-14,1.690,1.690,1.664,1.672,20177275.000,33745988.006
2018-12-17,1.693,1.693,1.649,1.658,14495470.000,24034173.446
2018-12-18,1.656,1.674,1.648,1.656,13499034.000,22360971.634
2018-12-19,1.664,1.673,1.647,1.664,19836775.000,33012769.593
2018-12-20,1.664,1.682,1.638,1.656,27620880.000,45731294.405
2018-12-21,1.653,1.653,1.618,1.644,26149735.000,42998751.913
2018-12-24,1.630,1.656,1.621,1.639,11059100.000,18121899.107
2018-12-27,1.663,1.663,1.619,1.637,12425411.000,20338374.950
2018-12-28,1.638,1.638,1.621,1.638,13586403.000,22261239.797
2018-12-31,1.638,1.647,1.621,1.630,9603581.000,15651263.270
