2017-01-03,284.883,289.363,282.196,287.571,67581914.000,19434602645.809
2017-01-04,287.738,289.531,286.842,289.531,88482548.000,25618417599.526
2017-01-05,289.575,293.150,288.681,291.362,110241620.000,32120274007.250
2017-01-06,290.451,291.336,286.908,288.680,80942491.000,23366439449.484
2017-01-09,289.358,292.930,287.572,291.144,58103860.000,16916594864.149
2017-01-10,289.228,292.799,288.336,291.906,74619891.000,21782020765.407
2017-01-11,291.053,292.838,289.267,291.946,58929403.000,17204179916.477
2017-01-12,288.875,291.550,288.875,291.550,57622470.000,16799827094.927
2017-01-13,290.572,290.572,288.795,289.684,37579824.000,10886258703.686
2017-01-16,287.751,288.639,285.087,286.863,47218597.000,13545257058.748
2017-01-17,288.234,292.682,287.344,290.013,91855013.000,26639135025.467
2017-01-18,287.157,292.458,287.157,289.808,111672836.000,32363645520.180
2017-01-19,289.959,290.843,288.191,289.075,41754722.000,12070227054.978
2017-01-20,288.680,289.565,286.023,287.794,56021452.000,16122637756.888
2017-01-23,288.155,289.922,285.503,286.387,52522523.000,15041759390.797
2017-01-24,284.540,286.302,284.540,286.302,58625736.000,16784680124.706
2017-01-25,286.513,288.282,285.629,286.513,45554217.000,13051884486.164
2017-01-26,289.117,291.769,287.349,290.001,97614780.000,28308403337.736
2017-01-27,288.233,290.001,287.349,288.233,26403092.000,7610239776.127
2017-02-01,290.001,290.001,285.580,290.001,69329727.000,20105704025.672
2017-02-02,288.233,291.769,285.580,286.465,82803415.000,23720247156.609
2017-02-03,286.267,287.151,283.616,286.267,59206611.000,16948896542.873
2017-02-06,287.407,288.292,285.639,285.639,77659094.000,22182434110.837
2017-02-07,285.642,287.411,284.757,286.526,76841183.000,22017009094.847
2017-02-08,287.511,291.948,285.736,290.173,128202295.000,37200877879.632
2017-02-09,292.222,293.993,290.451,292.222,137144119.000,40076473884.770
2017-02-10,294.507,298.056,293.620,295.394,156639945.000,46270548471.713
2017-02-13,297.500,301.940,294.836,300.164,181010911.000,54333009772.459
2017-02-14,299.705,304.138,299.705,303.251,161607488.000,49007696986.483
2017-02-15,305.159,322.850,304.275,321.081,652459292.000,209492125344.422
2017-02-16,328.079,330.732,320.120,327.195,439881937.000,143927038412.134
2017-02-17,328.178,328.178,317.592,318.474,275227597.000,87652888772.497
2017-02-20,320.634,327.720,319.749,323.291,244859518.000,79160988620.521
2017-02-21,323.518,324.404,317.313,319.086,205814866.000,65672642332.476
2017-02-22,322.817,324.591,321.043,323.704,295552842.000,95671607611.484
2017-02-23,323.080,324.850,318.654,320.424,175789320.000,56327169808.476
2017-02-24,322.067,322.067,316.758,317.643,151812980.000,48222360768.736
2017-02-27,319.205,320.091,312.111,314.771,173227840.000,54527169715.776
2017-02-28,314.459,318.888,313.573,317.116,107011867.000,33935218020.319
2017-03-01,319.064,319.064,313.747,314.633,151318446.000,47609769054.396
2017-03-02,320.870,320.870,311.119,312.892,243764240.000,76271914709.074
2017-03-03,310.653,312.428,308.878,310.653,199950367.000,62115181359.651
2017-03-06,310.993,313.651,309.221,311.879,110891467.000,34584724272.152
2017-03-07,313.510,315.286,311.734,314.398,143876952.000,45234628832.435
2017-03-08,315.623,320.958,311.178,316.512,171975659.000,54432442329.724
2017-03-09,315.064,316.844,309.723,311.504,150577065.000,46905282767.228
2017-03-10,312.429,315.099,309.758,310.648,115012125.000,35728331461.729
2017-03-13,315.425,322.533,312.759,318.979,254615914.000,81217048154.714
2017-03-14,320.436,325.777,318.656,320.436,155306261.000,49765717049.796
2017-03-15,318.505,319.395,316.726,318.505,130209925.000,41472569454.492
2017-03-16,321.865,325.412,318.318,325.412,271707883.000,88416886071.327
2017-03-17,326.552,327.440,321.228,321.228,290035794.000,93167600632.884
2017-03-20,320.868,323.534,320.868,321.756,119557450.000,38468381878.627
2017-03-21,322.856,327.303,321.966,324.635,227570339.000,73877217351.646
2017-03-22,321.108,321.108,314.899,317.560,217972877.000,69219536571.441
2017-03-23,317.367,321.799,317.367,319.140,148692813.000,47453824340.820
2017-03-24,320.848,320.848,315.530,318.189,145501697.000,46297022006.529
2017-03-27,316.672,318.442,314.019,315.788,118554349.000,37438031277.664
2017-03-28,318.773,318.773,315.231,316.116,86745823.000,27421773811.964
2017-03-29,319.385,320.272,317.610,319.385,136647897.000,43643261253.766
2017-03-30,320.978,320.978,315.658,317.431,112631112.000,35752656070.961
2017-03-31,317.829,320.492,316.053,317.829,124735272.000,39644464312.139
2017-04-03,320.492,321.380,317.829,319.604,89258926.000,28527545488.874
2017-04-05,320.102,323.649,317.442,323.649,220705523.000,71431154919.255
2017-04-06,321.174,323.835,314.963,315.850,164444418.000,51939822047.514
2017-04-07,315.914,317.689,311.477,316.802,170897768.000,54140720518.382
2017-04-10,318.155,319.043,315.488,318.155,99481609.000,31650531518.751
2017-04-11,317.704,318.591,311.491,313.266,136488667.000,42757302432.795
2017-04-12,312.284,315.833,310.510,314.945,129109110.000,40662313837.139
2017-04-13,312.720,318.020,311.837,314.487,115112749.000,36201444676.723
2017-04-18,317.102,317.102,310.016,310.016,112028198.000,34730533831.168
2017-04-19,308.258,310.908,305.608,307.374,98213130.000,30188209762.922
2017-04-20,308.816,313.240,307.931,311.471,110119710.000,34299065359.891
2017-04-21,312.469,314.239,309.813,309.813,77463297.000,23999136433.461
2017-04-24,312.639,317.054,309.989,312.639,130479508.000,40792935928.989
2017-04-25,315.866,320.290,314.982,320.290,207434694.000,66439332817.750
2017-04-26,322.941,322.941,319.402,321.172,175251366.000,56285745847.783
2017-04-27,321.422,323.193,315.224,318.766,103950102.000,33135716634.091
2017-04-28,319.788,319.788,316.245,318.017,91547039.000,29113474420.966
2017-05-02,318.264,319.151,315.605,315.605,103271396.000,32592935887.733
2017-05-04,317.263,317.263,311.060,312.832,110178786.000,34467464305.194
2017-05-05,310.660,311.545,307.119,308.889,170039794.000,52523495045.977
2017-05-08,311.809,312.694,309.151,311.809,83705787.000,26100187604.600
2017-05-09,313.931,319.252,311.270,317.478,112073106.000,35580743305.206
2017-05-10,319.414,322.963,318.526,321.188,133045272.000,42732560788.569
2017-05-11,321.894,323.667,319.234,321.007,81634530.000,26205265367.854
2017-05-12,320.395,322.165,319.510,321.280,89871213.000,28873860159.837
2017-05-15,321.550,326.851,321.550,326.851,151394040.000,49483232810.424
2017-05-16,326.817,328.584,321.518,324.167,161669776.000,52408075794.596
2017-05-17,322.545,324.307,321.664,323.426,52441200.000,16960852270.908
2017-05-18,319.031,321.674,317.268,319.912,69134364.000,22116905742.532
2017-05-19,321.700,321.700,319.048,321.700,51824426.000,16671895041.453
2017-05-22,322.018,322.900,318.489,322.018,73552375.000,23685159271.800
2017-05-23,323.657,326.303,321.012,325.421,172958501.000,56284345649.771
2017-05-24,326.677,326.677,324.028,326.677,116520436.000,38064511515.041
2017-05-25,327.233,331.643,326.351,330.761,178921433.000,59180276830.871
2017-05-26,330.641,331.523,327.114,330.641,93206935.000,30818057497.069
2017-05-29,328.878,332.405,328.878,332.405,62761143.000,20862097027.738
2017-05-31,332.043,333.804,330.281,332.923,212697639.000,70812042417.617
2017-06-01,330.338,331.212,325.968,329.464,166012539.000,54695166769.974
2017-06-02,331.113,331.987,324.998,326.745,161414940.000,52741540711.794
2017-06-05,327.902,328.774,316.565,318.309,336753388.000,107191701531.570
2017-06-06,318.200,319.071,314.713,318.200,184347353.000,58659272420.394
2017-06-07,317.765,321.248,311.671,315.154,305964205.000,96425714557.604
2017-06-08,316.325,318.068,315.454,317.197,123867918.000,39290517121.696
2017-06-09,315.563,317.306,312.076,312.947,219253926.000,68614963621.806
2017-06-12,311.997,313.740,309.382,309.382,134124614.000,41495808390.855
2017-06-13,311.051,314.536,310.179,312.793,109261780.000,34176331970.336
2017-06-14,314.500,314.500,309.272,312.757,110077483.000,34427526466.902
2017-06-15,312.366,312.366,308.885,308.885,103061780.000,31834289446.190
2017-06-16,310.258,315.487,310.258,314.615,141991719.000,44672740292.274
2017-06-19,313.733,318.090,313.733,318.090,121979442.000,38800465101.668
2017-06-20,318.700,320.446,316.080,317.827,93913542.000,29848221747.817
2017-06-21,319.090,319.090,313.845,314.719,86435584.000,27202937848.013
2017-06-22,314.748,319.994,314.748,318.245,137421353.000,43733685969.756
2017-06-23,320.235,321.110,317.610,319.360,87745876.000,28022558057.710
2017-06-26,320.148,321.897,318.398,321.022,56105673.000,18011168823.168
2017-06-27,322.239,322.239,319.612,321.364,55850324.000,17948258389.290
2017-06-28,319.313,321.058,318.441,319.313,91973207.000,29368244325.719
2017-06-29,320.399,322.141,319.529,321.270,68715487.000,22076214201.167
2017-06-30,318.527,320.262,316.791,320.262,93594582.000,29974832945.883
2017-07-03,319.472,324.681,319.472,324.681,187046522.000,60730380731.804
2017-07-04,324.984,327.590,322.377,322.377,429475942.000,138453054090.389
2017-07-05,303.609,305.349,300.129,305.349,215370238.000,65763073880.848
2017-07-06,306.395,306.395,301.172,302.043,115126291.000,34773053472.100
2017-07-07,299.974,302.583,299.105,300.844,65734509.000,19775802387.722
2017-07-10,301.044,301.914,295.824,296.694,138270143.000,41023903832.123
2017-07-11,296.718,307.159,296.718,305.419,179940157.000,54957168002.405
2017-07-12,307.534,313.615,306.665,311.878,272574109.000,85009775291.505
2017-07-13,315.157,316.893,314.288,315.157,117768579.000,37115544944.471
2017-07-14,315.905,315.905,313.301,315.905,95858104.000,30282023669.527
2017-07-17,317.664,320.261,313.336,315.067,113256036.000,35683293857.309
2017-07-18,315.381,317.980,311.048,312.781,107241093.000,33543000975.084
2017-07-19,313.719,314.583,312.855,314.583,69042796.000,21719714749.475
2017-07-20,317.110,317.974,311.926,314.518,104588551.000,32894965149.250
2017-07-21,315.057,315.920,310.741,312.468,60814605.000,19002590020.422
2017-07-24,313.363,315.090,311.637,315.090,105761545.000,33324394637.896
2017-07-25,314.649,318.107,313.784,314.649,121282767.000,38161486799.851
2017-07-26,316.513,318.243,313.919,316.513,161761072.000,51199504828.486
2017-07-27,316.314,317.176,314.590,315.452,78950586.000,24905099727.720
2017-07-28,315.781,315.781,311.467,312.330,119691725.000,37383314075.415
2017-07-31,313.615,315.338,312.754,314.477,93223934.000,29316755125.338
2017-08-01,312.945,318.104,312.086,316.384,154197723.000,48785741736.903
2017-08-02,318.237,321.677,317.377,318.237,174621657.000,55571072258.709
2017-08-03,318.144,319.864,316.425,319.864,113639538.000,36349219910.740
2017-08-04,318.574,319.433,317.715,318.574,116112099.000,36990294665.705
2017-08-07,320.713,321.573,318.993,319.853,75192255.000,24050471346.205
2017-08-08,319.548,320.407,316.112,318.689,91673245.000,29215254775.805
2017-08-09,317.164,318.021,311.164,312.878,155336618.000,48601410366.604
2017-08-10,311.002,311.856,303.312,305.021,188874927.000,57610781333.482
2017-08-11,300.883,302.588,297.474,300.883,173092492.000,52080602117.835
2017-08-14,303.244,304.948,301.541,303.244,109024286.000,33060999832.527
2017-08-15,305.256,312.930,303.551,310.372,192252784.000,59669858005.314
2017-08-16,311.557,314.117,310.703,312.410,105769794.000,33043570959.082
2017-08-17,313.875,314.727,307.051,308.757,118002306.000,36434042713.734
2017-08-18,305.428,308.840,303.721,305.428,96243878.000,29395546296.621
2017-08-21,307.843,308.696,303.579,304.432,99630505.000,30330688990.534
2017-08-22,306.421,308.975,304.719,307.272,117164123.000,36001297753.182
2017-08-24,308.601,313.702,308.601,311.151,142506732.000,44341146370.148
2017-08-25,310.586,319.095,310.586,316.542,306131051.000,96903408617.094
2017-08-28,317.238,320.631,314.693,317.238,312000716.000,98978489382.422
2017-08-29,315.214,317.756,312.672,313.519,140278902.000,43980171215.589
2017-08-30,315.933,316.777,312.554,315.088,164607951.000,51865993356.847
2017-08-31,310.437,314.655,307.907,310.437,262369306.000,81449255689.217
2017-09-01,309.109,310.794,304.898,308.267,257964469.000,79521974239.538
2017-09-04,307.147,307.147,300.434,302.951,169892258.000,51469063431.810
2017-09-05,301.579,305.756,299.909,302.415,95031818.000,28739028234.106
2017-09-06,301.294,302.129,297.956,300.460,118865044.000,35714143574.222
2017-09-07,303.623,303.623,298.619,299.453,86624312.000,25939881515.313
2017-09-08,299.180,300.847,298.346,299.180,86003117.000,25730397923.530
2017-09-11,301.951,303.614,300.287,301.951,90378535.000,27289858293.083
2017-09-12,304.939,304.939,299.091,302.433,111722351.000,33788514607.748
2017-09-13,302.110,302.947,300.436,300.436,95325979.000,28639387284.417
2017-09-14,300.810,301.648,298.296,298.296,142419461.000,42483149841.678
2017-09-15,297.281,298.118,294.768,297.281,173742055.000,51650133668.530
2017-09-18,298.738,301.248,297.064,299.574,93923297.000,28137015344.797
2017-09-19,300.978,301.817,297.625,299.302,133740768.000,40028833872.075
2017-09-20,299.553,301.236,298.711,299.553,107695307.000,32260413527.460
