2013-11-07,4.748,4.756,4.709,4.733,20838000.000,124589305.000
2013-11-08,4.717,4.741,4.702,4.717,74232500.000,444371685.000
2013-11-11,4.728,4.744,4.712,4.744,6446500.000,38531610.000
2013-11-12,4.741,4.773,4.717,4.717,5208500.000,31179375.000
2013-11-13,4.716,4.716,4.621,4.652,7533500.000,44420205.000
2013-11-14,4.666,4.721,4.626,4.658,3333000.000,19590210.000
2013-11-15,4.661,4.684,4.589,4.637,4888000.000,28619880.000
2013-11-18,4.667,4.683,4.635,4.659,14438000.000,85160085.000
2013-11-19,4.666,4.666,4.595,4.619,5959000.000,34900725.000
2013-11-20,4.634,4.634,4.571,4.587,11649000.000,67854040.000
2013-11-21,4.592,4.607,4.520,4.536,5590000.000,32110585.000
2013-11-22,4.537,4.632,4.521,4.632,3915000.000,22621190.000
2013-11-25,4.629,4.637,4.565,4.597,2045000.000,11866535.000
2013-11-26,4.590,4.590,4.566,4.566,1266000.000,7324150.000
2013-11-27,4.573,4.604,4.557,4.596,3141000.000,18202230.000
2013-11-28,4.597,4.660,4.597,4.653,8461200.000,49519294.000
2013-11-29,4.651,4.683,4.643,4.675,9190000.000,54209780.000
2013-12-02,4.667,4.667,4.604,4.612,863500.000,5053655.000
2013-12-03,4.614,4.653,4.606,4.630,886000.000,5176565.000
2013-12-04,4.594,4.633,4.594,4.610,1594000.000,9310875.000
2013-12-05,4.602,4.618,4.579,4.618,817500.000,4756080.000
2013-12-06,4.572,4.612,4.572,4.612,1150100.000,6678751.000
2013-12-09,4.612,4.612,4.564,4.588,1164500.000,6757705.000
2013-12-10,4.572,4.580,4.548,4.572,1117500.000,6481770.000
2013-12-11,4.555,4.571,4.468,4.555,2569500.000,14735460.000
2013-12-12,4.532,4.540,4.469,4.500,1462500.000,8344310.000
2013-12-13,4.503,4.511,4.479,4.503,519000.000,2958230.000
2013-12-16,4.502,4.533,4.478,4.494,835500.000,4762780.000
2013-12-17,4.477,4.524,4.469,4.516,1175000.000,6674905.000
2013-12-18,4.532,4.532,4.477,4.493,426500.000,2430280.000
2013-12-19,4.530,4.530,4.419,4.490,837500.000,4730765.000
2013-12-20,4.420,4.475,4.349,4.412,3375000.000,18835210.000
2013-12-23,4.417,4.417,4.306,4.377,707000.000,3897505.000
2013-12-24,4.377,4.392,4.337,4.385,477500.000,2645345.000
2013-12-27,4.338,4.369,4.322,4.338,767000.000,4229255.000
2013-12-30,4.328,4.344,4.273,4.281,940500.000,5139015.000
2013-12-31,4.285,4.324,4.261,4.309,499000.000,2738200.000
2014-01-02,4.310,4.326,4.255,4.287,763000.000,4155705.000
2014-01-03,4.282,4.290,4.212,4.219,1961500.000,10583180.000
2014-01-06,4.221,4.236,4.055,4.102,2104500.000,11024270.000
2014-01-07,4.133,4.133,4.062,4.070,434500.000,2253630.000
2014-01-08,4.057,4.112,4.049,4.096,779500.000,4039750.000
2014-01-09,4.098,4.122,4.043,4.074,730500.000,3772730.000
2014-01-10,4.052,4.091,4.052,4.075,309000.000,1598845.000
2014-01-13,4.064,4.174,4.064,4.087,420500.000,2197195.000
2014-01-14,4.078,4.149,4.054,4.102,235000.000,1222415.000
2014-01-15,4.067,4.154,4.067,4.075,153500.000,798825.000
2014-01-16,4.087,4.095,4.056,4.063,323000.000,1670715.000
2014-01-17,4.054,4.062,3.983,3.991,1036000.000,5287170.000
2014-01-20,3.985,3.985,3.859,3.906,1229000.000,6107365.000
2014-01-21,3.897,3.952,3.881,3.905,541000.000,2693410.000
2014-01-22,3.867,3.867,3.819,3.835,903500.000,4405560.000
2014-01-23,3.836,3.844,3.789,3.804,1321000.000,6392745.000
2014-01-24,3.776,3.815,3.752,3.768,619000.000,2987190.000
2014-01-27,3.765,3.765,3.655,3.694,801500.000,3774610.000
2014-01-28,3.734,3.970,3.719,3.868,663000.000,3236585.000
2014-01-29,3.871,3.989,3.847,3.847,271500.000,1357400.000
2014-01-30,3.813,3.853,3.743,3.821,43500.000,209310.000
2014-02-04,3.805,3.805,3.664,3.695,245500.000,1153535.000
2014-02-05,3.695,3.774,3.656,3.688,313800.000,1475300.000
2014-02-06,3.695,3.735,3.664,3.680,263000.000,1234600.000
2014-02-07,3.700,3.787,3.693,3.779,198500.000,946670.000
2014-02-10,3.756,3.779,3.732,3.732,123500.000,588880.000
2014-02-11,3.716,3.818,3.716,3.795,684000.000,3288320.000
2014-02-12,3.796,3.843,3.796,3.843,309000.000,1497315.000
2014-02-13,3.821,3.836,3.758,3.836,459500.000,2217810.000
2014-02-14,3.795,3.835,3.779,3.835,464000.000,2243225.000
2014-02-17,3.850,3.928,3.850,3.889,411500.000,2031745.000
2014-02-18,3.898,3.898,3.867,3.890,433000.000,2135690.000
2014-02-19,3.861,3.940,3.861,3.940,473000.000,2347475.000
2014-02-20,3.903,3.934,3.863,3.934,508500.000,2506850.000
2014-02-21,3.976,4.070,3.944,3.968,882000.000,4511795.000
2014-02-24,3.992,3.992,3.850,3.913,307500.000,1515065.000
2014-02-25,3.864,3.919,3.864,3.912,182000.000,897455.000
2014-02-26,3.871,3.911,3.864,3.911,389000.000,1917550.000
2014-02-27,3.913,3.913,3.873,3.913,217000.000,1073205.000
2014-02-28,3.928,3.944,3.904,3.912,321500.000,1604940.000
2014-03-03,3.902,3.965,3.902,3.918,330000.000,1641745.000
2014-03-04,3.922,3.945,3.906,3.914,99500.000,494315.000
2014-03-05,3.931,3.931,3.899,3.907,114500.000,567610.000
2014-03-06,3.907,4.009,3.907,3.915,265500.000,1324095.000
2014-03-07,3.911,3.935,3.896,3.935,373500.000,1852550.000
2014-03-10,3.911,3.934,3.903,3.919,544500.000,2706450.000
2014-03-11,3.912,3.935,3.880,3.919,766000.000,3784330.000
2014-03-12,3.888,3.912,3.865,3.912,192000.000,943235.000
2014-03-13,3.910,3.918,3.847,3.847,285000.000,1398380.000
2014-03-14,3.847,3.855,3.721,3.824,564500.000,2712945.000
2014-03-17,3.782,3.821,3.695,3.813,680000.000,3224340.000
2014-03-18,3.736,3.823,3.697,3.815,580000.000,2748310.000
2014-03-19,3.737,3.800,3.705,3.784,370500.000,1763355.000
2014-03-20,3.767,3.815,3.712,3.807,873500.000,4153915.000
2014-03-21,3.864,3.959,3.816,3.951,1556500.000,7674135.000
2014-03-24,3.976,4.016,3.881,3.913,948000.000,4682085.000
2014-03-25,3.904,3.975,3.880,3.951,1751000.000,8724220.000
2014-03-26,3.961,4.079,3.937,4.056,2221000.000,11326860.000
2014-03-27,4.056,4.056,3.937,3.985,656500.000,3294210.000
2014-03-28,3.987,4.026,3.963,3.963,661000.000,3319490.000
2014-03-31,4.005,4.029,3.934,3.941,1572500.000,7872805.000
2014-04-01,3.956,4.028,3.940,3.964,454500.000,2287000.000
2014-04-02,3.987,4.011,3.940,3.964,95000.000,474410.000
2014-04-03,3.989,4.005,3.934,3.973,213000.000,1062590.000
2014-04-04,3.968,3.968,3.960,3.968,31000.000,154860.000
2014-04-07,3.968,4.047,3.952,3.991,173500.000,876280.000
2014-04-08,3.975,4.062,3.975,4.054,635500.000,3236222.500
2014-04-09,4.060,4.068,4.013,4.029,384500.000,1957235.000
2014-04-10,4.030,4.030,3.975,4.022,319000.000,1608925.000
2014-04-11,4.029,4.045,4.005,4.005,491000.000,2486350.000
2014-04-14,4.008,4.071,3.992,4.000,288000.000,1458745.000
2014-04-15,4.018,4.034,3.986,3.994,506175.000,2555621.500
2014-04-16,3.995,4.035,3.963,3.979,265500.000,1331415.000
2014-04-17,4.010,4.042,3.939,3.947,396000.000,1975355.000
2014-04-22,3.933,3.957,3.909,3.933,323829.000,1603640.390
2014-04-23,3.933,3.973,3.917,3.965,139500.000,691825.000
2014-04-24,3.948,3.972,3.948,3.964,76000.000,379275.000
2014-04-25,3.939,3.971,3.907,3.907,441000.000,2185770.000
2014-04-28,3.899,3.970,3.875,3.875,272000.000,1346915.000
2014-04-29,3.890,3.922,3.867,3.922,192343.000,946413.260
2014-04-30,3.924,3.924,3.876,3.876,49500.000,241870.000
2014-05-02,3.868,3.916,3.868,3.876,20000.000,97725.000
2014-05-05,3.875,3.923,3.867,3.923,43000.000,210445.000
2014-05-07,3.890,3.914,3.874,3.898,155000.000,761115.000
2014-05-08,3.899,3.899,3.875,3.875,118500.000,579760.000
2014-05-09,3.877,3.909,3.877,3.901,157500.000,771210.000
2014-05-12,3.903,3.951,3.895,3.919,540500.000,2672855.000
2014-05-13,3.936,3.936,3.888,3.896,196500.000,966775.000
2014-05-14,3.913,3.961,3.897,3.953,173500.000,856100.000
2014-05-15,3.960,4.000,3.904,3.960,712558.000,3541268.840
2014-05-16,3.959,3.975,3.927,3.975,195000.000,968795.000
2014-05-19,3.975,4.047,3.967,4.039,2251000.000,11365065.000
2014-05-20,4.038,4.150,4.014,4.150,3868000.000,19854400.000
2014-05-21,4.103,4.167,4.103,4.159,983000.000,5128080.000
2014-05-22,3.953,3.992,3.921,3.921,488500.000,2427115.000
2014-05-23,3.938,3.962,3.898,3.962,747500.000,3694023.500
2014-05-26,3.971,3.995,3.899,3.947,38500.000,191200.000
2014-05-27,3.954,3.954,3.930,3.930,127000.000,629045.000
2014-05-28,3.923,3.971,3.915,3.971,309000.000,1523900.000
2014-05-29,3.971,3.971,3.940,3.955,35500.000,176090.000
2014-05-30,3.891,4.138,3.875,4.090,1519000.000,7681480.000
2014-06-03,4.059,4.091,3.979,4.035,383000.000,1946890.000
2014-06-04,4.058,4.098,4.011,4.058,51500.000,261955.000
2014-06-05,4.043,4.075,4.004,4.035,285000.000,1443360.000
2014-06-06,4.046,4.078,3.998,4.046,124753.000,633132.470
2014-06-09,4.053,4.124,3.926,4.100,1078500.000,5476055.000
2014-06-10,4.106,4.106,4.067,4.091,328500.000,1694500.000
2014-06-11,4.110,4.118,4.086,4.094,195500.000,1011257.500
2014-06-12,4.135,4.142,4.063,4.142,1162500.000,6010595.000
2014-06-13,4.110,4.142,4.070,4.110,534558.000,2768197.540
2014-06-16,4.088,4.136,4.049,4.112,671600.000,3451573.000
2014-06-17,4.112,4.112,4.040,4.048,748000.000,3836795.000
2014-06-18,4.098,4.098,4.010,4.074,254900.000,1302200.000
2014-06-19,4.096,4.096,3.969,4.025,311500.000,1581310.000
2014-06-20,4.025,4.183,3.977,4.167,2766000.000,14300990.000
2014-06-23,4.050,4.145,4.010,4.098,798500.000,4090080.000
2014-06-24,4.113,4.113,4.034,4.097,2265500.000,11618315.000
2014-06-25,4.121,4.121,3.939,4.002,891000.000,4498415.000
2014-06-26,3.985,4.049,3.969,4.033,155500.000,789485.000
2014-06-27,4.041,4.113,3.970,4.113,490500.000,2479545.000
2014-06-30,4.048,4.104,4.024,4.056,508000.000,2588030.000
2014-07-02,4.090,4.105,4.026,4.042,648500.000,3315870.000
2014-07-03,4.060,4.108,4.021,4.084,1187500.000,6056315.000
2014-07-04,4.096,4.112,4.032,4.096,879000.000,4481495.000
2014-07-07,4.097,4.097,4.041,4.065,295500.000,1506620.000
2014-07-08,4.079,4.079,4.039,4.047,489500.000,2492415.000
2014-07-09,4.051,4.051,4.004,4.012,245000.000,1237870.000
2014-07-10,4.004,4.043,3.988,4.004,63500.000,321980.000
2014-07-11,3.982,4.005,3.966,3.997,89171.000,448435.000
2014-07-14,3.998,4.030,3.998,3.998,39000.000,197245.000
2014-07-15,3.991,4.015,3.967,3.991,194500.000,978105.000
2014-07-16,3.970,4.049,3.970,4.018,874000.000,4403240.000
2014-07-17,4.011,4.011,3.948,4.003,581000.000,2912410.000
2014-07-18,3.956,4.003,3.956,3.980,50500.000,253165.000
2014-07-21,3.978,4.002,3.970,3.970,262000.000,1311470.000
2014-07-22,3.978,4.017,3.978,3.994,692000.000,3488785.000
2014-07-23,4.011,4.051,4.011,4.011,774000.000,3924250.000
2014-07-24,4.036,4.139,4.012,4.115,2821000.000,14339855.000
2014-07-25,4.125,4.165,4.037,4.165,1194500.000,6152105.000
2014-07-28,4.158,4.214,4.111,4.206,4533500.000,23656825.000
2014-07-29,4.198,4.206,4.094,4.190,2524000.000,13192755.000
2014-07-30,4.208,4.375,4.136,4.367,2065000.000,10976685.000
2014-07-31,4.353,4.353,4.138,4.273,3386500.000,17988235.000
2014-08-01,4.242,4.242,4.139,4.139,2983868.000,15603718.320
2014-08-04,4.177,4.217,4.137,4.217,649000.000,3415710.000
2014-08-05,4.161,4.201,4.137,4.201,1217000.000,6371950.000
2014-08-06,4.202,4.202,4.131,4.178,804000.000,4199065.000
2014-08-07,4.146,4.185,4.122,4.154,2627000.000,13677840.000
2014-08-08,4.138,4.170,4.074,4.154,1489500.000,7734600.000
2014-08-11,4.183,4.183,4.127,4.175,2043500.000,10678275.000
2014-08-12,4.183,4.198,4.119,4.198,3592000.000,18826610.000
2014-08-13,4.207,4.207,4.144,4.199,1992000.000,10431225.000
2014-08-14,4.200,4.208,4.145,4.208,2184000.000,11495275.000
2014-08-15,4.208,4.263,4.136,4.184,3643000.000,19082895.000
2014-08-18,4.184,4.207,4.104,4.120,2909500.000,15152132.500
2014-08-19,4.106,4.145,4.098,4.129,852000.000,4414580.000
2014-08-20,4.139,4.139,4.092,4.100,1905000.000,9846350.000
2014-08-21,4.103,4.135,4.103,4.135,1652500.000,8565750.000
2014-08-22,4.118,4.134,4.118,4.126,2004000.000,10405080.000
2014-08-25,4.145,4.192,4.137,4.176,3876500.000,20254480.000
2014-08-26,4.177,4.185,4.161,4.185,1603500.000,8416730.000
2014-08-27,4.185,4.185,4.153,4.169,1526500.000,7999475.000
2014-08-28,4.168,4.175,4.120,4.136,571500.000,2972760.000
2014-08-29,4.160,4.160,4.120,4.160,894000.000,4654525.000
2014-09-01,4.138,4.178,4.138,4.154,2165000.000,11319930.000
2014-09-02,4.163,4.171,4.139,4.171,683000.000,3568577.500
2014-09-03,4.171,4.283,4.163,4.267,4148500.000,21997917.500
2014-09-04,4.281,4.360,4.249,4.360,1893000.000,10293810.000
2014-09-05,4.347,4.419,4.284,4.403,2639000.000,14497770.000
2014-09-08,4.387,4.459,4.347,4.443,1912000.000,10576985.000
2014-09-10,4.399,4.399,4.280,4.383,1262500.000,6904622.500
2014-09-11,4.424,4.424,4.298,4.361,272500.000,1497425.000
2014-09-12,4.362,4.378,4.307,4.370,306000.000,1676245.000
2014-09-15,4.337,4.337,4.234,4.242,1190500.000,6416725.000
2014-09-16,4.266,4.282,4.211,4.234,520500.000,2786010.000
2014-09-17,4.241,4.297,4.218,4.234,674500.000,3624485.000
2014-09-18,4.212,4.244,4.165,4.181,710000.000,3762740.000
2014-09-19,4.210,4.424,4.202,4.289,2560500.000,13854657.500
2014-09-22,4.228,4.276,4.188,4.196,1231000.000,6548290.000
2014-09-23,4.195,4.251,4.171,4.203,536000.000,2834180.000
2014-09-24,4.202,4.234,4.163,4.210,888500.000,4716982.500
2014-09-25,4.205,4.244,4.189,4.197,768500.000,4076665.000
2014-09-26,4.196,4.220,4.172,4.196,506000.000,2678905.000
2014-09-29,4.123,4.155,4.099,4.131,832165.000,4327651.400
2014-09-30,4.089,4.121,4.065,4.113,689000.000,3562375.000
2014-10-03,4.065,4.129,4.049,4.121,591000.000,3049702.500
2014-10-06,4.097,4.200,4.097,4.168,963000.000,5062355.000
2014-10-07,4.160,4.176,4.137,4.152,235066.000,1231461.220
2014-10-08,4.131,4.171,4.100,4.147,525000.000,2734355.000
2014-10-09,4.176,4.271,4.129,4.192,1755626.000,9284875.120
2014-10-10,4.184,4.184,4.153,4.184,321000.000,1688227.500
2014-10-13,4.151,4.174,4.111,4.135,943500.000,4912062.500
2014-10-14,4.116,4.195,4.116,4.156,562500.000,2964192.500
2014-10-15,4.143,4.191,4.143,4.167,509000.000,2671082.500
2014-10-16,4.124,4.179,4.124,4.140,816503.000,4283733.070
2014-10-17,4.140,4.180,3.966,4.045,2411000.000,12427250.000
2014-10-20,4.126,4.126,4.078,4.102,1244809.000,6453810.170
2014-10-21,4.124,4.140,4.092,4.140,166075.000,863107.500
2014-10-22,4.151,4.166,4.127,4.143,394500.000,2069180.000
2014-10-23,4.152,4.199,4.128,4.168,1717000.000,9053990.000
2014-10-24,4.152,4.176,4.136,4.160,196500.000,1029145.000
2014-10-27,4.135,4.159,4.103,4.159,243500.000,1270050.000
2014-10-28,4.149,4.181,4.109,4.157,560500.000,2925910.000
2014-10-29,4.164,4.180,4.124,4.164,1422500.000,7445405.000
2014-10-30,4.145,4.185,4.129,4.161,301815.000,1579259.300
2014-10-31,4.161,4.319,4.161,4.200,1717500.000,9157285.000
2014-11-03,4.205,4.252,4.205,4.212,828500.000,4415705.000
2014-11-04,4.223,4.294,4.215,4.286,804500.000,4326990.000
2014-11-05,4.261,4.300,4.229,4.292,931706.000,5028192.680
2014-11-06,4.296,4.320,4.265,4.289,491500.000,2658505.000
2014-11-07,4.267,4.330,4.251,4.283,616500.000,3344200.000
2014-11-10,4.275,4.323,4.275,4.315,2094500.000,11398235.000
2014-11-11,4.340,4.364,4.301,4.316,3968500.000,21726445.000
2014-11-12,4.310,4.381,4.310,4.365,1989500.000,10957540.000
2014-11-13,4.364,4.388,4.356,4.380,1321500.000,7295265.000
2014-11-14,4.378,4.378,4.323,4.370,1083500.000,5970100.000
2014-11-17,4.403,4.403,4.316,4.324,1186000.000,6525040.000
2014-11-18,4.317,4.325,4.270,4.285,1311500.000,7098308.500
2014-11-19,4.259,4.323,4.259,4.267,255500.000,1382125.000
2014-11-20,4.269,4.292,4.205,4.229,969455.000,5221075.150
2014-11-21,4.227,4.306,4.227,4.258,1582000.000,8496645.000
2014-11-24,4.220,4.260,4.204,4.252,1188000.000,6366070.000
2014-11-25,4.258,4.290,4.203,4.290,936000.000,5026252.500
2014-11-26,4.288,4.391,4.241,4.383,1302500.000,7154020.000
2014-11-27,4.421,4.436,4.357,4.373,1468000.000,8166918.500
2014-11-28,4.391,4.471,4.391,4.463,4255000.000,23836735.000
2014-12-01,4.440,4.479,4.313,4.353,1420000.000,7944242.500
2014-12-02,4.420,4.492,4.357,4.468,2229500.000,12511335.000
2014-12-03,4.495,4.551,4.385,4.432,5448500.000,30947470.000
2014-12-04,4.491,4.515,4.412,4.507,5239000.000,29427505.000
2014-12-05,4.513,4.592,4.465,4.584,11735000.000,67336210.000
2014-12-08,4.578,4.752,4.570,4.744,10838000.000,64146115.000
2014-12-09,4.740,4.756,4.534,4.574,6346000.000,37321150.000
2014-12-10,4.562,4.665,4.483,4.649,2121000.000,12265435.000
2014-12-11,4.584,4.647,4.528,4.607,1206000.000,6992845.000
2014-12-12,4.625,4.720,4.594,4.688,2204000.000,12972955.000
2014-12-15,4.670,4.717,4.591,4.662,1769000.000,10455932.500
2014-12-16,4.632,4.695,4.593,4.624,1247500.000,7316512.500
2014-12-17,4.620,4.731,4.604,4.723,3477000.000,20657005.000
2014-12-18,4.735,4.750,4.671,4.727,4777000.000,28662140.000
2014-12-19,4.727,4.735,4.704,4.712,4783859.000,28671600.050
2014-12-22,4.737,4.769,4.674,4.674,7319000.000,43822050.500
2014-12-23,4.673,4.721,4.579,4.665,2684000.000,15844018.500
2014-12-24,4.658,4.682,4.595,4.642,402500.000,2362937.500
2014-12-29,4.724,4.771,4.692,4.708,5919000.000,35528630.000
2014-12-30,4.735,4.735,4.648,4.656,2932500.000,17408787.500
2014-12-31,4.654,4.733,4.623,4.725,1031500.000,6149180.000
2015-01-02,4.733,4.820,4.702,4.820,6176500.000,37353035.000
2015-01-05,4.833,4.959,4.825,4.927,6579000.000,40852930.000
2015-01-06,4.929,5.063,4.905,4.984,5775500.000,36518040.000
2015-01-07,4.978,5.159,4.930,5.112,9047500.000,58329350.000
2015-01-08,5.138,5.170,5.099,5.131,7329000.000,47575790.000
2015-01-09,5.090,5.146,5.059,5.138,4169000.000,27056855.500
2015-01-12,5.134,5.149,5.055,5.094,2117000.000,13685565.000
2015-01-13,5.115,5.130,5.083,5.115,1852500.000,11996900.000
2015-01-14,5.115,5.131,5.060,5.100,1942500.000,12585300.000
2015-01-15,5.090,5.098,5.051,5.090,2913500.000,18751680.000
2015-01-16,5.060,5.123,5.060,5.115,1320500.000,8541610.000
2015-01-19,5.111,5.111,4.748,4.850,2897500.000,18021432.500
2015-01-20,4.881,4.975,4.881,4.952,2169500.000,13542145.000
2015-01-21,4.971,5.082,4.947,5.058,1654634.000,10559217.060
2015-01-22,5.057,5.065,5.017,5.057,1208500.000,7722030.000
2015-01-23,5.064,5.206,4.993,5.143,3990000.000,25916737.500
2015-01-26,5.147,5.147,5.028,5.068,1511500.000,9692117.500
2015-01-27,5.082,5.090,4.963,5.058,741000.000,4718155.000
2015-01-28,5.020,5.059,4.972,5.028,907500.000,5775375.000
2015-01-29,5.048,5.056,4.913,4.961,1298500.000,8144215.000
2015-01-30,4.972,5.059,4.956,5.011,503000.000,3182857.500
2015-02-02,4.980,5.068,4.870,4.877,1964000.000,12150140.000
2015-02-03,4.939,5.026,4.876,4.915,1766500.000,11047880.000
2015-02-04,5.030,5.045,4.927,4.958,952000.000,6035222.500
2015-02-05,5.003,5.129,4.860,4.939,2947000.000,18527717.500
2015-02-06,4.963,4.963,4.844,4.939,1044500.000,6468145.000
2015-02-09,4.927,5.022,4.911,4.959,993500.000,6228492.500
2015-02-10,4.917,4.988,4.830,4.925,827000.000,5111140.000
2015-02-11,4.895,4.966,4.895,4.950,717000.000,4478642.500
2015-02-12,4.928,4.999,4.904,4.943,621000.000,3888517.500
2015-02-13,4.924,5.003,4.908,5.003,923500.000,5814360.000
2015-02-16,4.969,5.017,4.906,4.969,639000.000,3993687.500
2015-02-17,4.980,4.988,4.940,4.988,155000.000,976065.000
2015-02-18,4.980,5.043,4.932,5.027,243000.000,1537010.000
2015-02-23,5.138,5.138,5.003,5.027,694500.000,4424025.000
2015-02-24,5.090,5.106,4.996,5.051,869500.000,5559960.000
2015-02-25,5.065,5.065,4.978,5.010,1118000.000,7069297.500
2015-02-26,5.009,5.104,4.962,5.096,2507500.000,16000105.550
2015-02-27,5.097,5.113,5.017,5.073,414000.000,2648415.000
2015-03-02,5.117,5.124,5.037,5.085,622387.000,3991668.580
2015-03-03,5.071,5.103,4.960,4.992,841500.000,5336483.500
2015-03-04,4.990,5.006,4.887,4.958,1063500.000,6625317.500
2015-03-05,4.927,4.982,4.863,4.959,999000.000,6201267.500
2015-03-06,4.959,4.959,4.871,4.895,247500.000,1531565.000
2015-03-09,4.873,4.944,4.793,4.928,2174000.000,13415342.500
2015-03-10,4.927,4.927,4.864,4.864,262115.000,1614436.300
2015-03-11,4.866,4.929,4.842,4.858,422500.000,2588640.000
2015-03-12,4.935,4.975,4.840,4.951,1482237.000,9198520.640
2015-03-13,4.997,5.036,4.949,5.005,627000.000,3955837.500
2015-03-16,5.015,5.046,4.991,5.038,844500.000,5354868.500
2015-03-17,5.076,5.076,5.005,5.044,577500.000,3664197.500
2015-03-18,5.075,5.075,4.956,4.996,2040303.000,12857147.840
2015-03-19,5.063,5.063,4.952,4.968,902500.000,5671960.000
2015-03-20,4.970,5.009,4.914,4.993,1236430.000,7736849.300
2015-03-23,4.991,5.070,4.848,4.912,2025000.000,12642730.000
2015-03-24,4.979,4.979,4.892,4.900,2135900.000,13258442.500
2015-03-25,4.933,5.060,4.878,4.909,5638008.000,35252237.340
2015-03-26,4.907,4.986,4.812,4.899,3649500.000,22545435.000
2015-03-27,4.925,4.941,4.838,4.917,1905000.000,11740115.000
2015-03-30,4.973,4.981,4.910,4.973,9182841.000,57341745.110
2015-03-31,4.998,5.109,4.990,5.069,4284500.000,27307582.500
2015-04-01,5.094,5.102,5.015,5.063,4917500.000,31423674.000
2015-04-02,5.084,5.187,5.076,5.147,4753000.000,30879125.000
2015-04-08,5.222,5.681,5.222,5.563,11314000.000,78303453.500
2015-04-09,5.659,5.888,5.564,5.698,7278550.000,52588224.500
2015-04-10,5.860,5.860,5.654,5.836,5893000.000,42971405.000
2015-04-13,5.838,6.282,5.838,6.227,7308000.000,56562266.900
2015-04-14,6.323,6.323,6.180,6.283,9683500.000,76414105.100
2015-04-15,6.244,6.347,6.236,6.283,5170000.000,41048130.000
2015-04-16,6.327,6.438,6.233,6.414,6917000.000,55582787.500
2015-04-17,6.410,6.442,6.292,6.307,2755236.000,22146260.180
2015-04-20,6.425,6.425,6.157,6.267,5842384.000,46553027.000
2015-04-21,6.334,6.413,6.326,6.397,1772691.000,14333216.830
2015-04-22,6.406,6.485,6.327,6.445,2520500.000,20457990.000
2015-04-23,6.444,6.484,6.286,6.326,1484000.000,11989772.500
2015-04-24,6.480,6.480,6.164,6.306,1857003.000,14787656.470
2015-04-27,6.406,6.485,6.406,6.485,3618500.000,29593347.500
2015-04-28,6.555,6.571,6.436,6.555,2575500.000,21249425.000
2015-04-29,6.551,6.590,6.519,6.527,1294000.000,10751455.000
2015-04-30,6.697,6.697,6.460,6.571,3880900.000,32291711.500
2015-05-04,6.550,6.644,6.486,6.589,2865000.000,23848521.500
2015-05-05,6.676,6.676,6.416,6.518,4649200.000,38410327.000
2015-05-06,6.470,6.548,6.154,6.162,5451635.000,43370518.850
2015-05-07,6.173,6.228,6.086,6.141,3342500.000,26093715.000
2015-05-08,6.151,6.246,6.136,6.199,2464742.000,19283440.180
2015-05-11,6.268,6.268,6.118,6.189,2749000.000,21562876.500
2015-05-12,6.192,6.256,6.145,6.248,1823500.000,14316927.500
2015-05-13,6.268,6.308,5.598,6.134,3332500.000,25396610.000
2015-05-14,6.147,6.250,6.116,6.187,1566304.000,12297292.940
2015-05-15,6.187,6.321,6.131,6.305,2488000.000,19666427.500
2015-05-18,6.304,6.304,6.154,6.241,1024500.000,8058248.000
2015-05-19,6.227,6.424,6.203,6.416,1498700.000,12134452.500
2015-05-20,6.418,6.418,6.284,6.339,1681500.000,13548080.000
2015-05-21,6.341,6.380,6.214,6.214,1049000.000,8338552.500
2015-05-22,6.229,6.355,6.174,6.260,1943490.000,15473965.500
2015-05-26,6.336,6.392,6.250,6.289,2108500.000,16832307.000
2015-05-27,6.371,6.371,6.142,6.173,3471733.000,27227040.400
2015-05-28,6.242,6.242,5.926,5.966,2925000.000,22673992.500
2015-05-29,5.967,6.101,5.683,6.101,2786000.000,21070267.500
2015-06-01,6.024,6.126,5.913,6.079,2082000.000,15844404.000
2015-06-02,6.166,6.166,5.937,6.024,2007500.000,15335760.000
2015-06-03,6.019,6.129,5.979,6.042,2278200.000,17417712.000
2015-06-04,6.114,6.295,6.074,6.264,2872500.000,22573030.000
2015-06-05,6.574,6.630,6.196,6.219,3969160.000,31485846.400
2015-06-08,6.268,6.355,6.205,6.229,3047000.000,24214842.500
2015-06-09,6.306,6.377,6.156,6.250,2490000.000,19695077.500
2015-06-10,6.312,6.312,6.186,6.217,983500.000,7745445.000
2015-06-11,6.302,6.365,6.223,6.318,2784500.000,22298019.000
2015-06-12,6.312,6.391,6.249,6.367,2850419.000,22939541.050
2015-06-15,6.233,6.430,6.233,6.390,1949500.000,15760442.500
2015-06-16,6.121,6.319,6.121,6.161,2985500.000,23643635.000
2015-06-17,6.153,6.272,6.153,6.256,1931500.000,15260465.000
2015-06-18,6.134,6.276,6.134,6.221,1750000.000,13840105.000
2015-06-19,5.990,6.014,5.769,5.801,2392752.000,17934644.120
2015-06-22,5.864,5.911,5.754,5.880,1618058.000,11998239.560
2015-06-23,5.930,6.269,5.922,6.261,3658000.000,28435880.000
2015-06-24,6.214,6.262,6.167,6.230,1403500.000,11078145.000
2015-06-25,6.073,6.192,6.058,6.152,3028390.000,23565696.100
2015-06-26,6.073,6.168,5.915,5.963,2272000.000,17248767.500
2015-06-29,5.965,5.989,5.413,5.775,2638062.000,19179339.500
2015-06-30,5.946,5.946,5.568,5.836,2694500.000,19664712.500
2015-07-02,5.760,5.871,5.658,5.800,3326826.000,24444855.560
2015-07-03,5.752,5.752,5.562,5.617,2075500.000,14814545.000
2015-07-06,5.713,5.736,5.381,5.452,6719114.000,46544000.680
2015-07-07,5.112,5.428,5.112,5.262,5098500.000,34410547.500
2015-07-08,5.104,5.127,4.662,4.907,8603500.000,53093482.000
2015-07-09,4.898,5.695,4.827,5.655,7006720.000,48991575.500
2015-07-10,5.680,5.917,5.522,5.806,4067500.000,30048855.000
2015-07-13,5.805,6.049,5.805,6.002,2741500.000,20634090.000
2015-07-14,6.005,6.005,5.681,5.800,2515567.000,18513999.420
2015-07-15,5.798,5.956,5.680,5.854,3649500.000,26995002.500
2015-07-16,5.683,5.896,5.683,5.777,796500.000,5826742.500
2015-07-17,5.637,5.992,5.637,5.842,391000.000,2898667.500
2015-07-20,5.646,5.906,5.646,5.843,972850.000,7150501.000
2015-07-21,5.693,5.882,5.693,5.740,1414875.000,10337698.750
2015-07-22,5.698,5.761,5.580,5.674,1688417.000,12047401.530
2015-07-23,5.604,5.730,5.549,5.667,2378000.000,17030015.000
2015-07-24,5.564,5.737,5.564,5.595,733000.000,5210605.000
2015-07-27,5.596,5.627,5.296,5.454,1049000.000,7236005.000
2015-07-28,5.239,5.484,5.239,5.373,434500.000,2955362.500
2015-07-29,5.459,5.523,5.373,5.412,859476.000,5948650.020
2015-07-30,5.390,5.508,5.342,5.398,239000.000,1634037.500
2015-07-31,5.366,5.476,5.318,5.405,1148338.000,7851058.120
2015-08-03,5.578,5.578,5.373,5.397,416000.000,2856457.500
2015-08-04,5.303,5.468,5.303,5.374,1045500.000,7133190.000
2015-08-05,5.382,5.468,5.358,5.437,1110500.000,7586865.000
2015-08-06,5.438,5.596,5.375,5.572,725018.000,5083692.600
2015-08-07,5.517,5.627,5.430,5.595,426000.000,3005880.000
2015-08-10,5.499,5.530,5.452,5.452,1359400.000,9429383.000
2015-08-11,5.561,5.689,5.473,5.537,1185500.000,8197940.000
2015-08-12,5.613,5.678,5.458,5.597,863000.000,5879035.000
2015-08-13,5.655,5.704,5.506,5.638,589186.000,4015519.100
2015-08-14,5.620,5.644,5.496,5.562,430500.000,2900132.500
2015-08-17,5.609,5.609,5.444,5.501,177000.000,1178747.500
2015-08-18,5.552,5.634,5.378,5.461,315100.000,2102564.000
2015-08-19,5.460,5.502,5.345,5.419,1008938.000,6647710.780
2015-08-20,5.326,5.408,5.046,5.128,804637.000,5084271.150
2015-08-21,5.042,5.083,4.877,4.951,1297585.000,7834868.400
2015-08-24,4.794,4.885,4.489,4.539,4878300.000,26991681.000
2015-08-25,4.548,4.738,4.482,4.565,2857366.000,15830348.980
2015-08-26,4.619,4.751,4.544,4.561,1686000.000,9481567.500
2015-08-27,4.647,4.862,4.647,4.820,1356000.000,7785555.000
2015-08-28,4.888,4.888,4.640,4.756,2572500.000,14924782.500
2015-08-31,4.724,4.765,4.650,4.699,2253300.000,12863390.000
2015-09-01,4.623,4.837,4.508,4.541,1742398.000,9711196.440
2015-09-02,4.507,4.934,4.482,4.622,3105000.000,17596330.000
2015-09-04,4.556,4.613,4.490,4.507,1080258.000,5962603.200
2015-09-07,4.479,4.619,4.455,4.463,380000.000,2099020.000
2015-09-08,4.516,4.607,4.434,4.566,2620500.000,14463502.500
2015-09-09,4.589,4.737,4.589,4.721,3829500.000,21622180.000
2015-09-10,4.681,4.739,4.607,4.690,967902.000,5496672.560
2015-09-11,4.703,4.785,4.662,4.703,1760500.000,10094190.000
2015-09-14,4.735,4.751,4.571,4.612,915318.000,5154141.720
2015-09-15,4.535,4.625,4.518,4.567,688000.000,3812321.500
2015-09-16,4.612,4.719,4.571,4.678,1130500.000,6400707.500
2015-09-17,4.683,4.699,4.559,4.617,2200484.000,12415275.560
2015-09-18,4.612,4.703,4.571,4.686,2977209.000,16899627.490
2015-09-21,4.659,4.659,4.503,4.519,3612000.000,20086705.000
2015-09-22,4.522,4.604,4.522,4.547,5068500.000,28141422.500
2015-09-23,4.559,4.559,4.402,4.444,3185000.000,17264391.600
2015-09-24,4.404,4.535,4.379,4.469,1404500.000,7599692.500
2015-09-25,4.436,4.526,4.419,4.444,2383100.000,12895749.500
2015-09-29,4.436,4.460,4.312,4.345,1475500.000,7813620.000
2015-09-30,4.449,4.490,4.375,4.391,2459000.000,13242312.500
2015-10-02,4.531,4.531,4.391,4.490,1728610.000,9452331.200
2015-10-05,4.506,4.580,4.482,4.564,1653500.000,9141671.000
2015-10-06,4.638,4.638,4.490,4.498,1014000.000,5603847.500
2015-10-07,4.482,4.670,4.482,4.654,1898000.000,10658557.500
2015-10-08,4.695,4.703,4.572,4.630,1416000.000,7985673.000
2015-10-09,4.678,4.752,4.637,4.662,2258000.000,12998500.000
2015-10-12,4.655,4.762,4.647,4.729,2036838.000,11735873.360
2015-10-13,4.716,4.716,4.626,4.659,1078500.000,6165780.000
2015-10-14,4.664,4.664,4.549,4.557,1861200.000,10449429.000
2015-10-15,4.630,4.769,4.614,4.655,1408380.000,8030983.600
2015-10-16,4.715,4.854,4.674,4.805,6358000.000,37037795.000
2015-10-19,4.803,4.885,4.771,4.820,881500.000,5192820.000
2015-10-20,4.777,4.909,4.777,4.900,719600.000,4260743.500
2015-10-22,4.793,4.891,4.793,4.826,1061053.000,6259840.970
2015-10-23,4.891,4.948,4.850,4.891,422000.000,2512815.000
2015-10-26,4.912,4.928,4.813,4.846,1009198.000,6000021.320
2015-10-27,4.842,4.932,4.793,4.916,1800000.000,10696925.000
2015-10-28,4.845,4.894,4.747,4.755,1450897.000,8505331.130
2015-10-29,4.932,4.932,4.710,4.768,1290000.000,7578460.000
2015-10-30,4.735,4.867,4.735,4.760,501779.000,2930789.830
2015-11-02,4.767,4.832,4.677,4.792,1364000.000,7986185.000
2015-11-03,4.803,4.918,4.803,4.910,1738005.000,10376979.600
2015-11-04,4.912,5.124,4.912,5.026,2599500.000,15945018.000
2015-11-05,5.054,5.095,5.005,5.029,993000.000,6113365.000
2015-11-06,4.970,5.060,4.937,4.978,1075500.000,6569477.500
2015-11-09,4.979,5.126,4.979,5.069,1297500.000,8048092.500
2015-11-10,4.972,5.030,4.947,4.956,1101500.000,6685620.000
2015-11-11,4.891,5.039,4.891,4.916,905500.000,5456852.500
2015-11-12,4.876,4.975,4.860,4.909,1164000.000,6948097.500
2015-11-13,4.862,4.912,4.723,4.756,2578515.000,15012109.200
2015-11-16,4.713,4.771,4.680,4.688,1736000.000,9959515.000
2015-11-17,4.704,4.827,4.704,4.762,358000.000,2087825.000
2015-11-18,4.749,4.782,4.700,4.725,846500.000,4861252.500
2015-11-19,4.766,4.823,4.766,4.790,768500.000,4480200.000
2015-11-20,4.790,4.823,4.765,4.798,823500.000,4799525.000
2015-11-23,4.780,4.837,4.780,4.788,748500.000,4358535.000
2015-11-24,4.831,4.831,4.699,4.724,1488000.000,8572617.500
2015-11-25,4.714,4.756,4.706,4.714,2032000.000,11649297.500
2015-11-26,4.774,4.806,4.732,4.749,394460.000,2276949.900
2015-11-27,4.742,4.742,4.643,4.651,859000.000,4892860.500
2015-11-30,4.630,4.704,4.622,4.688,992500.000,5614275.000
2015-12-01,4.696,4.746,4.688,4.688,324000.000,1850300.000
2015-12-02,4.695,4.810,4.662,4.785,659500.000,3812487.500
2015-12-03,4.714,4.821,4.714,4.755,362500.000,2084389.000
2015-12-04,4.712,4.762,4.663,4.680,888000.000,5057637.500
2015-12-07,4.731,4.747,4.632,4.714,1219000.000,6945377.500
2015-12-08,4.630,4.729,4.572,4.638,1224500.000,6844790.000
2015-12-09,4.634,4.709,4.593,4.684,902500.000,5073070.000
2015-12-10,4.683,4.741,4.641,4.650,843500.000,4763737.500
2015-12-11,4.675,4.692,4.592,4.617,917000.000,5132007.300
2015-12-14,4.593,4.868,4.576,4.868,3526000.000,20105393.400
2015-12-15,4.873,4.915,4.790,4.873,3489500.000,20437680.000
2015-12-16,4.903,5.120,4.861,5.103,3575000.000,21364967.500
2015-12-17,5.139,5.255,5.130,5.197,2214000.000,13816700.000
2015-12-18,5.175,5.351,5.142,5.292,4864860.000,30795698.880
2015-12-21,5.262,5.680,5.196,5.672,7319000.000,48479507.500
2015-12-22,5.638,6.097,5.504,5.938,11865000.000,82697977.500
2015-12-23,5.845,6.070,5.678,6.062,8433000.000,59948850.000
2015-12-24,5.873,5.907,5.639,5.648,2114000.000,14518390.000
2015-12-28,5.689,5.747,5.514,5.522,735000.000,4887610.000
2015-12-29,5.532,5.691,5.415,5.674,2517500.000,16787445.000
2015-12-30,5.627,5.778,5.493,5.769,5364000.000,36399360.000
2015-12-31,5.697,5.864,5.638,5.856,3983855.000,27710639.000
2016-01-04,5.848,5.848,5.437,5.445,1767500.000,11716595.000
2016-01-05,5.457,5.474,5.347,5.415,3958500.000,25462895.000
2016-01-06,5.418,5.418,5.250,5.275,2130300.000,13384263.500
2016-01-07,5.250,5.250,5.005,5.089,3613363.000,21805357.350
2016-01-08,5.078,5.163,5.053,5.112,1610500.000,9718875.000
2016-01-11,5.030,5.140,4.920,5.047,6982400.000,41736325.000
2016-01-12,5.108,5.133,5.015,5.066,2983500.000,17957032.500
2016-01-13,5.176,5.193,5.075,5.126,2013000.000,12242530.000
2016-01-14,5.073,5.132,5.014,5.107,1260000.000,7561655.000
2016-01-15,5.039,5.157,5.039,5.115,3906500.000,23662190.000
2016-01-18,5.038,5.080,4.878,5.004,2928000.000,17493880.000
2016-01-19,5.162,5.162,4.994,5.061,2526500.000,15161770.000
2016-01-20,5.032,5.032,4.948,4.998,4628000.000,27552945.000
2016-01-21,5.060,5.060,4.859,4.892,2276000.000,13495905.000
2016-01-22,4.996,5.038,4.870,4.971,9838000.000,57297236.500
2016-01-25,4.994,5.070,4.977,5.045,2230000.000,13311815.000
2016-01-26,5.036,5.036,4.868,4.902,2436000.000,14259350.000
2016-01-27,5.048,5.048,4.812,4.964,2774500.000,16207970.000
2016-01-28,4.895,4.988,4.845,4.912,1447000.000,8415392.500
2016-01-29,4.919,5.104,4.903,5.079,2354000.000,14051342.500
2016-02-01,5.052,5.128,5.019,5.027,1211000.000,7272977.500
2016-02-02,5.062,5.163,5.036,5.146,1405000.000,8512330.000
2016-02-03,4.982,5.066,4.948,4.990,1892000.000,11197417.500
2016-02-04,5.056,5.056,4.896,4.896,630500.000,3716180.000
2016-02-05,4.966,5.042,4.958,5.017,636500.000,3778307.500
2016-02-11,4.782,4.958,4.782,4.832,1777000.000,10337035.000
2016-02-12,4.799,4.899,4.706,4.715,2255000.000,12813375.000
2016-02-15,4.824,5.017,4.791,4.925,494000.000,2877800.000
2016-02-16,5.021,5.221,4.995,5.121,1637000.000,10008727.500
2016-02-17,5.207,5.216,5.107,5.149,1558545.000,9609691.050
2016-02-18,5.188,5.213,5.121,5.163,628000.000,3879355.000
2016-02-19,5.171,5.221,5.129,5.213,1534000.000,9452812.500
2016-02-22,5.233,5.451,5.216,5.258,12946337.000,83742989.400
2016-02-23,5.394,5.394,5.243,5.259,873935.000,5485050.850
2016-02-24,5.279,5.287,5.178,5.245,1931000.000,12017222.500
2016-02-25,5.247,5.272,5.104,5.171,1183100.000,7276225.000
2016-02-26,5.206,5.248,5.147,5.231,664000.000,4098142.500
2016-02-29,5.304,5.304,5.169,5.203,952500.000,5899775.000
2016-03-01,5.198,5.232,5.148,5.181,688500.000,4235460.000
2016-03-02,5.257,5.358,5.198,5.307,1116000.000,7032095.000
2016-03-03,5.344,5.378,5.285,5.319,1363300.000,8609224.500
2016-03-04,5.353,5.361,5.210,5.344,1607600.000,10119104.000
2016-03-07,5.333,5.451,5.283,5.375,1629000.000,10408847.500
2016-03-08,5.318,5.318,5.075,5.184,1715500.000,10598890.000
2016-03-09,5.155,5.164,5.072,5.105,657500.000,3999417.500
2016-03-10,5.158,5.158,5.074,5.091,616000.000,3749742.500
2016-03-11,5.033,5.125,5.033,5.100,565000.000,3433005.000
2016-03-14,5.128,5.236,5.069,5.161,2037600.000,12572079.500
2016-03-15,5.158,5.192,5.133,5.141,1471600.000,9045404.500
2016-03-16,5.199,5.215,5.106,5.165,851500.000,5212490.000
2016-03-17,5.175,5.175,5.108,5.158,822500.000,5049497.500
2016-03-18,5.100,5.250,5.100,5.233,665895.000,4172442.800
2016-03-21,5.266,5.392,5.266,5.358,1241700.000,7930343.000
2016-03-22,5.405,5.447,5.363,5.421,2198000.000,14185750.000
2016-03-23,5.435,5.452,5.184,5.427,1134000.000,7301965.000
2016-03-24,5.374,5.374,5.198,5.298,2009900.000,12531988.000
2016-03-29,5.317,5.317,5.191,5.233,659500.000,4137150.000
2016-03-30,5.142,5.284,5.142,5.250,749500.000,4703547.500
2016-03-31,5.283,5.299,5.199,5.241,484000.000,3053940.000
2016-04-01,5.213,5.238,5.180,5.213,262000.000,1639052.500
2016-04-05,5.253,5.253,5.045,5.153,1012000.000,6231782.500
2016-04-06,5.135,5.160,5.084,5.101,571500.000,3498035.000
2016-04-07,5.090,5.165,5.023,5.106,454000.000,2751170.000
2016-04-08,5.081,5.106,5.005,5.106,494500.000,2993912.500
2016-04-11,5.117,5.183,5.092,5.150,380500.000,2344357.500
2016-04-12,5.191,5.291,5.191,5.291,543500.000,3426155.000
2016-04-13,5.314,5.372,5.314,5.372,391500.000,2514182.500
2016-04-14,5.404,5.437,5.387,5.412,682500.000,4417642.500
2016-04-15,5.439,5.464,5.381,5.414,272000.000,1763812.500
2016-04-18,5.388,5.388,5.246,5.288,125000.000,791100.000
2016-04-19,5.323,5.364,5.256,5.314,275000.000,1748115.000
2016-04-20,5.213,5.279,5.179,5.196,446000.000,2792777.500
2016-04-21,5.230,5.372,5.197,5.272,412500.000,2610320.000
2016-04-22,5.253,5.320,5.212,5.212,232500.000,1455820.000
2016-04-25,5.222,5.289,5.205,5.255,396000.000,2471332.500
2016-04-26,5.278,5.278,5.170,5.178,365000.000,2268437.500
2016-04-27,5.192,5.233,5.166,5.192,174500.000,1084790.000
2016-04-28,5.133,5.284,5.125,5.133,409500.000,2532565.000
2016-04-29,5.104,5.145,5.045,5.112,349000.000,2141500.000
2016-05-03,5.151,5.151,4.943,4.951,647500.000,3899030.000
2016-05-04,4.987,4.995,4.870,4.870,1034000.000,6062942.500
2016-05-05,4.866,4.934,4.866,4.908,854000.000,4992392.500
2016-05-06,4.873,5.158,4.797,4.822,1277400.000,7349476.500
2016-05-09,4.682,4.883,4.682,4.791,717500.000,4110145.000
2016-05-10,4.831,4.857,4.781,4.831,264500.000,1519605.000
2016-05-11,4.831,4.831,4.663,4.688,887000.000,5006142.500
2016-05-12,4.696,4.721,4.621,4.646,430300.000,2399734.000
2016-05-13,4.666,4.742,4.540,4.641,1639000.000,9059532.500
2016-05-16,4.587,4.780,4.587,4.746,494000.000,2783460.000
2016-05-17,4.712,4.804,4.712,4.804,275020.000,1564361.900
2016-05-18,4.722,4.822,4.722,4.814,1719700.000,9802258.500
2016-05-19,4.851,4.851,4.801,4.818,1679935.000,9580813.400
2016-05-20,4.774,4.858,4.774,4.825,189500.000,1084985.000
2016-05-23,4.846,4.888,4.846,4.871,189500.000,1096357.500
2016-05-24,4.889,4.897,4.830,4.838,147000.000,847350.000
2016-05-25,4.914,4.939,4.905,4.905,62500.000,363275.000
2016-05-26,4.897,4.973,4.897,4.965,224000.000,1314557.500
2016-05-27,4.950,4.976,4.916,4.916,313000.000,1839110.000
2016-05-30,4.913,5.006,4.870,4.955,976500.000,5739115.000
2016-05-31,5.022,5.030,4.963,4.971,836100.000,4927378.000
2016-06-01,5.028,5.045,4.875,5.036,910000.000,5340720.000
2016-06-02,5.047,5.056,4.963,5.030,129000.000,765470.000
2016-06-03,5.038,5.123,4.971,4.979,577000.000,3439355.000
2016-06-06,5.025,5.025,4.949,5.000,160500.000,949832.500
2016-06-07,5.043,5.060,4.984,5.009,1052500.000,6251552.500
2016-06-08,4.915,5.034,4.915,5.000,519400.000,3083647.500
2016-06-10,5.017,5.034,4.924,4.941,104000.000,612217.500
2016-06-13,4.874,5.001,4.823,4.832,277500.000,1592117.500
2016-06-14,5.017,5.043,4.890,4.933,114500.000,666222.500
2016-06-15,4.941,4.949,4.788,4.881,310500.000,1781790.000
2016-06-16,4.854,4.880,4.795,4.837,819000.000,4665135.000
2016-06-17,4.715,4.918,4.630,4.647,970500.000,5468090.000
2016-06-20,4.683,4.861,4.683,4.852,794500.000,4517737.500
2016-06-21,4.670,4.823,4.535,4.772,706000.000,3929562.500
2016-06-22,4.784,4.912,4.784,4.886,250000.000,1432025.000
2016-06-23,4.841,4.875,4.765,4.799,193500.000,1099560.000
2016-06-24,4.799,4.833,4.587,4.825,1068500.000,6004077.500
2016-06-27,4.849,4.918,4.772,4.866,238500.000,1355985.000
2016-06-28,4.758,4.913,4.758,4.887,59000.000,336500.000
2016-06-29,4.907,4.992,4.872,4.992,211000.000,1216490.000
2016-06-30,5.094,5.119,5.025,5.094,440900.000,2612647.400
2016-07-04,5.098,5.098,4.987,5.090,162000.000,957977.500
2016-07-05,5.133,5.159,4.978,4.978,477500.000,2846100.000
2016-07-06,4.998,5.006,4.894,4.912,166500.000,953155.000
2016-07-07,4.918,4.996,4.884,4.909,104500.000,598775.000
2016-07-08,4.877,5.144,4.851,4.894,560000.000,3184870.000
2016-07-11,4.954,4.997,4.911,4.971,187500.000,1080725.000
2016-07-12,4.988,5.091,4.962,5.022,295300.000,1713201.000
2016-07-13,5.027,5.130,4.932,5.018,517000.000,3003907.000
2016-07-14,5.033,5.102,4.912,4.999,648500.000,3748550.000
2016-07-15,4.971,5.083,4.971,5.066,140500.000,824145.000
2016-07-18,5.060,5.129,5.017,5.060,180500.000,1060205.000
2016-07-19,5.061,5.104,5.009,5.035,366500.000,2144462.500
2016-07-20,5.007,5.093,5.007,5.084,94954.000,558973.600
2016-07-21,5.053,5.130,5.027,5.070,962500.000,5673812.500
2016-07-22,5.080,5.089,5.029,5.046,242500.000,1425477.500
2016-07-25,5.068,5.128,4.991,5.111,592500.000,3504152.500
2016-07-26,5.114,5.148,5.036,5.114,907000.000,5377707.500
2016-07-27,5.140,5.192,5.054,5.192,553500.000,3293080.000
2016-07-28,5.152,5.169,5.057,5.066,238000.000,1418325.000
2016-07-29,5.059,5.094,4.931,4.991,524500.000,3079235.000
2016-08-01,5.049,5.066,5.006,5.066,121500.000,716525.000
2016-08-03,5.024,5.075,5.024,5.033,229000.000,1355852.500
2016-08-04,5.061,5.087,5.052,5.078,72000.000,426175.000
2016-08-05,5.129,5.197,5.086,5.129,363000.000,2169258.500
2016-08-08,5.162,5.180,5.145,5.145,45000.000,270070.000
2016-08-09,5.228,5.228,5.100,5.151,154000.000,926180.000
2016-08-10,5.198,5.223,5.086,5.129,316500.000,1899028.000
2016-08-11,5.168,5.202,5.091,5.159,314000.000,1900880.000
2016-08-12,5.233,5.293,5.190,5.268,282500.000,1729775.000
2016-08-15,5.310,5.362,5.233,5.353,381000.000,2374955.000
2016-08-16,5.266,5.351,5.266,5.317,170500.000,1060605.000
2016-08-17,5.273,5.367,5.273,5.333,692500.000,4329315.000
2016-08-18,5.418,5.418,5.350,5.376,337000.000,2119720.000
2016-08-19,5.337,5.372,5.295,5.295,100000.000,623525.000
2016-08-22,5.338,5.373,5.201,5.261,332500.000,2044975.000
2016-08-23,5.239,5.324,5.213,5.221,154500.000,946360.000
2016-08-24,5.268,5.268,5.140,5.217,295000.000,1785830.000
2016-08-25,5.188,5.240,5.171,5.171,137500.000,831400.000
2016-08-26,5.170,5.247,5.110,5.178,420500.000,2542355.000
2016-08-29,5.240,5.301,5.180,5.197,115000.000,693930.000
2016-08-30,5.238,5.246,5.152,5.212,479000.000,2891065.000
2016-08-31,5.261,5.304,5.201,5.227,309500.000,1887775.000
2016-09-01,5.278,5.355,5.252,5.321,781500.000,4807975.000
2016-09-02,5.368,5.574,5.299,5.565,1169500.000,7425630.000
2016-09-05,5.605,5.760,5.415,5.536,2493500.000,16282705.000
2016-09-06,5.511,5.632,5.511,5.606,237500.000,1540515.000
2016-09-07,5.681,5.681,5.518,5.518,294000.000,1905650.000
2016-09-08,5.669,5.669,5.506,5.575,430500.000,2781585.000
2016-09-09,5.631,5.699,5.553,5.648,1085000.000,7142200.000
2016-09-12,5.633,5.633,5.469,5.469,577000.000,3698770.000
2016-09-13,5.513,5.548,5.410,5.453,720000.000,4585095.000
2016-09-14,5.467,5.527,5.441,5.475,244000.000,1551990.000
2016-09-15,5.441,5.596,5.441,5.596,257000.000,1657950.000
2016-09-19,5.587,5.664,5.475,5.638,1000000.000,6475560.000
2016-09-20,5.640,5.640,5.546,5.614,160000.000,1042605.000
2016-09-21,5.627,5.652,5.575,5.635,681500.000,4453250.000
2016-09-22,5.652,5.746,5.455,5.618,672000.000,4381320.000
2016-09-23,5.622,5.716,5.579,5.639,415500.000,2734100.000
2016-09-26,5.636,5.671,5.525,5.559,172000.000,1113855.000
2016-09-27,5.508,5.629,5.508,5.577,231500.000,1499010.000
2016-09-28,5.555,5.572,5.486,5.503,364000.000,2332277.500
2016-09-29,5.566,5.574,5.505,5.574,36100.000,232824.000
2016-09-30,5.562,5.562,5.467,5.476,328000.000,2095410.000
2016-10-03,5.570,5.570,5.476,5.519,52000.000,333405.000
2016-10-04,5.493,5.545,5.467,5.519,105500.000,674525.000
2016-10-05,5.467,5.553,5.467,5.545,111500.000,714125.000
2016-10-06,5.588,5.605,5.450,5.596,344000.000,2205210.000
2016-10-07,5.570,5.570,5.476,5.570,43000.000,277897.500
2016-10-11,5.621,5.665,5.509,5.578,404500.000,2613900.000
2016-10-12,5.557,5.583,5.479,5.487,297000.000,1888290.000
2016-10-13,5.526,5.526,5.318,5.378,865000.000,5374415.000
2016-10-14,5.359,5.437,5.359,5.411,291500.000,1818495.000
2016-10-17,5.454,5.497,5.367,5.402,340000.000,2116902.500
2016-10-18,5.404,5.526,5.404,5.483,299600.000,1887472.000
2016-10-19,5.441,5.493,5.371,5.458,446500.000,2790647.500
2016-10-20,5.509,5.509,5.119,5.275,2412000.000,14875679.000
2016-10-24,5.305,5.497,5.305,5.471,928000.000,5777035.000
2016-10-25,5.449,5.537,5.449,5.511,120500.000,758220.000
2016-10-26,5.499,5.543,5.438,5.482,185500.000,1163897.500
2016-10-27,5.510,5.510,5.423,5.467,99000.000,618260.000
2016-10-28,5.443,5.592,5.425,5.487,261000.000,1634915.000
2016-10-31,5.425,5.495,5.417,5.443,32500.000,204190.000
2016-11-01,5.441,5.538,5.441,5.459,229500.000,1444722.500
2016-11-02,5.427,5.506,5.296,5.392,393600.000,2428937.000
2016-11-03,5.439,5.439,5.439,5.439,6500.000,40625.000
2016-11-04,5.511,5.511,5.371,5.432,47000.000,292410.000
2016-11-07,5.466,5.501,5.414,5.475,141500.000,884500.000
2016-11-08,5.526,5.526,5.474,5.509,156500.000,985140.000
2016-11-09,5.546,5.546,5.309,5.344,282000.000,1734095.000
2016-11-10,5.462,5.550,5.462,5.506,127860.000,802390.800
2016-11-11,5.594,5.594,5.419,5.445,157500.000,977880.000
2016-11-14,5.563,5.563,5.431,5.457,145000.000,902705.000
2016-11-15,5.510,5.536,5.439,5.519,127000.000,792895.000
2016-11-16,5.527,5.535,5.421,5.527,254100.000,1579304.000
2016-11-17,5.543,5.552,5.455,5.508,302000.000,1871610.000
2016-11-18,5.534,5.552,5.241,5.508,626000.000,3833060.000
2016-11-21,5.549,5.558,5.434,5.496,385000.000,2370205.000
2016-11-22,5.516,5.587,5.480,5.569,435500.000,2724905.000
2016-11-23,5.597,5.659,5.544,5.597,709500.000,4467785.000
2016-11-24,5.603,5.611,5.496,5.594,199000.000,1245220.000
2016-11-25,5.618,5.618,5.565,5.618,262100.000,1648820.000
2016-11-28,5.608,5.724,5.590,5.697,916000.000,5822972.500
2016-11-29,5.693,5.765,5.658,5.702,610000.000,3925430.000
2016-11-30,5.780,5.780,5.665,5.745,489500.000,3147000.000
2016-12-01,5.788,5.788,5.717,5.726,123000.000,793875.000
2016-12-02,5.703,5.739,5.633,5.712,199000.000,1278340.000
2016-12-05,5.790,5.896,5.728,5.843,2087000.000,13608065.000
2016-12-06,5.827,5.969,5.818,5.951,774500.000,5182680.000
2016-12-07,5.971,6.104,5.918,5.980,504000.000,3406877.500
2016-12-08,6.034,6.052,5.972,6.026,484000.000,3287505.000
2016-12-09,6.011,6.047,5.940,6.002,556500.000,3752775.000
2016-12-12,6.063,6.072,5.867,5.885,630000.000,4209065.000
2016-12-13,5.873,5.935,5.838,5.891,167200.000,1108556.000
2016-12-14,5.953,5.953,5.847,5.936,175000.000,1163885.000
2016-12-15,5.948,5.948,5.779,5.841,721500.000,4715220.000
2016-12-16,5.867,5.939,5.849,5.930,283946.000,1871514.880
2016-12-19,5.900,5.980,5.828,5.891,830000.000,5480051.670
2016-12-20,5.885,5.903,5.733,5.760,423100.000,2744520.000
2016-12-21,5.771,5.897,5.771,5.825,352000.000,2282687.500
2016-12-22,5.834,5.834,5.744,5.789,407000.000,2622060.000
2016-12-23,5.799,5.835,5.728,5.763,526000.000,3379450.000
2016-12-28,5.786,5.812,5.759,5.777,263100.000,1696011.000
2016-12-29,5.769,5.850,5.769,5.823,104111.000,674810.400
2016-12-30,5.850,5.886,5.770,5.877,379000.000,2477090.000
2017-01-03,5.904,6.056,5.895,6.020,293542.000,1959299.820
2017-01-04,6.042,6.051,5.979,6.024,188500.000,1266360.000
2017-01-05,6.006,6.078,6.006,6.033,489800.000,3315325.000
2017-01-06,5.977,6.022,5.836,5.924,412870.000,2788993.300
2017-01-09,5.993,6.064,5.832,5.903,1034600.000,6870984.500
2017-01-10,5.874,6.052,5.874,5.972,82000.000,547355.000
2017-01-11,6.017,6.026,5.937,6.009,597500.000,4012399.390
2017-01-12,6.027,6.045,5.974,6.000,371500.000,2508494.000
2017-01-13,5.971,6.016,5.900,5.980,211600.000,1421045.500
2017-01-16,5.977,5.986,5.897,5.942,208000.000,1389584.500
2017-01-17,5.978,5.996,5.782,5.836,377500.000,2480655.000
2017-01-18,5.796,5.920,5.734,5.761,719000.000,4739860.000
2017-01-19,5.808,5.870,5.764,5.835,327500.000,2146630.000
2017-01-20,5.809,5.853,5.774,5.782,292000.000,1913555.000
2017-01-23,5.860,5.878,5.798,5.851,164000.000,1083085.000
2017-01-24,5.832,5.955,5.805,5.876,243000.000,1623765.000
2017-01-25,5.969,5.969,5.889,5.916,17500.000,116965.000
2017-01-26,5.933,5.968,5.871,5.959,238700.000,1606329.000
2017-01-27,5.888,5.977,5.888,5.941,50500.000,338615.000
2017-02-01,5.968,5.986,5.871,5.977,81000.000,544795.000
2017-02-02,5.950,5.968,5.862,5.950,60000.000,401152.500
2017-02-03,5.937,5.955,5.858,5.884,279939.000,1868803.230
2017-02-06,5.934,5.960,5.828,5.837,533400.000,3543565.000
2017-02-07,5.828,5.890,5.819,5.854,378000.000,2492317.500
2017-02-08,5.892,5.928,5.848,5.910,205500.000,1363415.000
2017-02-09,5.915,5.977,5.889,5.951,448200.000,3006175.000
2017-02-10,5.988,5.997,5.899,5.970,510500.000,3439105.000
2017-02-13,6.003,6.039,5.968,5.994,1280000.000,8646945.000
2017-02-14,5.985,6.030,5.967,6.012,708000.000,4790805.000
2017-02-15,5.997,6.200,5.988,6.103,2903000.000,20171345.000
2017-02-16,6.137,6.208,6.093,6.164,1477600.000,10247029.000
2017-02-17,6.175,6.175,5.937,5.999,1605000.000,10997695.000
2017-02-20,6.041,6.112,5.961,6.103,1111000.000,7581675.000
2017-02-21,6.080,6.116,5.939,5.965,1910381.000,13024064.610
2017-02-22,5.995,6.119,5.986,6.102,1584000.000,10873450.000
2017-02-23,6.108,6.152,6.019,6.134,1805500.000,12482365.000
2017-02-24,6.105,6.141,6.043,6.096,699000.000,4819055.000
2017-02-27,6.109,6.118,5.976,6.074,642000.000,4409460.000
2017-02-28,6.085,6.139,6.006,6.068,913500.000,6278730.000
2017-03-01,6.071,6.115,5.974,6.009,2471000.000,16827835.000
2017-03-02,6.098,6.116,6.019,6.054,1497500.000,10241390.000
2017-03-03,6.044,6.044,5.956,6.018,1016600.000,6881637.500
2017-03-06,6.016,6.069,5.989,6.060,555500.000,3786965.000
2017-03-07,6.057,6.101,6.030,6.101,1080000.000,7380954.000
2017-03-08,6.072,6.144,6.064,6.126,706500.000,4855865.000
2017-03-09,6.105,6.132,6.025,6.052,738000.000,5024438.500
2017-03-10,6.053,6.079,5.973,5.990,1419000.000,9578968.000
2017-03-13,5.971,6.069,5.935,6.051,935500.000,6361370.000
2017-03-14,6.088,6.088,6.026,6.088,886000.000,6052190.000
2017-03-15,6.085,6.085,6.005,6.077,1571500.000,10697210.000
2017-03-16,6.065,6.136,6.047,6.127,1730300.000,11867647.000
2017-03-17,6.114,6.149,5.777,5.972,2360000.000,16071080.000
2017-03-20,5.964,6.097,5.964,6.053,956000.000,6502280.000
2017-03-21,6.021,6.137,6.021,6.057,2152000.000,14722940.000
2017-03-22,6.041,6.076,5.996,6.041,1817500.000,12343735.000
2017-03-23,6.037,6.108,6.002,6.046,1185000.000,8102452.500
2017-03-24,6.054,6.054,6.000,6.000,803500.000,5460965.000
2017-03-27,5.980,6.024,5.935,5.935,981600.000,6635988.000
2017-03-28,5.968,5.986,5.933,5.959,762500.000,5130045.000
2017-03-29,5.980,6.033,5.944,6.024,723000.000,4885090.000
2017-03-30,6.012,6.021,5.941,5.958,672000.000,4522138.000
2017-03-31,5.948,6.001,5.948,5.975,466500.000,3144530.000
2017-04-03,5.966,6.072,5.966,6.055,691000.000,4695020.000
2017-04-05,6.047,6.074,5.994,6.047,847000.000,5765435.000
2017-04-06,6.042,6.060,5.989,5.989,513500.000,3476044.000
2017-04-07,5.990,5.999,5.919,5.963,848500.000,5697603.000
2017-04-10,5.981,6.052,5.981,6.034,419500.000,2843457.500
2017-04-11,6.026,6.026,5.964,5.990,950000.000,6406180.000
2017-04-12,5.971,5.980,5.926,5.971,477200.000,3207063.500
2017-04-13,5.901,5.972,5.892,5.919,467500.000,3131542.500
2017-04-18,5.926,5.926,5.784,5.811,1000500.000,6609865.000
2017-04-19,5.803,5.865,5.671,5.724,1420200.000,9180506.000
2017-04-20,5.734,5.778,5.690,5.734,211500.000,1370352.000
2017-04-21,5.763,5.798,5.701,5.709,430500.000,2799946.500
2017-04-24,5.705,5.705,5.599,5.626,1145500.000,7329260.000
2017-04-25,5.636,5.760,5.636,5.742,778000.000,5030032.500
2017-04-26,5.742,5.786,5.724,5.769,330000.000,2144389.000
2017-04-27,5.711,5.738,5.667,5.711,489000.000,3144035.000
2017-04-28,5.687,5.767,5.669,5.749,525500.000,3390950.000
2017-05-02,5.745,5.780,5.638,5.638,1146500.000,7363797.000
2017-05-04,5.743,5.743,5.539,5.557,1162200.000,7334615.500
2017-05-05,5.558,5.585,5.443,5.479,1460500.000,9071540.000
2017-05-08,5.483,5.501,5.404,5.448,2339500.000,14340730.000
2017-05-09,5.454,5.480,5.401,5.454,1823258.000,11152870.740
2017-05-10,5.421,5.492,5.421,5.439,2982100.000,18310844.000
2017-05-11,5.436,5.498,5.436,5.462,1083363.000,6677263.820
2017-05-12,5.443,5.479,5.399,5.408,4154700.000,25475354.500
2017-05-15,5.424,5.539,5.424,5.530,1270131.000,7889236.150
2017-05-16,5.538,5.547,5.485,5.529,546000.000,3406610.000
2017-05-17,5.526,5.543,5.358,5.402,4605553.000,28199897.180
2017-05-18,5.367,5.394,5.314,5.367,2057500.000,12463715.000
2017-05-19,5.382,5.462,5.365,5.453,1248707.000,7659881.840
2017-05-22,5.452,5.461,5.417,5.452,1192000.000,7347472.500
2017-05-23,5.450,5.477,5.406,5.406,1734500.000,10684085.000
2017-05-24,5.430,5.448,5.403,5.430,1049940.000,6455152.100
2017-05-25,5.451,5.539,5.424,5.486,1492900.000,9297886.000
2017-05-26,5.511,5.555,5.493,5.511,936000.000,5862070.000
2017-05-29,5.537,5.608,5.537,5.581,752000.000,4761825.000
2017-05-31,5.575,5.663,5.575,5.628,1640000.000,10497837.500
2017-06-01,5.567,5.576,5.506,5.506,1448000.000,9169265.000
2017-06-02,5.548,5.574,5.530,5.530,524005.000,3331701.600
2017-06-05,5.581,5.581,5.485,5.503,776171.000,4902950.460
2017-06-06,5.562,5.562,5.501,5.518,813000.000,5148165.000
2017-06-07,5.528,5.580,5.459,5.554,1806899.000,11489126.680
2017-06-08,5.568,5.577,5.534,5.551,542000.000,3454312.280
2017-06-09,5.588,5.596,5.544,5.579,1749000.000,11170600.000
2017-06-12,5.586,5.630,5.499,5.569,2110500.000,13438615.000
2017-06-13,5.568,5.585,5.533,5.550,562500.000,3584792.500
2017-06-14,5.567,5.584,5.532,5.541,811000.000,5164827.500
2017-06-15,5.543,5.560,5.516,5.516,1195106.000,7597560.680
2017-06-16,5.534,5.586,5.525,5.543,484000.000,3083710.000
2017-06-19,5.534,5.577,5.534,5.543,873030.000,5559529.600
2017-06-20,5.571,5.632,5.562,5.623,912500.000,5855616.500
2017-06-21,5.630,5.630,5.578,5.595,1002000.000,6427970.000
2017-06-22,5.368,5.438,5.298,5.394,1201000.000,7397485.000
2017-06-23,5.399,5.460,5.381,5.416,777500.000,4804055.000
2017-06-26,5.458,5.484,5.406,5.432,929500.000,5789495.000
2017-06-27,5.490,5.490,5.438,5.438,378500.000,2357930.000
2017-06-28,5.427,5.461,5.400,5.409,763500.000,4753858.500
2017-06-29,5.450,5.459,5.398,5.415,713500.000,4440685.000
2017-06-30,5.398,5.468,5.364,5.416,922000.000,5755992.500
2017-07-03,5.426,5.487,5.382,5.452,1069500.000,6683415.000
2017-07-04,5.431,5.492,5.422,5.457,896000.000,5633475.000
2017-07-05,5.428,5.498,5.428,5.481,426500.000,2680145.000
2017-07-06,5.466,5.640,5.449,5.588,1915500.000,12142745.000
2017-07-07,5.547,5.591,5.513,5.513,381000.000,2430920.000
2017-07-10,5.516,5.551,5.490,5.490,610500.000,3861545.000
2017-07-11,5.517,5.595,5.491,5.569,737000.000,4705789.500
2017-07-12,5.551,5.673,5.551,5.647,2155500.000,13960072.500
2017-07-13,5.695,5.817,5.687,5.808,2742000.000,18248145.000
2017-07-14,5.763,5.849,5.737,5.815,920000.000,6154342.500
2017-07-17,5.843,5.851,5.730,5.765,1658500.000,11127680.000
2017-07-18,5.744,5.840,5.675,5.710,784500.000,5183580.000
2017-07-19,5.687,5.877,5.652,5.877,2291500.000,15427095.000
2017-07-20,5.841,5.876,5.789,5.815,495500.000,3344695.000
2017-07-21,5.826,5.826,5.757,5.818,508500.000,3420015.000
2017-07-24,5.801,5.844,5.775,5.810,738000.000,4964815.000
2017-07-25,5.843,5.861,5.783,5.783,695625.000,4684770.000
2017-07-26,5.794,5.820,5.785,5.811,902200.000,6050703.000
2017-07-27,5.826,5.826,5.749,5.792,491000.000,3287140.000
2017-07-28,5.798,5.798,5.763,5.781,318000.000,2126405.000
2017-07-31,5.781,5.833,5.695,5.833,1593500.000,10606705.000
2017-08-01,5.786,5.795,5.683,5.717,1463000.000,9766560.000
2017-08-02,5.754,5.780,5.728,5.763,1807500.000,12102065.000
2017-08-03,5.752,5.752,5.684,5.684,1590500.000,10573155.000
2017-08-04,5.667,5.719,5.642,5.642,1970500.000,13029800.000
2017-08-07,5.675,5.692,5.649,5.683,969500.000,6402975.000
2017-08-08,5.678,5.755,5.669,5.704,457000.000,3032590.000
2017-08-09,5.709,5.709,5.649,5.675,505500.000,3345150.000
2017-08-10,5.682,5.682,5.571,5.596,715000.000,4700015.000
2017-08-11,5.557,5.591,5.472,5.515,867500.000,5607790.000
2017-08-14,5.511,5.528,5.486,5.503,340500.000,2203630.000
2017-08-15,5.508,5.594,5.508,5.542,300500.000,1958665.000
2017-08-16,5.574,5.591,5.531,5.548,835000.000,5432540.000
2017-08-17,5.544,5.561,5.501,5.535,426000.000,2759270.770
2017-08-18,5.494,5.520,5.494,5.511,410000.000,2643885.000
2017-08-21,5.423,5.458,5.338,5.398,1768206.000,11203378.100
2017-08-22,5.396,5.422,5.337,5.405,2204500.000,13904690.000
2017-08-24,5.407,5.475,5.398,5.466,1140500.000,7287445.000
2017-08-25,5.471,5.557,5.463,5.557,1789000.000,11564211.600
2017-08-28,5.539,5.615,5.539,5.598,1180077.000,7773547.810
2017-08-29,5.567,5.567,5.508,5.559,775318.000,5074901.100
2017-08-30,5.592,5.592,5.482,5.491,901400.000,5898417.000
2017-08-31,5.492,5.576,5.441,5.542,988000.000,6418015.000
2017-09-01,5.508,5.517,5.458,5.466,575500.000,3750745.000
2017-09-04,5.455,5.463,5.354,5.396,645500.000,4166435.000
2017-09-05,5.363,5.438,5.363,5.430,285000.000,1848446.000
2017-09-06,5.367,5.383,5.316,5.358,1270864.000,8134475.960
2017-09-07,5.347,5.380,5.297,5.305,1167000.000,7448552.500
2017-09-08,5.334,5.359,5.309,5.359,1282000.000,8187930.000
2017-09-11,5.349,5.390,5.324,5.349,1304500.000,8388040.000
2017-09-12,5.380,5.389,5.355,5.355,803500.000,5160712.500
2017-09-13,5.389,5.415,5.356,5.373,673500.000,4332225.500
2017-09-14,5.405,5.413,5.354,5.396,599500.000,3856145.000
2017-09-15,5.393,5.393,5.301,5.318,1501500.000,9561025.000
2017-09-18,5.314,5.389,5.314,5.347,1000248.000,6403229.640
2017-09-19,5.357,5.408,5.357,5.391,507500.000,3255260.000
2017-09-20,5.385,5.444,5.385,5.402,1124000.000,7237065.000
2017-09-21,5.420,5.420,5.370,5.378,1239000.000,7909330.000
2017-09-22,5.400,5.400,5.349,5.374,422500.000,2693600.000
2017-09-25,5.379,5.413,5.303,5.354,1632000.000,10343290.000
2017-09-26,5.336,5.370,5.319,5.319,980918.000,6192987.500
2017-09-27,5.363,5.406,5.338,5.389,637000.000,4045655.000
2017-09-28,5.374,5.382,5.306,5.357,261922.000,1652650.880
2017-09-29,5.404,5.429,5.344,5.404,1106000.000,6989325.000
2017-10-03,5.421,5.489,5.387,5.480,1585000.000,10124585.000
2017-10-04,5.480,5.523,5.455,5.489,576500.000,3721160.000
2017-10-06,5.514,5.514,5.412,5.438,1637000.000,10480100.000
2017-10-09,5.469,5.486,5.435,5.452,725000.000,4646310.000
2017-10-10,5.417,5.434,5.349,5.392,2168000.000,13760580.000
2017-10-11,5.383,5.383,5.316,5.349,3885500.000,24650433.000
2017-10-12,5.371,5.371,5.320,5.371,1089500.000,6917976.000
2017-10-13,5.382,5.382,5.332,5.357,1671243.000,10614061.260
2017-10-16,5.381,5.381,5.314,5.347,2467000.000,15658311.100
2017-10-17,5.349,5.358,5.316,5.341,2180880.000,13782559.940
2017-10-18,5.325,5.367,5.325,5.342,1454500.000,9199099.000
2017-10-19,5.358,5.425,5.349,5.375,1953500.000,12433869.500
2017-10-20,5.363,5.456,5.355,5.456,3977500.000,25513332.000
2017-10-23,5.465,5.465,5.388,5.414,745000.000,4754427.500
2017-10-24,5.454,5.454,5.378,5.412,1117000.000,7100468.500
2017-10-25,5.407,5.449,5.398,5.441,1003000.000,6405671.000
2017-10-26,5.437,5.437,5.377,5.377,1432200.000,9090681.500
2017-10-27,5.444,5.512,5.427,5.444,1050500.000,6732465.000
2017-10-30,5.444,5.487,5.410,5.410,1394253.000,8886091.990
2017-10-31,5.406,5.414,5.380,5.389,1807500.000,11452245.000
2017-11-01,5.405,5.431,5.380,5.422,2058300.000,13095454.500
2017-11-02,5.431,5.431,5.388,5.414,1336000.000,8504989.000
2017-11-03,5.414,5.422,5.397,5.414,685000.000,4360453.500
2017-11-06,5.414,5.414,5.363,5.371,759500.000,4809261.500
2017-11-07,5.380,5.397,5.354,5.363,2361000.000,14932012.000
2017-11-08,5.371,5.388,5.337,5.354,2660500.000,16796435.000
2017-11-09,5.363,5.388,5.346,5.354,1364000.000,8614129.000
2017-11-10,5.354,5.380,5.320,5.363,1627500.000,10234958.500
2017-11-13,5.363,5.388,5.337,5.354,1646000.000,10390496.000
2017-11-14,5.354,5.363,5.295,5.295,2371500.000,14827660.500
2017-11-15,5.295,5.295,5.227,5.244,1645413.000,10178162.340
2017-11-16,5.235,5.278,5.218,5.278,1107000.000,6836413.000
2017-11-17,5.286,5.286,5.227,5.235,1879500.000,11611800.000
2017-11-20,5.235,5.320,5.210,5.227,1747000.000,10733615.000
2017-11-21,5.227,5.286,5.218,5.278,2671500.000,16474807.500
