2010-10-08,2.273,2.287,2.184,2.239,35386334.000,114402419.000
2010-10-11,2.198,2.211,2.055,2.068,31954000.000,98496540.000
2010-10-12,2.044,2.058,1.902,1.950,59327000.000,171521950.000
2010-10-13,1.970,2.168,1.970,2.162,71370000.000,221850850.000
2010-10-14,2.202,2.264,2.127,2.181,25731000.000,82217960.000
2010-10-15,2.172,2.213,2.172,2.179,8981000.000,28777280.000
2010-10-18,2.197,2.204,2.115,2.149,5922000.000,18585950.000
2010-10-19,2.148,2.155,2.086,2.134,22112000.000,68547350.000
2010-10-20,2.035,2.069,1.981,2.029,31503000.000,94230520.000
2010-10-21,2.027,2.068,2.020,2.034,17868568.000,53746006.000
2010-10-22,2.029,2.043,2.022,2.036,14434000.000,43299250.000
2010-10-25,2.028,2.164,2.028,2.130,7412000.000,23082350.000
2010-10-26,2.100,2.141,2.073,2.093,3388000.000,10541910.000
2010-10-27,2.090,2.125,2.036,2.050,2107000.000,6394010.000
2010-10-28,2.054,2.122,2.040,2.108,2118000.000,6472750.000
2010-10-29,2.108,2.108,2.060,2.067,1371000.000,4173850.000
2010-11-01,2.058,2.071,1.983,2.003,1956666.000,5868898.000
2010-11-02,1.986,2.040,1.986,2.013,1202000.000,3578860.000
2010-11-03,2.044,2.078,2.003,2.010,2630000.000,7897350.000
2010-11-04,2.037,2.044,2.017,2.030,1638000.000,4898920.000
2010-11-05,2.064,2.098,2.009,2.091,8650000.000,26050200.000
2010-11-08,2.092,2.153,2.085,2.133,9735000.000,30363000.000
2010-11-09,2.116,2.170,2.088,2.129,19651000.000,61264820.000
2010-11-10,2.228,2.303,2.214,2.228,34549716.000,113070828.000
2010-11-11,2.245,2.395,2.218,2.245,31722000.000,107131900.000
2010-11-12,2.277,2.277,2.209,2.229,8561000.000,27878490.000
2010-11-15,2.222,2.235,2.154,2.160,8962000.000,28786180.000
2010-11-16,2.205,2.205,2.096,2.109,5666400.000,17569108.000
2010-11-17,2.073,2.147,2.066,2.086,1258000.000,3888310.000
2010-11-18,2.122,2.224,2.101,2.204,1812000.000,5762430.000
2010-11-19,2.202,2.277,2.134,2.147,3764000.000,12145200.000
2010-11-22,2.158,2.185,2.137,2.178,663000.000,2090160.000
2010-11-23,2.188,2.195,2.086,2.140,1502000.000,4720070.000
2010-11-24,2.175,2.175,2.106,2.120,2422000.000,7589870.000
2010-11-25,2.148,2.175,2.127,2.127,1931000.000,6080360.000
2010-11-26,2.123,2.144,2.096,2.103,2004000.000,6211165.000
2010-11-29,2.097,2.097,2.036,2.043,2470000.000,7566667.000
2010-11-30,2.037,2.037,1.943,1.950,2778000.000,8093514.000
2010-12-01,1.944,1.957,1.897,1.910,4387000.000,12579731.000
2010-12-02,1.922,1.956,1.909,1.916,5426000.000,15555897.000
2010-12-03,1.949,1.956,1.916,1.929,3336000.000,9613318.000
2010-12-06,1.964,1.991,1.951,1.951,1173000.000,3426320.000
2010-12-07,1.968,1.982,1.968,1.968,339000.000,990990.000
2010-12-08,1.952,1.979,1.939,1.946,398000.000,1148270.000
2010-12-09,1.951,1.951,1.931,1.931,73000.000,209990.000
2010-12-10,1.917,1.917,1.857,1.897,1157000.000,3243000.000
2010-12-13,1.890,1.970,1.890,1.943,1434000.000,4169400.000
2010-12-14,1.938,1.958,1.925,1.925,705000.000,2037220.000
2010-12-15,1.928,1.948,1.908,1.934,513000.000,1469660.000
2010-12-16,1.940,1.974,1.913,1.920,1463000.000,4243290.000
2010-12-17,1.900,1.947,1.893,1.927,234000.000,666700.000
2010-12-20,1.927,1.968,1.874,1.927,449000.000,1265960.000
2010-12-21,1.933,1.966,1.845,1.966,3473000.000,9663370.000
2010-12-22,1.961,1.961,1.914,1.934,979000.000,2820580.000
2010-12-23,1.906,1.919,1.886,1.899,94000.000,267080.000
2010-12-24,1.901,1.901,1.867,1.881,896000.000,2520330.000
2010-12-28,1.861,1.881,1.861,1.861,2865000.000,8039960.000
2010-12-29,1.859,1.886,1.839,1.852,2583384.000,7216639.000
2010-12-30,1.860,1.873,1.853,1.860,861000.000,2412670.000
2010-12-31,1.870,1.883,1.830,1.844,2475000.000,6924930.000
2011-01-03,1.848,1.868,1.848,1.868,218000.000,608270.000
2011-01-04,1.893,2.007,1.886,1.980,2818000.000,8170820.000
2011-01-05,1.994,1.994,1.941,1.968,2868389.000,8384136.000
2011-01-06,1.971,2.052,1.944,1.991,4557000.000,13558870.000
2011-01-07,1.997,2.091,1.990,2.078,7194000.000,21521630.000
2011-01-10,2.076,2.083,2.016,2.016,2006000.000,6052570.000
2011-01-11,1.993,2.013,1.972,1.979,1941000.000,5772320.000
2011-01-12,1.997,1.997,1.963,1.977,2505000.000,7402230.000
2011-01-13,1.979,1.999,1.939,1.966,1286000.000,3782880.000
2011-01-14,1.974,2.001,1.941,1.954,2190906.000,6461218.000
2011-01-17,1.934,1.954,1.868,1.868,1726000.000,4912310.000
2011-01-18,1.887,1.927,1.887,1.907,754000.000,2170370.000
2011-01-19,1.946,2.033,1.946,2.000,7007000.000,20831810.000
2011-01-20,1.973,2.006,1.953,1.999,1650000.000,4908020.000
2011-01-21,1.992,1.992,1.959,1.959,842000.000,2492360.000
2011-01-24,1.989,1.989,1.949,1.949,1864812.000,5499348.000
2011-01-25,1.924,1.958,1.924,1.924,957000.000,2810330.000
2011-01-26,1.917,1.917,1.871,1.871,1252000.000,3583260.000
2011-01-27,1.881,1.881,1.828,1.842,2515000.000,7024500.000
2011-01-28,1.827,1.854,1.827,1.834,954000.000,2663400.000
2011-01-31,1.812,1.839,1.812,1.832,2753000.000,7661362.000
2011-02-01,1.835,1.835,1.737,1.776,5124000.000,13829980.000
2011-02-02,1.775,1.807,1.775,1.807,3887408.000,10541358.000
2011-02-07,1.809,1.809,1.776,1.776,2506000.000,6803980.000
2011-02-08,1.777,1.803,1.771,1.784,2934000.000,7999689.000
2011-02-09,1.774,1.794,1.703,1.716,1755000.000,4648510.000
2011-02-10,1.691,1.698,1.614,1.614,3566000.000,9150610.000
2011-02-11,1.614,1.673,1.589,1.608,9735000.000,24393680.000
2011-02-14,1.616,1.654,1.609,1.616,2261000.000,5686710.000
2011-02-15,1.613,1.626,1.568,1.607,2832000.000,6997010.000
2011-02-16,1.586,1.586,1.573,1.573,748000.000,1836520.000
2011-02-17,1.545,1.570,1.443,1.456,5836000.000,13501000.000
2011-02-18,1.470,1.495,1.444,1.463,3007000.000,6980330.000
2011-02-21,1.444,1.457,1.400,1.400,3182000.000,7201790.000
2011-02-22,1.378,1.378,1.296,1.346,4876000.000,10390140.000
2011-02-23,1.349,1.450,1.349,1.425,10852000.000,23379524.000
2011-02-24,1.409,1.415,1.322,1.322,1075000.000,2378960.000
2011-02-25,1.384,1.422,1.346,1.415,1790043.000,3931805.000
2011-02-28,1.435,1.480,1.435,1.454,1376000.000,3182670.000
2011-03-01,1.490,1.567,1.477,1.548,1832000.000,4375630.000
2011-03-02,1.542,1.555,1.472,1.517,2069000.000,4891710.000
2011-03-03,1.555,1.645,1.555,1.633,3471000.000,8738000.000
2011-03-04,1.697,1.776,1.652,1.749,6182005.000,16492194.000
2011-03-07,1.726,1.745,1.648,1.687,4821000.000,12577513.000
2011-03-09,1.746,1.746,1.604,1.611,3376000.000,8482660.000
2011-03-10,1.612,1.625,1.599,1.618,549980.000,1373830.000
2011-03-11,1.617,1.617,1.572,1.572,685000.000,1688970.000
2011-03-14,1.557,1.576,1.532,1.532,359000.000,873700.000
2011-03-15,1.525,1.557,1.455,1.500,3869000.000,9071230.000
2011-03-16,1.504,1.536,1.498,1.524,15500000.000,36997610.000
2011-03-17,1.515,1.534,1.496,1.521,7299000.000,17241800.000
2011-03-18,1.535,1.561,1.484,1.529,5282000.000,12600300.000
2011-03-21,1.537,1.588,1.537,1.575,3268000.000,8020860.000
2011-03-22,1.564,1.564,1.520,1.520,3091000.000,7455590.000
2011-03-23,1.503,1.510,1.446,1.497,2630500.000,6168065.000
2011-03-24,1.513,1.519,1.481,1.513,1001000.000,2366730.000
2011-03-25,1.540,1.559,1.514,1.527,1389000.000,3350230.000
2011-03-28,1.528,1.560,1.528,1.528,545000.000,1313400.000
2011-03-29,1.530,1.568,1.524,1.543,1079000.000,2607790.000
2011-03-30,1.562,1.581,1.543,1.543,974000.000,2390930.000
2011-03-31,1.577,1.584,1.545,1.552,759000.000,1859640.000
2011-04-01,1.580,1.618,1.567,1.599,1441000.000,3586850.000
2011-04-04,1.627,1.679,1.608,1.614,1662000.000,4231470.000
2011-04-06,1.619,1.644,1.606,1.638,1572000.000,3963480.000
2011-04-07,1.628,1.647,1.615,1.621,818000.000,2067980.000
2011-04-08,1.621,1.653,1.614,1.621,929000.000,2354750.000
2011-04-11,1.617,1.720,1.617,1.636,1895000.000,4890190.000
2011-04-12,1.606,1.631,1.580,1.606,1338000.000,3343520.000
2011-04-13,1.597,1.623,1.591,1.604,1375000.000,3437270.000
2011-04-14,1.605,1.650,1.599,1.618,3304000.000,8339135.000
2011-04-15,1.607,1.613,1.575,1.594,6278000.000,15621030.000
2011-04-18,1.579,1.585,1.566,1.579,1584000.000,3907680.000
2011-04-19,1.558,1.571,1.532,1.532,2295000.000,5565290.000
2011-04-20,1.536,1.594,1.530,1.555,2957617.000,7191393.000
2011-04-21,1.590,1.616,1.539,1.610,3343000.000,8247235.000
2011-04-26,1.594,1.671,1.581,1.639,8750000.000,22458020.000
2011-04-27,1.660,1.712,1.615,1.660,12557000.000,32586340.000
2011-04-28,1.680,1.850,1.680,1.791,75044000.000,193013075.000
2011-04-29,1.797,1.843,1.745,1.797,9298235.000,25780065.000
2011-05-03,1.787,1.865,1.716,1.729,8764800.000,23866200.000
2011-05-04,1.720,1.726,1.649,1.675,4882000.000,12718900.000
2011-05-05,1.702,1.774,1.702,1.767,3911000.000,10436240.000
2011-05-06,1.757,1.770,1.680,1.712,5930000.000,15613840.000
2011-05-09,1.704,1.756,1.704,1.743,1466000.000,3942910.000
2011-05-11,1.733,1.759,1.720,1.727,2747600.000,7367470.000
2011-05-12,1.724,1.750,1.692,1.705,1894000.000,5023170.000
2011-05-13,1.713,1.759,1.707,1.759,553000.000,1471180.000
2011-05-16,1.749,1.755,1.730,1.730,171000.000,458580.000
2011-05-17,1.737,1.750,1.717,1.737,903000.000,2423200.000
2011-05-18,1.776,1.795,1.756,1.776,3640000.000,9935620.000
2011-05-19,1.783,1.836,1.783,1.829,2865000.000,7982630.000
2011-05-20,1.823,1.829,1.771,1.797,1632200.000,4481162.000
2011-05-23,1.776,1.776,1.724,1.750,1045000.000,2838040.000
2011-05-24,1.756,1.788,1.756,1.782,755000.000,2063550.000
2011-05-25,1.752,1.798,1.752,1.772,673000.000,1837430.000
2011-05-26,1.752,1.797,1.752,1.778,749000.000,2058750.000
2011-05-27,1.779,1.805,1.773,1.792,855000.000,2356190.000
2011-05-30,1.799,1.877,1.799,1.838,5090000.000,14269470.000
2011-05-31,1.867,2.026,1.861,1.993,14272000.000,42680880.000
2011-06-01,1.969,1.969,1.936,1.962,1524840.000,4533248.000
2011-06-02,1.959,1.959,1.900,1.940,3542000.000,10447890.000
2011-06-03,1.974,2.027,1.941,1.954,2354000.000,7047260.000
2011-06-07,1.967,1.967,1.934,1.961,1743000.000,5182670.000
2011-06-08,1.944,1.944,1.853,1.899,1183000.000,3478620.000
2011-06-09,1.905,1.971,1.892,1.938,4414000.000,13029080.000
2011-06-10,1.986,1.986,1.927,1.946,3994000.000,11809440.000
2011-06-13,1.900,1.926,1.880,1.893,2829000.000,8178930.000
2011-06-14,1.871,1.911,1.871,1.891,2183778.000,6335232.000
2011-06-15,1.931,1.957,1.879,1.898,4796000.000,14060070.000
2011-06-16,1.875,1.881,1.745,1.836,3603000.000,10094630.000
2011-06-17,1.812,1.812,1.767,1.799,2921000.000,8053110.000
2011-06-20,1.779,1.779,1.600,1.670,2862700.000,7552226.000
2011-06-21,1.673,1.692,1.641,1.648,1270321.000,3287881.000
2011-06-22,1.656,1.668,1.522,1.617,4354000.000,10887920.000
2011-06-23,1.616,1.654,1.572,1.604,932003.000,2338748.000
2011-06-24,1.668,1.719,1.668,1.680,1777000.000,4648700.000
2011-06-27,1.711,1.711,1.666,1.673,964000.000,2518440.000
2011-06-28,1.831,1.831,1.689,1.696,154000.000,407620.000
2011-06-29,1.682,1.695,1.669,1.689,554000.000,1449450.000
2011-06-30,1.718,1.789,1.718,1.789,3826000.000,10338160.000
2011-07-04,1.782,1.840,1.762,1.834,3201000.000,8950300.000
2011-07-05,1.849,1.869,1.785,1.810,2529000.000,7102270.000
2011-07-06,1.857,1.863,1.831,1.850,1743000.000,4933750.000
2011-07-07,1.852,1.891,1.832,1.858,1600000.000,4576570.000
2011-07-08,1.895,1.941,1.888,1.888,3512000.000,10287900.000
2011-07-11,1.910,1.910,1.851,1.858,1830000.000,5225540.000
2011-07-12,1.819,1.832,1.793,1.819,997000.000,2790090.000
2011-07-13,1.821,1.879,1.821,1.840,2731000.000,7738060.000
2011-07-14,1.886,1.899,1.834,1.847,1720000.000,4927840.000
2011-07-15,1.831,1.831,1.760,1.785,1503000.000,4159910.000
2011-07-18,1.774,1.826,1.774,1.800,715000.000,2000370.000
2011-07-19,1.800,1.800,1.787,1.800,489000.000,1354700.000
2011-07-20,1.762,1.775,1.743,1.775,284000.000,773780.000
2011-07-21,1.788,1.808,1.756,1.782,285000.000,791810.000
2011-07-22,1.755,1.819,1.755,1.780,1072000.000,2973360.000
2011-07-25,1.786,1.786,1.632,1.696,865000.000,2308120.000
2011-07-26,1.695,1.695,1.644,1.657,2013000.000,5255664.000
2011-07-27,1.659,1.685,1.659,1.672,661000.000,1729870.000
2011-07-28,1.687,1.693,1.661,1.687,432003.000,1137698.000
2011-07-29,1.684,1.710,1.659,1.672,455000.000,1190090.000
2011-08-01,1.686,1.692,1.648,1.648,312000.000,825360.000
2011-08-02,1.651,1.670,1.645,1.664,623000.000,1620620.000
2011-08-03,1.637,1.649,1.618,1.618,831000.000,2133770.000
2011-08-04,1.616,1.635,1.565,1.616,746000.000,1868640.000
2011-08-05,1.519,1.550,1.494,1.525,1528000.000,3700140.000
2011-08-08,1.457,1.482,1.395,1.445,5394000.000,12499350.000
2011-08-09,1.312,1.416,1.300,1.330,3072000.000,6782900.000
2011-08-10,1.405,1.411,1.320,1.350,3817000.000,8457505.000
2011-08-11,1.325,1.331,1.288,1.300,3905000.000,8420250.000
2011-08-12,1.292,1.322,1.220,1.250,3287000.000,7007540.000
2011-08-15,1.276,1.307,1.234,1.264,2701000.000,5696540.000
2011-08-16,1.292,1.371,1.292,1.341,2640000.000,5709478.000
2011-08-17,1.361,1.392,1.349,1.380,2789000.000,6232260.000
2011-08-18,1.367,1.379,1.312,1.318,1792000.000,3990240.000
2011-08-19,1.264,1.276,1.210,1.228,1974010.000,4106531.000
2011-08-22,1.185,1.244,1.073,1.143,3172000.000,6196668.000
2011-08-23,1.138,1.144,1.085,1.120,1501000.000,2846860.000
2011-08-24,1.135,1.170,1.088,1.111,1114000.000,2183350.000
2011-08-25,1.129,1.194,1.129,1.188,1979000.000,3950020.000
2011-08-26,1.185,1.191,1.138,1.173,1700000.000,3387980.000
2011-08-29,1.186,1.197,1.168,1.180,556000.000,1103310.000
2011-08-30,1.189,1.195,1.171,1.195,1657000.000,3311010.000
2011-08-31,1.187,1.187,1.181,1.187,389000.000,777490.000
2011-09-01,1.190,1.220,1.184,1.196,2116000.000,4239900.000
2011-09-02,1.184,1.184,1.137,1.167,807000.000,1591750.000
2011-09-05,1.168,1.186,1.156,1.174,2559000.000,5103330.000
2011-09-06,1.152,1.182,1.140,1.182,288000.000,564990.000
2011-09-07,1.178,1.190,1.178,1.190,271100.000,540721.000
2011-09-08,1.187,1.210,1.181,1.181,1569000.000,3137790.000
2011-09-09,1.192,1.228,1.186,1.204,920000.000,1865400.000
2011-09-12,1.155,1.179,1.131,1.143,845000.000,1641570.000
2011-09-14,1.166,1.207,1.107,1.142,12129000.000,23784030.000
2011-09-15,1.175,1.187,1.151,1.157,882001.000,1743232.000
2011-09-16,1.187,1.205,1.163,1.187,1503000.000,2993760.000
2011-09-19,1.164,1.164,1.076,1.112,2955000.000,5728426.000
2011-09-20,1.138,1.179,1.138,1.149,8928000.000,17418685.000
2011-09-21,1.131,1.166,1.125,1.148,5765000.000,11215180.000
2011-09-22,1.025,1.075,0.946,0.951,8668000.000,15735954.000
2011-09-23,0.850,0.894,0.763,0.845,10567000.000,16504689.000
2011-09-26,0.787,0.802,0.679,0.684,7301000.000,10707336.000
2011-09-27,0.715,0.751,0.684,0.730,2583753.000,3664547.000
2011-09-28,0.754,0.801,0.738,0.759,5955000.000,8614224.000
2011-09-30,0.746,0.752,0.715,0.736,3700000.000,5232050.000
2011-10-03,0.631,0.631,0.568,0.578,1951000.000,2477320.000
2011-10-04,0.568,0.602,0.568,0.593,2187000.000,2683811.000
2011-10-06,0.620,0.630,0.601,0.615,1828010.000,2268737.000
2011-10-07,0.625,0.690,0.600,0.630,5252000.000,6781470.000
2011-10-10,0.697,0.697,0.662,0.662,1971677.000,2646774.000
2011-10-11,0.700,0.737,0.700,0.721,5123000.000,7199730.000
2011-10-12,0.748,0.823,0.737,0.813,3132000.000,4552330.000
2011-10-13,0.863,0.924,0.863,0.913,1847100.000,2978386.000
2011-10-14,0.873,0.895,0.818,0.846,1473000.000,2328830.000
2011-10-17,0.909,0.915,0.882,0.898,445000.000,718140.000
2011-10-18,0.864,0.881,0.837,0.853,2529000.000,3915100.000
2011-10-19,0.855,0.877,0.850,0.861,553000.000,867710.000
2011-10-20,0.854,0.876,0.854,0.860,593000.000,938290.000
2011-10-21,0.859,0.876,0.854,0.859,816000.000,1291430.000
2011-10-24,0.881,0.897,0.875,0.881,1782000.000,2857260.000
2011-10-25,0.907,0.912,0.874,0.879,2363000.000,3880870.000
2011-10-26,0.889,0.906,0.884,0.895,2380000.000,3858800.000
2011-10-27,0.937,1.022,0.920,0.994,3175000.000,5460350.000
2011-10-28,1.058,1.075,0.983,1.029,4528000.000,8049070.000
2011-10-31,1.042,1.054,0.940,1.014,978000.000,1739100.000
2011-11-01,1.014,1.037,0.975,0.992,1276000.000,2256550.000
2011-11-02,0.991,0.991,0.918,0.969,1828000.000,3070200.000
2011-11-03,0.953,0.953,0.915,0.915,1919000.000,3235960.000
2011-11-04,0.971,0.976,0.948,0.959,1178000.000,2010641.000
2011-11-07,0.979,0.979,0.956,0.967,757000.000,1303970.000
2011-11-08,0.980,1.049,0.980,1.020,2717000.000,4877720.000
2011-11-09,1.023,1.029,0.984,1.012,656000.000,1167900.000
2011-11-10,0.989,1.006,0.949,0.983,1566000.000,2710950.000
2011-11-11,1.039,1.039,0.982,0.982,86000.000,150720.000
2011-11-14,1.022,1.051,0.994,1.005,474000.000,858700.000
2011-11-15,1.089,1.089,1.031,1.060,464000.000,849540.000
2011-11-16,1.063,1.063,0.995,1.023,114000.000,205820.000
2011-11-17,1.027,1.062,1.016,1.039,121000.000,219250.000
2011-11-18,1.004,1.004,0.987,0.993,142000.000,248430.000
2011-11-21,0.949,0.955,0.938,0.955,604000.000,1022290.000
2011-11-22,0.928,0.939,0.917,0.917,129000.000,214130.000
2011-11-23,0.907,0.941,0.907,0.924,187000.000,312110.000
2011-11-24,0.883,0.911,0.861,0.894,396000.000,637400.000
2011-11-25,0.933,0.933,0.873,0.879,315000.000,508590.000
2011-11-28,0.913,0.941,0.880,0.902,571000.000,938520.000
2011-11-29,0.917,0.933,0.895,0.917,522000.000,866010.000
2011-11-30,0.931,0.999,0.914,0.976,643000.000,1087533.000
2011-12-01,0.992,1.048,0.941,0.992,2115002.000,3715774.000
2011-12-02,0.976,1.016,0.931,0.976,3140000.000,5355610.000
2011-12-05,0.965,0.976,0.920,0.932,878000.000,1481940.000
2011-12-06,0.937,0.970,0.931,0.953,1601000.000,2719050.000
2011-12-07,0.947,0.953,0.931,0.931,306000.000,517070.000
2011-12-08,0.925,0.969,0.925,0.930,1204000.000,2048160.000
2011-12-09,0.926,0.960,0.921,0.938,729000.000,1227640.000
2011-12-12,0.934,0.962,0.895,0.906,343000.000,572630.000
2011-12-13,0.922,0.922,0.894,0.899,78000.000,127070.000
2011-12-14,0.904,0.921,0.893,0.915,352000.000,579030.000
2011-12-15,0.910,0.926,0.887,0.915,399004.000,651847.000
2011-12-16,0.892,0.936,0.881,0.892,965000.000,1605350.000
2011-12-19,0.872,0.872,0.850,0.861,841000.000,1341110.000
2011-12-20,0.836,0.890,0.750,0.809,2471600.000,3875078.000
2011-12-21,0.854,0.854,0.790,0.801,1117000.000,1714090.000
2011-12-22,0.799,0.804,0.772,0.793,1088000.000,1628100.000
2011-12-23,0.813,0.856,0.813,0.845,1094000.000,1679898.000
2011-12-28,0.866,0.898,0.849,0.882,1752000.000,2784670.000
2011-12-29,0.851,0.889,0.851,0.868,770020.000,1233202.000
2011-12-30,0.914,0.914,0.875,0.881,1025010.000,1671066.000
2012-01-03,0.943,1.023,0.926,1.023,3353000.000,5861490.000
2012-01-04,1.009,1.048,0.997,1.009,2031000.000,3649440.000
2012-01-05,1.042,1.042,1.020,1.025,4254000.000,7679760.000
2012-01-06,1.030,1.058,1.030,1.041,1764000.000,3202370.000
2012-01-09,1.044,1.061,1.032,1.050,1381000.000,2534910.000
2012-01-10,1.092,1.228,1.092,1.199,4752000.000,9518140.000
2012-01-11,1.206,1.277,1.188,1.235,2677000.000,5610040.000
2012-01-12,1.240,1.300,1.222,1.252,2384000.000,5031930.000
2012-01-13,1.287,1.305,1.245,1.281,1878000.000,4015290.000
2012-01-16,1.245,1.257,1.192,1.216,763000.000,1562490.000
2012-01-17,1.222,1.288,1.210,1.252,4299800.000,9033980.000
2012-01-18,1.289,1.331,1.266,1.289,2397000.000,5182720.000
2012-01-19,1.340,1.425,1.309,1.395,2666812.000,5906546.000
2012-01-20,1.347,1.408,1.347,1.372,1710000.000,3861490.000
2012-01-26,1.389,1.462,1.352,1.432,2876000.000,6647720.000
2012-01-27,1.414,1.420,1.383,1.402,931000.000,2141670.000
2012-01-30,1.383,1.389,1.293,1.311,1665000.000,3728170.000
2012-01-31,1.314,1.320,1.254,1.266,825000.000,1759060.000
2012-02-01,1.251,1.287,1.227,1.251,3501000.000,7318960.000
2012-02-02,1.276,1.373,1.276,1.348,4213000.000,9238470.000
2012-02-03,1.371,1.413,1.371,1.401,3361000.000,7673200.000
2012-02-06,1.406,1.461,1.351,1.394,2678500.000,6115645.000
2012-02-07,1.402,1.420,1.371,1.402,4681010.000,10731322.000
2012-02-08,1.424,1.492,1.424,1.467,4368000.000,10444380.000
2012-02-09,1.470,1.563,1.458,1.557,16460957.000,40325461.000
2012-02-10,1.583,1.683,1.571,1.615,10611000.000,27531940.000
2012-02-13,1.574,1.592,1.499,1.592,3718302.000,9244935.000
2012-02-14,1.598,1.667,1.529,1.660,2781009.000,7238393.000
2012-02-15,1.590,1.729,1.590,1.691,3132500.000,8470330.000
2012-02-16,1.694,1.732,1.688,1.707,1503000.000,4066300.000
2012-02-17,1.705,1.717,1.686,1.698,2174000.000,5866245.000
2012-02-20,1.687,1.718,1.612,1.631,6720000.000,17815680.000
2012-02-21,1.619,1.625,1.538,1.594,3728000.000,9568588.000
2012-02-22,1.631,1.688,1.606,1.669,14015000.000,37166590.000
2012-02-23,1.676,1.733,1.670,1.708,17085923.000,46082155.000
2012-02-24,1.693,1.706,1.681,1.706,3236000.000,8717270.000
2012-02-27,1.715,1.760,1.690,1.722,2591000.000,7055140.000
2012-02-28,1.695,1.701,1.651,1.676,11956953.000,32278603.000
2012-02-29,1.647,1.729,1.647,1.697,3172953.000,8511046.000
2012-03-01,1.646,1.646,1.504,1.535,8347000.000,21107708.000
2012-03-02,1.566,1.666,1.566,1.653,4589002.000,11927071.000
2012-03-05,1.655,1.705,1.624,1.649,6705000.000,17747565.000
2012-03-06,1.647,1.647,1.553,1.566,2601499.000,6649682.000
2012-03-07,1.549,1.580,1.505,1.530,4611000.000,11462870.000
2012-03-08,1.609,1.678,1.584,1.665,4321499.000,11235357.000
2012-03-09,1.669,1.700,1.643,1.700,2349000.000,6264830.000
2012-03-12,1.706,1.718,1.655,1.706,2885906.000,7738041.000
2012-03-13,1.704,1.717,1.679,1.698,3669000.000,9895590.000
2012-03-14,1.727,1.810,1.708,1.759,9136500.000,25430555.000
2012-03-15,1.735,1.760,1.690,1.722,3944000.000,10710610.000
2012-03-16,1.714,1.739,1.639,1.695,2834000.000,7544600.000
2012-03-19,1.663,1.663,1.557,1.595,4760900.000,12249874.000
2012-03-20,1.611,1.623,1.567,1.586,2944000.000,7550987.000
2012-03-21,1.560,1.597,1.522,1.535,2706000.000,6751080.000
2012-03-22,1.561,1.599,1.543,1.592,2257004.000,5706830.000
2012-03-23,1.555,1.555,1.500,1.537,1535000.000,3810250.000
2012-03-26,1.526,1.526,1.423,1.453,3748000.000,8956200.000
2012-03-27,1.493,1.591,1.493,1.542,2579000.000,6480250.000
2012-03-28,1.559,1.559,1.510,1.522,1050000.000,2610570.000
2012-03-29,1.516,1.540,1.442,1.448,2427000.000,5877960.000
2012-03-30,1.427,1.457,1.372,1.396,7965580.000,18311598.000
2012-04-02,1.407,1.425,1.377,1.389,3471000.000,7993264.000
2012-04-03,1.446,1.563,1.372,1.538,5004003.000,11968777.000
2012-04-05,1.515,1.672,1.478,1.653,7603000.000,19549350.000
2012-04-10,1.575,1.613,1.550,1.594,3247000.000,8241730.000
2012-04-11,1.547,1.597,1.547,1.578,2116000.000,5393410.000
2012-04-12,1.580,1.580,1.518,1.555,4831000.000,12077990.000
2012-04-13,1.595,1.645,1.564,1.620,4043000.000,10454010.000
2012-04-16,1.616,1.634,1.566,1.578,3044000.000,7822025.000
2012-04-17,1.612,1.612,1.495,1.532,2059000.000,5150640.000
2012-04-18,1.540,1.570,1.484,1.503,2763000.000,6813775.000
2012-04-19,1.511,1.530,1.486,1.511,1536000.000,3768615.000
2012-04-20,1.492,1.498,1.455,1.467,2448526.000,5864973.000
2012-04-23,1.436,1.454,1.399,1.405,1512000.000,3533470.000
2012-04-24,1.421,1.464,1.397,1.421,1621000.000,3771990.000
2012-04-25,1.451,1.482,1.421,1.427,4702000.000,11142210.000
2012-04-26,1.432,1.451,1.420,1.432,2026000.000,4761995.000
2012-04-27,1.439,1.439,1.397,1.409,2684000.000,6296239.000
2012-04-30,1.444,1.481,1.438,1.469,832000.000,1984380.000
2012-05-02,1.481,1.499,1.463,1.481,2520939.000,6097642.000
2012-05-03,1.488,1.581,1.482,1.556,10030000.000,24955760.000
2012-05-04,1.528,1.528,1.436,1.497,4760000.000,11490260.000
2012-05-07,1.456,1.505,1.431,1.493,3570000.000,8556800.000
2012-05-08,1.511,1.511,1.419,1.432,3105000.000,7377370.000
2012-05-09,1.421,1.433,1.396,1.433,2089000.000,4833880.000
2012-05-10,1.411,1.423,1.380,1.405,1753000.000,4036140.000
2012-05-11,1.431,1.450,1.401,1.450,3188000.000,7464480.000
2012-05-14,1.429,1.442,1.393,1.399,4169000.000,9633340.000
2012-05-15,1.380,1.429,1.380,1.423,786200.000,1808652.000
2012-05-16,1.427,1.457,1.317,1.372,3801000.000,8844260.000
2012-05-17,1.400,1.455,1.400,1.455,1329000.000,3101440.000
2012-05-18,1.390,1.390,1.281,1.341,3370000.000,7477765.000
2012-05-21,1.392,1.435,1.374,1.423,1927000.000,4473550.000
2012-05-22,1.527,1.539,1.514,1.539,1810000.000,4283390.000
2012-05-23,1.547,1.547,1.527,1.527,958000.000,2283530.000
2012-05-24,1.533,1.565,1.520,1.559,527000.000,1261510.000
2012-05-25,1.556,1.569,1.524,1.537,660000.000,1575210.000
2012-05-28,1.535,1.535,1.483,1.522,2702000.000,6350780.000
2012-05-29,1.528,1.619,1.496,1.613,1453000.000,3546760.000
2012-05-30,1.595,1.660,1.569,1.621,4790000.000,11915886.000
2012-05-31,1.579,1.625,1.573,1.592,471000.000,1162200.000
2012-06-01,1.579,1.592,1.501,1.501,2859894.000,6775096.000
2012-06-04,1.472,1.472,1.363,1.395,3039000.000,6747370.000
2012-06-05,1.445,1.464,1.426,1.432,582500.000,1319200.000
2012-06-06,1.470,1.483,1.444,1.463,2134000.000,4882050.000
2012-06-07,1.481,1.513,1.474,1.506,2993000.000,6981770.000
2012-06-08,1.527,1.553,1.482,1.515,2872000.000,6725030.000
2012-06-11,1.555,1.672,1.555,1.672,15653000.000,39188040.000
2012-06-12,1.685,1.817,1.638,1.804,21493000.000,58092170.000
2012-06-13,1.807,1.927,1.774,1.893,17110900.000,48331660.000
2012-06-14,1.866,2.013,1.860,1.966,13432753.000,39715498.000
2012-06-15,1.993,2.000,1.933,1.993,7114000.000,21078260.000
2012-06-18,2.007,2.087,2.007,2.020,11547000.000,35433830.000
2012-06-19,2.011,2.071,1.978,2.058,6048000.000,18406635.000
2012-06-20,2.090,2.137,2.063,2.110,6336000.000,19982290.000
2012-06-21,2.105,2.105,1.985,2.058,11747000.000,35988820.000
2012-06-25,2.130,2.130,1.930,1.944,15578000.000,46643900.000
2012-06-26,1.937,1.937,1.878,1.891,7747000.000,22233990.000
2012-06-27,1.906,2.053,1.906,2.033,8006000.000,24156260.000
2012-06-28,2.045,2.112,2.038,2.079,7392916.000,22956626.000
2012-06-29,2.098,2.226,2.098,2.186,9392000.000,30317930.000
2012-07-03,2.211,2.395,2.204,2.395,19472800.000,66721140.000
2012-07-04,2.391,2.404,2.262,2.363,5111000.000,17720620.000
2012-07-05,2.380,2.400,2.298,2.366,4453000.000,15427940.000
2012-07-06,2.383,2.553,2.342,2.383,22914600.000,80952420.000
2012-07-09,2.318,2.372,2.297,2.324,4841400.000,16609770.000
2012-07-10,2.346,2.387,2.332,2.373,8465000.000,29528350.000
2012-07-11,2.371,2.384,2.330,2.344,3895000.000,13569560.000
2012-07-12,2.313,2.340,2.225,2.306,3342000.000,11283250.000
2012-07-13,2.300,2.354,2.225,2.239,4708000.000,15663400.000
2012-07-16,2.227,2.281,2.180,2.207,3998000.000,13232070.000
2012-07-17,2.208,2.276,2.168,2.235,4740800.000,15616940.000
2012-07-18,2.224,2.231,2.124,2.137,6088000.000,19606524.000
2012-07-19,2.123,2.177,2.056,2.076,4367000.000,13754324.000
2012-07-20,2.079,2.120,2.046,2.106,2550000.000,7948310.000
2012-07-23,2.084,2.172,2.084,2.111,2141800.000,6786428.000
2012-07-24,2.115,2.230,2.061,2.197,2846000.000,9249190.000
2012-07-25,2.179,2.185,2.058,2.071,3910000.000,12154830.000
2012-07-26,2.066,2.100,1.999,2.039,5141000.000,15689260.000
2012-07-27,2.126,2.187,2.112,2.173,6470000.000,20647490.000
2012-07-30,2.180,2.288,2.180,2.248,15462000.000,51135450.000
2012-07-31,2.246,2.252,2.198,2.218,5610006.000,18360454.000
2012-08-01,2.231,2.265,2.204,2.211,4928000.000,16254360.000
2012-08-02,2.203,2.224,2.156,2.183,2741000.000,8846590.000
2012-08-03,2.184,2.224,2.157,2.177,1765000.000,5691270.000
2012-08-06,2.233,2.253,2.179,2.212,7720859.000,25157245.000
2012-08-07,2.222,2.242,2.168,2.181,3621000.000,11790310.000
2012-08-08,2.176,2.217,2.176,2.183,1649000.000,5361540.000
2012-08-09,2.201,2.344,2.194,2.296,15355665.000,51363744.000
2012-08-10,2.269,2.296,2.173,2.269,3066000.000,10230440.000
2012-08-13,2.263,2.297,2.242,2.276,3617000.000,12111330.000
2012-08-14,2.289,2.296,2.262,2.276,8034400.000,26925848.000
2012-08-15,2.267,2.267,2.138,2.247,5943000.000,19493120.000
2012-08-16,2.243,2.250,2.182,2.209,1650000.000,5381120.000
2012-08-17,2.235,2.249,2.194,2.215,1445000.000,4719510.000
2012-08-20,2.199,2.213,2.165,2.185,2415000.000,7798960.000
2012-08-21,2.189,2.257,2.189,2.236,6433958.000,21202696.000
2012-08-22,2.233,2.274,2.206,2.226,1286000.000,4222560.000
2012-08-23,2.232,2.239,2.171,2.225,2232000.000,7341250.000
2012-08-24,2.241,2.255,2.207,2.248,4613800.000,15230874.000
2012-08-27,2.273,2.362,2.239,2.273,10583010.000,35613858.000
2012-08-28,2.295,2.391,2.295,2.350,12099900.000,41841003.000
2012-08-29,2.347,2.374,2.272,2.327,7590400.000,25875005.000
2012-08-30,2.342,2.349,2.301,2.328,2935000.000,10029058.000
2012-08-31,2.361,2.492,2.355,2.457,14371713.000,51226451.000
2012-09-03,2.464,2.560,2.402,2.539,14982931.000,55045277.000
2012-09-04,2.514,2.555,2.473,2.493,8728800.000,32242197.000
2012-09-05,2.493,2.527,2.445,2.465,6302000.000,22700982.000
2012-09-06,2.453,2.535,2.432,2.487,3014859.000,10888962.000
2012-09-07,2.545,2.613,2.538,2.600,6322074.000,23770725.000
2012-09-10,2.601,2.649,2.553,2.629,11793125.000,44904430.000
2012-09-11,2.635,2.669,2.601,2.614,5892000.000,22539750.000
2012-09-12,2.632,2.681,2.619,2.674,3803200.000,14660050.000
2012-09-13,2.675,2.716,2.647,2.696,7941149.000,31042626.000
2012-09-14,2.728,2.790,2.666,2.680,11929000.000,46937110.000
2012-09-17,2.711,2.711,2.525,2.566,15248000.000,57256135.000
2012-09-18,2.570,2.618,2.570,2.584,4587000.000,17333256.000
2012-09-19,2.570,2.605,2.522,2.570,9756812.000,36341617.000
2012-09-20,2.561,2.568,2.506,2.547,6535000.000,24211320.000
2012-09-21,2.547,2.581,2.499,2.526,2819000.000,10396050.000
2012-09-24,2.528,2.597,2.432,2.556,8583000.000,31651190.000
2012-09-25,2.545,2.600,2.517,2.579,5945400.000,22079822.000
2012-09-26,2.571,2.606,2.544,2.564,4534100.000,16864435.000
2012-09-27,2.540,2.602,2.540,2.595,1423000.000,5312200.000
2012-09-28,2.554,2.623,2.547,2.616,3370000.000,12777800.000
2012-10-03,2.648,2.724,2.614,2.669,6428000.000,24753140.000
2012-10-04,2.673,2.714,2.666,2.707,5161000.000,20115455.000
2012-10-05,2.704,2.718,2.656,2.677,2887006.000,11215843.000
2012-10-08,2.658,2.692,2.658,2.685,5059003.000,19679262.000
2012-10-09,2.725,2.815,2.719,2.739,7118400.000,28383170.000
2012-10-10,2.700,2.749,2.680,2.686,1112001.000,4345959.000
2012-10-11,2.674,2.723,2.633,2.654,1920995.000,7441630.000
2012-10-12,2.637,2.692,2.623,2.671,1720000.000,6648390.000
2012-10-15,2.671,2.671,2.630,2.657,766000.000,2956000.000
2012-10-16,2.660,2.770,2.632,2.770,13466459.000,53503650.000
2012-10-17,2.757,2.757,2.689,2.737,4777000.000,18943398.000
2012-10-18,2.731,2.758,2.717,2.751,5516000.000,22026670.000
2012-10-19,2.749,2.749,2.687,2.708,1037000.000,4091650.000
2012-10-22,2.685,2.761,2.685,2.754,4192000.000,16629440.000
2012-10-24,2.741,2.755,2.686,2.755,3060000.000,12152000.000
2012-10-25,2.752,2.820,2.662,2.738,6987040.000,27847155.000
2012-10-26,2.760,2.760,2.650,2.691,2602000.000,10220150.000
2012-10-29,2.652,2.687,2.632,2.652,1594000.000,6172590.000
2012-10-30,2.659,2.735,2.625,2.714,2409000.000,9504820.000
2012-10-31,2.660,2.840,2.660,2.826,12696000.000,51356355.000
2012-11-01,2.832,2.901,2.749,2.894,13199800.000,54084818.000
2012-11-02,2.974,2.974,2.905,2.933,8459000.000,35930570.000
2012-11-05,2.935,2.997,2.907,2.942,5393900.000,23002583.000
2012-11-06,2.958,3.027,2.923,2.965,5786000.000,24846770.000
2012-11-07,3.016,3.037,2.981,3.009,6606000.000,28702260.000
2012-11-08,2.980,3.057,2.946,3.001,6481002.000,27968151.000
2012-11-09,3.043,3.043,2.918,2.946,4170000.000,17763870.000
2012-11-12,2.949,2.976,2.838,2.942,3161000.000,13549490.000
2012-11-13,2.909,2.964,2.812,2.888,4196000.000,17538800.000
2012-11-14,2.898,3.015,2.849,3.015,5641000.000,24230220.000
2012-11-15,2.995,3.002,2.919,2.919,4454003.000,19065813.000
2012-11-16,3.013,3.013,2.868,2.951,10516000.000,44656545.000
2012-11-19,2.961,3.009,2.933,2.974,5321736.000,22912247.000
2012-11-20,2.977,3.122,2.977,3.039,12554000.000,55560357.000
2012-11-21,3.044,3.113,3.044,3.106,7812000.000,34716003.000
2012-11-22,3.121,3.351,3.100,3.309,13101840.000,60779080.000
2012-11-23,3.103,3.403,3.096,3.361,172337750.000,760011539.000
2012-11-26,3.405,3.454,3.266,3.308,14657000.000,70312217.000
2012-11-27,3.348,3.445,3.250,3.411,17324500.000,83582775.000
2012-11-28,3.418,3.425,3.321,3.383,13009634.000,62879387.000
2012-11-29,3.343,3.350,3.253,3.309,166807000.000,761734513.000
2012-11-30,3.350,3.594,3.336,3.517,40412604.000,202651061.000
2012-12-03,3.547,3.603,3.498,3.526,24815241.000,126156063.000
2012-12-04,3.513,3.548,3.451,3.479,11690012.000,59292578.000
2012-12-05,3.567,3.715,3.532,3.658,20684008.000,107964902.000
2012-12-06,3.676,3.824,3.676,3.683,16494410.000,88439653.000
2012-12-07,3.677,3.838,3.677,3.782,16251004.000,87454444.000
2012-12-10,3.799,3.989,3.792,3.841,16515732.000,91219202.000
2012-12-11,3.831,3.838,3.614,3.691,21662800.000,113890072.000
2012-12-12,3.720,3.769,3.664,3.720,20975000.000,111084271.000
2012-12-13,3.745,3.780,3.521,3.570,10993000.000,57122810.000
2012-12-14,3.572,3.649,3.537,3.572,15796005.000,81085006.000
2012-12-17,3.559,3.671,3.545,3.615,15828000.000,81581875.000
2012-12-18,3.626,3.865,3.626,3.795,37622002.000,203246506.000
2012-12-19,3.848,3.848,3.673,3.771,12961018.000,69085444.000
2012-12-20,3.787,3.815,3.689,3.794,12426000.000,66710830.000
2012-12-21,3.796,3.838,3.747,3.817,11447800.000,61683164.000
2012-12-24,3.771,3.841,3.771,3.827,2746000.000,14801165.000
2012-12-27,3.859,4.021,3.859,3.979,15091000.000,85084165.000
2012-12-28,4.005,4.182,3.998,4.140,16019100.000,93214835.000
2012-12-31,4.165,4.278,4.150,4.242,14652000.000,87648080.000
2013-01-02,4.247,4.367,4.247,4.317,18983412.000,115341332.000
2013-01-03,4.362,4.397,4.319,4.355,16765000.000,103338524.000
2013-01-04,4.316,4.365,4.195,4.351,16685003.000,101655853.000
2013-01-07,4.325,4.773,4.311,4.709,29731528.000,193521387.000
2013-01-08,4.669,4.861,4.583,4.854,24853610.000,165463380.000
2013-01-09,4.848,5.147,4.777,5.019,42061000.000,294737485.000
2013-01-10,5.005,5.069,4.692,4.784,19604500.000,134481470.000
2013-01-11,4.789,4.853,4.534,4.704,23555020.000,153254197.000
2013-01-14,4.801,5.057,4.737,4.986,21532406.000,150144118.000
2013-01-15,4.978,5.077,4.871,4.971,15081004.000,105469356.000
2013-01-16,4.988,5.037,4.824,4.945,13414000.000,93138475.000
2013-01-17,4.902,4.959,4.710,4.767,14509000.000,98196902.000
2013-01-18,4.792,5.034,4.792,5.020,20761400.000,144259121.000
2013-01-21,5.028,5.178,5.007,5.128,21500700.000,154410646.000
2013-01-22,4.688,4.830,4.667,4.724,405503100.000,2716153726.000
2013-01-23,4.758,4.801,4.687,4.751,44863567.000,300208838.000
2013-01-24,4.787,4.808,4.709,4.723,19620000.000,131455495.000
2013-01-25,4.712,4.755,4.373,4.380,34217305.000,218356842.000
2013-01-28,4.457,4.706,4.365,4.642,37222000.000,238082830.000
2013-01-29,4.619,4.754,4.619,4.725,19549400.000,128808821.000
2013-01-30,4.757,4.792,4.600,4.721,19380001.000,127650616.000
2013-01-31,4.665,4.693,4.452,4.466,21335000.000,136269311.000
2013-02-01,4.467,4.545,4.290,4.403,38869000.000,241770585.000
2013-02-04,4.451,4.493,4.288,4.345,13674000.000,84687548.000
2013-02-05,4.305,4.319,4.177,4.262,22744500.000,137058217.000
2013-02-06,4.312,4.432,4.199,4.227,25360000.000,154121605.000
2013-02-07,4.192,4.241,3.875,3.973,50737508.000,286957333.000
2013-02-08,3.973,4.072,3.917,3.973,20024001.000,113860486.000
2013-02-14,4.023,4.284,4.023,4.220,12982500.000,77035525.000
2013-02-15,4.249,4.362,4.192,4.348,10468000.000,63222103.000
2013-02-18,4.339,4.381,4.120,4.155,17638000.000,104697476.000
2013-02-19,4.145,4.201,3.864,3.871,26502000.000,148866620.000
2013-02-20,3.897,3.932,3.749,3.841,26161000.000,142536030.000
2013-02-21,3.802,4.049,3.781,3.985,33371000.000,187662435.000
2013-02-22,3.963,4.146,3.914,4.076,27289804.000,158241099.000
2013-02-25,4.099,4.120,3.923,3.980,12884012.000,72812926.000
2013-02-26,3.906,4.018,3.906,3.948,14426618.000,81386245.000
2013-02-27,3.957,4.035,3.908,4.020,19679008.000,111484865.000
2013-02-28,4.101,4.256,4.094,4.242,22806999.000,136030124.000
2013-03-01,4.238,4.252,4.089,4.132,13639120.000,80258678.000
2013-03-04,4.022,4.022,3.672,3.700,38092076.000,204674406.000
2013-03-05,3.731,3.822,3.710,3.773,19415040.000,104138345.000
2013-03-06,3.832,3.881,3.797,3.860,12627000.000,69316980.000
2013-03-07,3.862,3.897,3.799,3.862,9441918.000,51764955.000
2013-03-08,3.847,3.903,3.616,3.693,18108018.000,96412136.000
2013-03-11,3.663,3.684,3.502,3.509,26132000.000,133604285.000
2013-03-12,3.519,3.652,3.498,3.568,19694000.000,100406775.000
2013-03-13,3.547,3.547,3.248,3.283,50345000.000,241315255.000
2013-03-14,3.287,3.343,3.183,3.336,34597028.000,161769084.000
2013-03-15,3.323,3.323,3.101,3.177,32518000.000,150264848.000
2013-03-18,3.132,3.340,3.069,3.326,41005994.000,192363375.000
2013-03-19,3.417,3.774,3.410,3.641,48776000.000,251024700.000
2013-03-20,3.589,3.870,3.589,3.863,24720089.000,133448215.000
2013-03-21,3.820,3.974,3.785,3.834,18466000.000,102210650.000
2013-03-22,3.757,3.834,3.715,3.743,10961000.000,59131645.000
2013-03-25,3.848,4.037,3.848,3.988,15793000.000,89172550.000
2013-03-26,3.782,3.887,3.635,3.803,24819007.000,133683334.000
2013-03-27,3.905,4.088,3.842,4.074,28306000.000,159288953.000
2013-03-28,4.044,4.044,3.778,3.834,16681000.000,92214111.000
2013-04-02,3.833,3.973,3.833,3.959,16739203.000,93926035.000
2013-04-03,4.000,4.204,4.000,4.162,20075066.000,117998601.000
2013-04-05,4.141,4.141,3.785,3.834,20575371.000,113771507.000
2013-04-08,3.847,3.896,3.742,3.805,18533000.000,101124380.000
2013-04-09,3.854,3.945,3.840,3.924,7838016.000,43635623.000
2013-04-10,3.946,3.988,3.827,3.904,6321681.000,35269769.000
2013-04-11,3.980,4.029,3.903,3.959,12603006.000,71556086.000
2013-04-12,3.949,3.949,3.865,3.872,7292000.000,40751889.000
2013-04-15,3.859,3.963,3.810,3.921,9748001.000,54063351.000
2013-04-16,3.847,4.169,3.840,4.134,23991000.000,138527001.000
2013-04-17,4.217,4.336,4.057,4.071,21822000.000,132094178.000
2013-04-18,4.072,4.290,4.044,4.276,13257014.000,80097687.000
2013-04-19,4.311,4.480,4.227,4.445,21468511.000,134758416.000
2013-04-22,4.435,4.611,4.435,4.498,18391007.000,117867559.000
2013-04-23,4.458,4.493,4.269,4.346,12619002.000,77978257.000
2013-04-24,4.367,4.466,4.241,4.452,19346000.000,119823646.000
2013-04-25,4.458,4.493,4.381,4.416,11841000.000,74836986.000
2013-04-26,4.398,4.405,4.202,4.209,16298000.000,99427875.000
2013-04-29,4.256,4.453,4.242,4.432,18073000.000,112781665.000
2013-04-30,4.486,4.570,4.381,4.388,13042002.000,82653133.000
2013-05-02,4.383,4.495,4.348,4.425,15904203.000,100776636.000
2013-05-03,4.452,4.508,4.270,4.319,14654705.000,92017614.000
2013-05-06,4.381,4.479,4.360,4.458,18993000.000,119801871.000
2013-05-07,4.507,4.535,4.430,4.507,8894200.000,56752675.000
2013-05-08,4.509,4.564,4.334,4.425,15868000.000,100776222.000
2013-05-09,4.416,4.430,4.291,4.311,8057000.000,50086020.000
2013-05-10,4.362,4.404,4.299,4.362,8965000.000,55755630.000
2013-05-13,4.397,4.397,4.299,4.299,8974500.000,55602163.000
2013-05-14,4.278,4.369,4.236,4.341,9168348.000,56502390.000
2013-05-15,4.272,4.363,4.182,4.209,10983200.000,67156199.000
2013-05-16,4.219,4.219,4.052,4.115,10525000.000,62326970.000
2013-05-20,4.188,4.383,4.181,4.307,20405510.000,126026224.000
2013-05-21,4.289,4.345,3.900,4.049,50824500.000,288765900.000
2013-05-22,4.137,4.207,4.080,4.108,18195000.000,106141352.000
2013-05-23,4.111,4.175,3.934,4.111,14662220.000,84254173.000
2013-05-24,4.130,4.130,3.995,4.024,10984000.000,62648960.000
2013-05-27,4.024,4.095,3.883,3.961,8011000.000,45117229.000
2013-05-28,3.953,4.129,3.917,4.094,7282000.000,41839140.000
2013-05-29,4.093,4.114,4.001,4.037,5045300.000,28828075.000
2013-05-30,4.053,4.068,3.948,3.983,6520007.000,37003075.000
2013-05-31,3.980,4.050,3.888,3.937,6751002.000,38024061.000
2013-06-03,4.019,4.146,3.991,4.019,22268008.000,128623041.000
2013-06-04,4.071,4.241,4.071,4.191,27675124.000,163058903.000
2013-06-05,4.207,4.292,4.129,4.179,16979106.000,101334461.000
2013-06-06,4.133,4.196,4.048,4.111,11912000.000,69309245.000
2013-06-07,4.098,4.154,3.986,4.000,8384268.000,48455089.000
2013-06-10,4.060,4.060,3.821,3.934,17966755.000,99660423.000
2013-06-11,3.945,3.945,3.826,3.868,7206000.000,39723675.000
2013-06-13,3.835,3.835,3.611,3.646,18112002.000,95025499.000
2013-06-14,3.723,3.871,3.709,3.808,9989000.000,54281701.000
2013-06-17,3.800,3.933,3.800,3.919,10947000.000,60615490.000
2013-06-18,3.941,4.025,3.870,4.011,8579000.000,48109357.000
2013-06-19,4.021,4.021,3.796,3.866,9099821.000,49986716.000
2013-06-20,3.834,3.834,3.644,3.728,5804653.000,30849175.000
2013-06-21,3.652,3.652,3.532,3.623,26032000.000,133482295.000
2013-06-24,3.582,3.582,3.260,3.337,21394029.000,102501881.000
2013-06-25,3.283,3.381,2.893,3.151,55502033.000,250457579.000
2013-06-26,3.250,3.362,3.229,3.306,35512500.000,166503420.000
2013-06-27,3.287,3.434,3.287,3.336,13931100.000,66903365.000
2013-06-28,3.361,3.634,3.361,3.564,26793000.000,135487897.000
2013-07-02,3.609,3.609,3.441,3.490,19749718.000,99903377.000
2013-07-03,3.447,3.447,2.958,3.154,40215614.000,182178738.000
2013-07-04,3.220,3.360,3.088,3.269,17125000.000,79856199.000
2013-07-05,3.308,3.420,3.280,3.308,17598001.000,84016010.000
2013-07-08,3.358,3.491,3.169,3.449,14557604.000,68891654.000
2013-07-09,3.441,3.497,3.315,3.378,8983000.000,43430650.000
2013-07-10,3.342,3.475,3.294,3.461,12559000.000,61066817.000
2013-07-11,3.576,3.737,3.576,3.730,22989000.000,121218797.000
2013-07-12,3.786,3.786,3.639,3.681,20045000.000,105464203.000
2013-07-15,3.682,3.822,3.654,3.668,8307000.000,44374962.000
2013-07-16,3.667,3.744,3.513,3.618,10713000.000,55032101.000
2013-07-17,3.609,3.770,3.574,3.623,9129000.000,47870452.000
2013-07-18,3.688,3.737,3.666,3.723,6126000.000,32383291.000
2013-07-19,3.675,3.766,3.549,3.577,10612000.000,55191515.000
2013-07-22,3.603,3.617,3.428,3.435,11011000.000,54962071.000
2013-07-23,3.466,3.669,3.452,3.662,11882003.000,61224276.000
2013-07-24,3.653,3.793,3.632,3.779,8662000.000,45956305.000
2013-07-25,3.743,3.877,3.729,3.835,7415005.000,40260487.000
2013-07-26,3.865,3.879,3.766,3.773,6576168.000,35633104.000
2013-07-29,3.773,3.857,3.590,3.625,8999000.000,47665375.000
2013-07-30,3.633,3.738,3.633,3.717,6094000.000,32032500.000
2013-07-31,3.756,4.144,3.756,3.939,44440884.000,250071775.000
2013-08-01,4.022,4.149,4.001,4.079,19754521.000,114025710.000
2013-08-02,4.160,4.245,4.089,4.124,24449056.000,143763885.000
2013-08-05,4.165,4.257,4.094,4.144,9585400.000,56597419.000
2013-08-06,4.117,4.117,4.004,4.039,9196000.000,52752683.000
2013-08-07,4.059,4.115,3.862,3.876,20818000.000,118090297.000
2013-08-08,3.872,4.027,3.872,3.985,13986000.000,78658835.000
2013-08-09,4.057,4.120,4.022,4.071,14024200.000,80929176.000
2013-08-12,4.076,4.217,4.034,4.196,13850000.000,81647498.000
2013-08-13,4.192,4.475,4.150,4.404,40540000.000,251083574.000
2013-08-15,4.412,4.476,4.067,4.095,48697372.000,291760355.000
2013-08-16,4.078,4.184,3.973,4.064,25204372.000,144838981.000
2013-08-19,4.066,4.158,4.024,4.066,10109000.000,58929415.000
2013-08-20,4.059,4.122,3.848,3.897,15436000.000,87318705.000
2013-08-21,3.934,3.941,3.780,3.808,18513000.000,100708684.000
2013-08-22,3.771,3.911,3.693,3.890,14878063.000,80631248.000
2013-08-23,3.941,3.976,3.842,3.898,11856000.000,65647230.000
2013-08-26,3.952,3.952,3.860,3.867,7635000.000,42164910.000
2013-08-27,3.878,4.153,3.829,4.132,27119000.000,155898330.000
2013-08-28,3.997,4.004,3.779,3.814,36625946.000,200876253.000
2013-08-29,3.812,3.910,3.812,3.875,9630000.000,53102665.000
2013-08-30,3.888,3.902,3.804,3.832,6848000.000,37256700.000
2013-09-02,3.887,3.922,3.781,3.795,12285248.000,67006149.000
2013-09-03,3.841,3.898,3.827,3.863,12014000.000,66004120.000
2013-09-04,3.884,3.898,3.806,3.856,7262100.000,39844844.000
2013-09-05,3.822,3.822,3.612,3.626,48692000.000,254340943.000
2013-09-06,3.622,3.720,3.601,3.650,34432000.000,179783998.000
2013-09-09,3.671,3.791,3.671,3.777,20609883.000,110169743.000
2013-09-10,3.830,3.915,3.802,3.908,19689000.000,108309080.000
2013-09-11,3.945,3.952,3.748,3.804,15488005.000,84188301.000
2013-09-12,3.768,3.782,3.642,3.656,19719000.000,103734584.000
2013-09-13,3.639,3.653,3.457,3.604,21412000.000,108309463.000
2013-09-16,3.636,3.650,3.510,3.559,14893000.000,75525325.000
2013-09-17,3.586,3.614,3.509,3.523,9927000.000,50400490.000
2013-09-18,3.570,3.570,3.493,3.500,8851000.000,44553255.000
2013-09-19,3.665,3.665,3.532,3.567,19098521.000,98027335.000
2013-09-23,3.525,3.587,3.462,3.497,8918000.000,44829550.000
2013-09-24,3.488,3.516,3.453,3.460,10704300.000,53397135.000
2013-09-25,3.449,3.525,3.449,3.483,17126298.000,85879120.000
2013-09-26,3.511,3.511,3.365,3.372,16246000.000,79541625.000
2013-09-27,3.433,3.482,3.398,3.461,11925856.000,58891385.000
2013-09-30,3.455,3.518,3.357,3.511,13097000.000,64954853.000
2013-10-02,3.516,3.544,3.446,3.467,18694000.000,93419309.000
2013-10-03,3.479,3.598,3.479,3.577,17652000.000,90057188.000
2013-10-04,3.575,3.575,3.498,3.547,8600000.000,43756258.090
2013-10-07,3.553,3.560,3.504,3.525,10159886.000,51353723.050
2013-10-08,3.570,3.843,3.528,3.843,44150000.000,236373630.000
2013-10-09,3.820,3.820,3.736,3.778,19644000.000,106206595.000
2013-10-10,3.821,3.821,3.681,3.765,8069000.000,43317130.000
2013-10-11,3.822,3.836,3.745,3.787,12887005.000,69862536.750
2013-10-15,3.824,3.824,3.712,3.740,14719005.000,79246287.350
2013-10-16,3.736,3.743,3.590,3.659,13783006.000,72105941.740
2013-10-17,3.661,3.731,3.619,3.668,9370000.000,49178290.000
2013-10-18,3.669,3.669,3.579,3.628,7383500.000,38321295.000
2013-10-21,3.628,3.691,3.558,3.656,8229000.000,42947057.000
2013-10-22,3.694,3.729,3.645,3.659,5927000.000,31282425.000
2013-10-23,3.656,3.705,3.531,3.538,10664000.000,55008980.000
2013-10-24,3.501,3.543,3.459,3.494,11683000.000,58616597.000
2013-10-25,3.489,3.565,3.482,3.531,11878000.000,60163775.000
2013-10-28,3.546,3.587,3.539,3.546,15557386.000,79431093.860
2013-10-29,3.555,3.590,3.528,3.555,12483000.000,63818460.000
2013-10-30,3.577,3.717,3.570,3.682,18990000.000,98992600.000
2013-10-31,3.736,3.882,3.652,3.764,27646000.000,149792330.000
2013-11-01,3.770,3.889,3.770,3.882,23992000.000,131518979.700
2013-11-04,3.917,3.945,3.644,3.672,16264000.000,86691650.000
2013-11-05,3.674,3.716,3.611,3.618,16973000.000,88756270.000
2013-11-06,3.635,3.705,3.622,3.649,8567000.000,44928305.000
2013-11-07,3.648,3.697,3.599,3.641,3556000.000,18500380.000
2013-11-08,3.618,3.618,3.527,3.562,10770769.000,55281054.110
2013-11-11,3.559,3.607,3.538,3.593,5342457.000,27306533.980
2013-11-12,3.602,3.602,3.519,3.533,7704000.000,39250617.000
2013-11-13,3.530,3.551,3.481,3.502,9377000.000,47111595.000
2013-11-14,3.537,3.544,3.509,3.530,6349000.000,32107310.000
2013-11-15,3.563,3.654,3.549,3.612,7847000.000,40772990.000
2013-11-18,3.666,3.806,3.666,3.750,24351000.000,129924860.000
2013-11-19,3.743,3.778,3.604,3.618,17889600.000,94279584.000
2013-11-20,3.626,3.723,3.626,3.654,13477000.000,71132265.000
2013-11-21,3.654,3.654,3.543,3.592,14883000.000,76156194.000
2013-11-22,3.592,3.620,3.557,3.585,5018267.000,25761915.730
2013-11-25,3.637,3.637,3.512,3.554,22801000.000,115808530.000
2013-11-26,3.548,3.597,3.534,3.569,6515000.000,33332050.000
2013-11-27,3.555,3.618,3.513,3.604,11743000.000,59887040.000
2013-11-28,3.630,3.630,3.540,3.554,12220803.000,62609972.420
2013-11-29,3.554,3.603,3.547,3.582,9960000.000,51060922.000
2013-12-02,3.595,3.602,3.546,3.553,5884000.000,30149795.000
2013-12-03,3.538,3.565,3.468,3.496,13134020.000,66118062.600
2013-12-04,3.474,3.481,3.377,3.391,20143800.000,99112020.000
2013-12-05,3.388,3.513,3.360,3.479,8627300.000,42884550.000
2013-12-06,3.464,3.464,3.360,3.416,16040200.000,78250334.000
2013-12-09,3.442,3.442,3.324,3.366,6212000.000,30082902.600
2013-12-10,3.375,3.375,3.271,3.271,8091000.000,38676695.000
2013-12-11,3.268,3.275,3.220,3.227,13444000.000,63006742.000
2013-12-12,3.218,3.246,3.121,3.190,18477000.000,84982144.000
2013-12-13,3.240,3.316,3.205,3.316,5971700.000,28355937.000
2013-12-16,3.265,3.369,3.251,3.286,7145309.000,34244494.720
2013-12-17,3.286,3.363,3.273,3.314,8204000.000,39259699.000
2013-12-18,3.391,3.391,3.288,3.329,5956000.000,28649531.000
2013-12-19,3.351,3.386,3.275,3.282,5655000.000,27229155.000
2013-12-20,3.304,3.318,3.131,3.180,12025000.000,55141957.000
2013-12-23,3.170,3.225,3.149,3.170,4400000.000,20278959.000
2013-12-24,3.199,3.206,3.137,3.206,2402000.000,11070644.000
2013-12-27,3.185,3.212,3.137,3.164,5568000.000,25561210.000
2013-12-30,3.163,3.308,3.129,3.163,7549000.000,34654475.000
2013-12-31,3.162,3.204,3.086,3.204,11076000.000,50956440.000
2014-01-02,3.210,3.348,3.161,3.306,6601284.000,31163443.440
2014-01-03,3.256,3.256,3.159,3.221,5493000.000,25458014.000
2014-01-06,3.174,3.174,3.071,3.092,6792000.000,30644214.000
2014-01-07,3.097,3.125,3.091,3.091,2907000.000,13105151.000
2014-01-08,3.103,3.372,3.103,3.303,16690000.000,77369015.000
2014-01-09,3.348,3.535,3.320,3.480,36278000.000,181865580.000
2014-01-10,3.491,3.560,3.415,3.547,13841000.000,69560219.000
2014-01-13,3.576,3.597,3.445,3.514,9777000.000,49562131.000
2014-01-14,3.494,3.494,3.363,3.411,11419000.000,56158490.000
2014-01-15,3.423,3.464,3.395,3.409,8253000.000,40752095.000
2014-01-16,3.427,3.462,3.386,3.434,7123000.000,35315830.000
2014-01-17,3.434,3.441,3.317,3.324,6423000.000,31238415.000
2014-01-20,3.321,3.341,3.189,3.238,17751000.000,83283590.000
2014-01-21,3.201,3.277,3.194,3.215,15599000.000,73069125.000
2014-01-22,3.242,3.491,3.214,3.456,23211000.000,113624310.000
2014-01-23,3.481,3.530,3.364,3.384,8663000.000,42668307.000
2014-01-24,3.336,3.419,3.295,3.343,10868000.000,52727360.000
2014-01-27,3.293,3.307,3.196,3.217,7887000.000,36944635.000
2014-01-28,3.187,3.298,3.187,3.291,4312000.000,20427015.000
2014-01-29,3.335,3.362,3.273,3.314,3997000.000,19144360.000
2014-01-30,3.274,3.281,3.205,3.225,5156000.000,24209220.000
2014-02-04,3.221,3.221,3.118,3.146,6435400.000,29381304.000
2014-02-05,3.198,3.239,3.081,3.095,6439100.000,29202666.000
2014-02-06,3.098,3.194,3.098,3.160,9104800.000,41595326.000
2014-02-07,3.211,3.287,3.211,3.259,4226021.000,19928729.330
2014-02-10,3.262,3.290,3.200,3.200,4283000.000,20077820.000
2014-02-11,3.237,3.334,3.217,3.251,6236900.000,29671785.000
2014-02-12,3.287,3.426,3.287,3.412,13117600.000,64214009.000
2014-02-13,3.382,3.403,3.313,3.347,5479000.000,26492455.000
2014-02-14,3.337,3.364,3.288,3.302,4154000.000,19914635.000
2014-02-17,3.314,3.342,3.259,3.273,5883000.000,28003605.000
2014-02-18,3.261,3.309,3.233,3.289,5412197.000,25575003.720
2014-02-19,3.281,3.302,3.226,3.247,5450000.000,25648433.000
2014-02-20,3.281,3.281,3.191,3.212,3025000.000,14118710.000
2014-02-21,3.253,3.253,3.163,3.170,2904000.000,13437760.000
2014-02-24,3.147,3.147,2.783,2.886,42255000.000,176707160.000
2014-02-25,2.876,2.917,2.677,2.732,30346000.000,123527720.000
2014-02-26,2.775,2.892,2.734,2.885,21098000.000,86037389.000
2014-02-27,2.845,2.873,2.763,2.777,12490000.000,50828630.000
2014-02-28,2.834,2.855,2.779,2.820,15016000.000,61462148.000
2014-03-03,2.810,2.810,2.734,2.782,7228000.000,29235274.000
2014-03-04,2.792,2.834,2.758,2.799,10321000.000,42131205.000
2014-03-05,2.811,2.811,2.701,2.749,8372000.000,33606495.000
2014-03-06,2.780,2.849,2.718,2.808,20842000.000,84767335.000
2014-03-07,2.814,2.835,2.711,2.732,10380500.000,41658610.000
2014-03-10,2.623,2.726,2.603,2.671,9461600.000,36704719.000
2014-03-11,2.691,2.725,2.568,2.650,18427000.000,70818152.000
2014-03-12,2.651,2.740,2.555,2.665,11721691.000,45580550.800
2014-03-13,2.643,2.705,2.630,2.671,14041000.000,54841562.310
2014-03-14,2.621,2.669,2.553,2.642,9432500.000,36085894.000
2014-03-17,2.629,2.642,2.560,2.567,5326900.000,20131548.000
2014-03-18,2.568,2.589,2.520,2.568,6272000.000,23330580.000
2014-03-19,2.562,2.562,2.432,2.467,10340000.000,37475770.000
2014-03-20,2.433,2.535,2.433,2.515,6939000.000,25356275.000
2014-03-21,2.542,2.762,2.529,2.728,16515800.000,64334086.000
2014-03-24,2.751,2.765,2.655,2.751,9887500.000,39281047.000
2014-03-25,2.883,2.883,2.684,2.684,22648700.000,91820284.000
2014-03-26,2.728,2.963,2.707,2.963,25921143.000,108407876.310
2014-03-27,2.925,2.960,2.836,2.905,16713000.000,70024744.400
2014-03-28,2.909,2.971,2.888,2.957,10846000.000,46041350.000
2014-03-31,2.975,3.127,2.878,3.120,17807200.000,77976291.000
2014-04-01,3.095,3.178,3.032,3.171,11495800.000,51554089.690
2014-04-02,3.159,3.402,3.159,3.360,38048300.000,182645256.000
2014-04-03,3.345,3.380,3.262,3.304,19190000.000,91257387.000
2014-04-04,3.287,3.399,3.218,3.357,13115000.000,62173788.000
2014-04-07,3.296,3.373,3.220,3.262,10305000.000,48790450.000
2014-04-08,3.248,3.318,3.214,3.297,10342309.000,48857648.760
2014-04-09,3.270,3.409,3.270,3.340,10977500.000,52760165.000
2014-04-10,3.305,3.375,3.291,3.333,10048000.000,47964480.000
2014-04-11,3.262,3.352,3.179,3.186,9143500.000,42580289.000
2014-04-14,3.211,3.266,3.169,3.225,6191000.000,28715186.000
2014-04-15,3.240,3.254,3.046,3.095,11722000.000,52257380.000
2014-04-16,3.091,3.111,2.987,3.007,9357600.000,40823938.000
2014-04-17,3.015,3.168,3.015,3.161,7784895.000,34839275.900
2014-04-22,3.113,3.113,2.940,3.009,7354200.000,31755915.000
2014-04-23,3.049,3.049,2.958,2.965,5817000.000,25093505.000
2014-04-24,2.938,3.056,2.883,2.987,10701000.000,46155168.000
2014-04-25,2.992,2.992,2.833,2.847,9644000.000,40178690.000
2014-04-28,2.823,2.871,2.671,2.692,14106200.000,56403215.200
2014-04-29,2.745,2.794,2.704,2.780,8450300.000,33589826.000
2014-04-30,2.790,2.825,2.701,2.715,14197000.000,56184253.000
2014-05-02,2.746,2.802,2.712,2.781,7259305.000,28975662.950
2014-05-05,2.771,2.771,2.620,2.634,9414500.000,36201871.000
2014-05-07,2.641,2.661,2.483,2.538,20016400.000,73587642.000
2014-05-08,2.579,2.627,2.503,2.524,8121000.000,30432460.000
2014-05-09,2.538,2.552,2.490,2.518,10595600.000,38825310.000
2014-05-12,2.571,2.702,2.537,2.688,8730200.000,33648141.000
2014-05-13,2.735,2.922,2.701,2.894,15359000.000,62939965.000
2014-05-14,2.900,2.990,2.845,2.859,18870000.000,79279635.000
2014-05-16,2.790,2.790,2.611,2.659,32742000.000,126948740.000
2014-05-19,2.652,2.686,2.631,2.652,9043600.000,34833914.000
2014-05-20,2.662,2.662,2.593,2.600,16932200.000,64581039.000
2014-05-21,2.630,2.630,2.527,2.586,13297250.000,46943886.500
2014-05-22,2.608,2.645,2.542,2.586,11561000.000,40566109.000
2014-05-23,2.631,2.837,2.609,2.800,51103300.000,193821966.000
2014-05-26,2.830,2.882,2.735,2.786,15341000.000,58074337.000
2014-05-27,2.808,2.874,2.771,2.815,14446300.000,55179558.000
2014-05-28,2.837,2.889,2.823,2.852,20241950.000,78911994.500
2014-05-29,2.853,2.882,2.786,2.882,11255300.000,43334258.000
2014-05-30,2.904,2.977,2.845,2.940,12697000.000,50387196.000
2014-06-03,2.992,3.014,2.948,2.963,11298516.000,45708817.840
2014-06-04,2.911,2.977,2.860,2.911,7839000.000,31037620.000
2014-06-05,2.948,3.015,2.919,2.993,11036000.000,44734676.000
2014-06-06,3.011,3.084,3.003,3.047,10977000.000,45668700.000
2014-06-09,3.040,3.040,2.975,3.004,6558000.000,26901041.000
2014-06-10,3.076,3.076,2.995,3.039,9218613.000,38220218.300
2014-06-11,3.057,3.057,2.932,2.998,6051600.000,24659077.000
2014-06-12,2.984,3.057,2.932,2.976,6164000.000,25155150.000
2014-06-13,2.990,3.093,2.968,3.078,15167000.000,63256868.000
2014-06-16,3.080,3.205,3.051,3.146,14903000.000,64131840.000
2014-06-17,3.160,3.197,3.102,3.138,8272000.000,35504185.000
2014-06-18,3.096,3.206,3.096,3.140,8552000.000,36973632.000
2014-06-19,3.109,3.175,2.970,3.014,12269000.000,50810370.000
2014-06-20,2.999,3.072,2.970,3.014,10276600.000,42328555.000
2014-06-23,3.045,3.081,2.971,2.993,8999000.000,37096986.780
2014-06-24,3.015,3.044,2.934,2.985,5567000.000,22592090.000
2014-06-25,3.000,3.037,2.964,3.000,5637000.000,23055020.000
2014-06-26,3.036,3.058,2.970,3.044,6754000.000,27871543.100
2014-06-27,3.007,3.102,2.992,3.095,5622000.000,23410330.000
2014-06-30,3.080,3.278,3.080,3.219,13197000.000,57117960.000
2014-07-02,3.242,3.389,3.184,3.374,17028000.000,76636824.000
2014-07-03,3.230,3.376,3.215,3.354,253203637.000,1100174655.360
2014-07-04,3.380,3.578,3.358,3.563,54097000.000,256290666.930
2014-07-07,3.528,3.697,3.344,3.535,43925800.000,212560228.000
2014-07-08,3.511,3.562,3.379,3.445,27025637.000,126641706.790
2014-07-09,3.412,3.486,3.361,3.427,15490000.000,72568965.000
2014-07-10,3.479,3.559,3.428,3.486,19504007.000,93080946.170
2014-07-11,3.480,3.488,3.407,3.422,8833000.000,41571144.000
2014-07-14,3.415,3.525,3.408,3.518,12620000.000,59894108.000
2014-07-15,3.503,3.657,3.489,3.621,17800000.000,87351760.000
2014-07-16,3.623,3.682,3.579,3.660,13346000.000,66277455.000
2014-07-17,3.669,3.691,3.485,3.544,27606600.000,134682138.000
2014-07-18,3.522,3.669,3.486,3.669,20613235.000,101091635.950
2014-07-21,3.631,3.785,3.558,3.726,25403000.000,128489148.000
2014-07-22,3.748,3.887,3.689,3.851,28548911.000,149219717.200
2014-07-23,3.845,4.036,3.845,4.006,37685264.000,204504928.600
2014-07-24,4.044,4.293,4.029,4.220,62196021.000,354532564.960
2014-07-25,4.229,4.302,4.089,4.266,29728437.000,169895919.290
2014-07-28,4.268,4.554,4.253,4.547,47312120.000,284090499.400
2014-07-29,4.480,4.517,4.304,4.487,38034475.000,230900436.420
2014-07-30,4.482,4.512,4.313,4.387,43082000.000,257936355.940
2014-07-31,4.374,4.749,4.359,4.698,41687400.000,258982860.000
2014-08-01,4.669,4.808,4.566,4.632,28544200.000,182068141.000
2014-08-04,4.770,4.770,4.572,4.638,12228078.000,77421557.420
2014-08-05,4.637,4.637,4.351,4.446,39773000.000,239168749.220
2014-08-06,4.411,4.441,4.301,4.367,17404272.000,103464539.020
2014-08-07,4.337,4.498,4.241,4.329,19211456.000,114617788.640
2014-08-08,4.402,4.527,4.373,4.512,27489000.000,166504444.000
2014-08-11,4.546,4.986,4.531,4.927,50818097.000,337218142.250
2014-08-12,4.890,4.978,4.795,4.949,26390400.000,177576414.000
2014-08-13,4.935,5.009,4.730,4.913,38258000.000,255873014.000
2014-08-14,4.826,4.929,4.819,4.856,13946900.000,92851812.000
2014-08-15,4.826,4.929,4.760,4.782,19463600.000,128467160.000
2014-08-18,4.781,4.840,4.635,4.686,24509800.000,157142289.000
2014-08-19,4.644,4.761,4.563,4.644,19827000.000,125517329.060
2014-08-20,4.661,4.749,4.624,4.697,6878600.000,43995991.000
2014-08-21,4.885,4.914,4.672,4.687,10134000.000,65836025.000
2014-08-22,4.730,4.774,4.620,4.649,6122000.000,38917017.000
2014-08-25,4.600,4.622,4.402,4.534,18016000.000,110196035.000
2014-08-26,4.483,4.807,4.483,4.748,24912000.000,161092068.000
2014-08-27,4.667,4.667,4.527,4.630,17718200.000,110835874.000
2014-08-28,4.643,4.643,4.342,4.357,24528901.000,147523971.450
2014-08-29,4.365,4.468,4.277,4.416,9158000.000,54880117.000
2014-09-01,4.374,4.514,4.323,4.374,9978000.000,59809484.000
2014-09-02,4.411,4.470,4.331,4.389,12658000.000,75726810.000
2014-09-03,4.493,4.692,4.427,4.515,24700000.000,153540310.000
2014-09-04,4.550,4.858,4.542,4.829,29105400.000,188250254.000
2014-09-05,4.987,4.987,4.847,4.862,20170000.000,135232017.000
2014-09-08,4.906,5.001,4.803,4.818,9293351.000,61336812.460
2014-09-10,4.832,4.883,4.634,4.664,24822697.000,159586847.260
2014-09-11,4.680,4.783,4.666,4.695,8343182.000,53629501.600
2014-09-12,4.726,4.857,4.704,4.799,17662336.000,114942896.140
2014-09-15,4.724,4.724,4.556,4.607,13776993.000,87092469.940
2014-09-16,4.608,4.717,4.549,4.571,9893789.000,62369034.050
2014-09-17,4.599,4.665,4.489,4.497,13820635.000,85855356.450
2014-09-18,4.470,4.544,4.324,4.331,21754000.000,129975565.000
2014-09-19,4.431,4.438,4.263,4.270,26972264.000,158782411.200
2014-09-22,4.323,4.353,4.067,4.125,22051951.000,124813496.460
2014-09-23,4.110,4.388,4.110,4.190,37286513.000,217697920.700
2014-09-24,4.255,4.541,4.255,4.446,12217311.000,73838747.410
2014-09-25,4.456,4.602,4.448,4.470,13981962.000,85775103.640
2014-09-26,4.463,4.470,4.213,4.294,16137040.000,94805784.280
2014-09-29,4.211,4.292,4.109,4.233,14151000.000,81009130.000
2014-09-30,4.246,4.304,4.143,4.304,12714685.000,73344011.700
2014-10-03,4.378,4.846,4.378,4.832,50353981.000,319280194.620
2014-10-06,4.868,4.868,4.634,4.656,25711718.000,165970154.700
2014-10-07,4.744,4.780,4.575,4.649,17597240.000,111467421.400
2014-10-08,4.615,4.725,4.586,4.681,10582670.000,67251774.400
2014-10-09,4.751,4.817,4.685,4.758,15565807.000,101219757.800
2014-10-10,4.619,4.861,4.619,4.737,10439496.000,67974812.560
2014-10-13,4.683,4.756,4.485,4.624,12860812.000,80147726.240
2014-10-14,4.592,4.716,4.585,4.665,11461983.000,73020855.860
2014-10-15,4.757,4.757,4.684,4.706,5863003.000,37816440.870
2014-10-16,4.679,4.811,4.562,4.592,11704864.000,74862686.800
2014-10-17,4.636,4.709,4.578,4.665,5255011.000,33430019.260
2014-10-20,4.740,4.843,4.704,4.806,16134434.000,105702493.360
2014-10-21,4.848,4.848,4.680,4.731,4660120.000,30114916.600
2014-10-22,4.807,4.829,4.639,4.749,5080381.000,32858501.890
2014-10-23,4.728,4.787,4.480,4.604,14037559.000,87985609.680
2014-10-24,4.678,4.678,4.560,4.597,3082000.000,19409155.000
2014-10-27,4.595,4.595,4.427,4.486,14160000.000,86373019.000
2014-10-28,4.542,4.593,4.484,4.564,7741151.000,48152079.180
2014-10-29,4.592,4.695,4.534,4.578,13538000.000,84787700.000
2014-10-30,4.532,4.759,4.524,4.642,16922806.000,106577157.380
2014-10-31,4.685,4.927,4.649,4.912,25440800.000,165867327.000
2014-11-03,4.917,5.189,4.851,5.049,34213452.000,235580363.360
2014-11-04,5.133,5.162,4.964,4.979,13355019.000,91321690.950
2014-11-05,4.976,5.020,4.874,4.918,8902467.000,60074956.210
2014-11-06,4.945,4.959,4.776,4.820,13205400.000,87907026.000
2014-11-07,4.844,4.852,4.727,4.822,11515164.000,75467889.280
2014-11-10,4.878,5.119,4.805,5.090,23041207.000,159203140.720
2014-11-11,5.121,5.121,5.026,5.099,11327141.000,78747496.130
2014-11-12,5.115,5.115,4.925,4.962,6996000.000,47746660.000
2014-11-13,4.976,5.122,4.932,5.085,7999034.000,55053179.560
2014-11-14,5.120,5.120,5.003,5.076,8206780.000,56609780.000
2014-11-17,5.092,5.135,4.982,4.982,7932737.000,54873668.710
2014-11-18,5.064,5.064,4.639,4.654,11981270.000,77702514.400
2014-11-19,4.703,4.739,4.549,4.732,14546139.000,92208039.090
2014-11-20,4.748,4.748,4.419,4.470,15167150.000,94050794.700
2014-11-21,4.380,4.584,4.380,4.511,10161852.000,62906785.720
2014-11-24,4.958,5.272,4.746,5.258,58853146.000,409282334.720
2014-11-25,5.234,5.234,5.030,5.052,14540795.000,101616938.550
2014-11-26,5.049,5.311,5.064,5.239,22589797.000,162063918.610
2014-11-27,5.331,5.346,5.076,5.120,7880291.000,55877254.020
2014-11-28,5.123,5.297,4.985,5.254,17989000.000,128577373.000
2014-12-01,5.269,5.269,5.021,5.058,9662905.000,67968915.170
2014-12-02,5.090,5.185,4.879,4.952,29794292.000,202220653.920
2014-12-03,5.044,5.374,5.007,5.110,20783000.000,147519340.000
2014-12-04,5.202,5.202,5.004,5.055,11776169.000,81478162.480
2014-12-05,5.031,5.134,4.958,5.097,8405400.000,57905223.000
2014-12-08,5.178,5.346,5.097,5.346,16162000.000,116164454.000
2014-12-09,5.386,5.386,5.078,5.137,24243974.000,172655051.320
2014-12-10,5.111,5.199,4.986,5.125,20169698.000,141054754.460
2014-12-11,5.123,5.137,4.932,4.932,9735438.000,67125748.360
2014-12-12,4.979,5.118,4.935,5.008,4118000.000,28300199.000
2014-12-15,4.976,5.078,4.771,4.837,7165413.000,47297588.720
2014-12-16,4.817,4.883,4.758,4.868,4449000.000,29402130.000
2014-12-17,4.849,4.849,4.739,4.834,4047800.000,26516680.000
2014-12-18,4.882,4.978,4.809,4.853,4747508.000,31655247.480
2014-12-19,4.912,5.066,4.715,4.795,9209100.000,60657745.000
2014-12-22,4.885,5.127,4.651,5.112,11635782.000,78411289.600
2014-12-23,5.067,5.206,4.957,5.009,12645997.000,88106739.270
2014-12-24,5.009,5.112,4.951,5.024,3919000.000,26789840.000
2014-12-29,5.128,5.369,5.128,5.362,18544539.000,134826222.040
2014-12-30,5.373,5.695,5.373,5.637,23745469.000,181279631.610
2014-12-31,5.671,5.818,5.583,5.774,20887041.000,163074975.700
2015-01-02,5.708,6.330,5.693,5.964,46216127.000,387087238.870
2015-01-06,5.862,6.052,5.715,5.927,36263775.000,292748004.940
2015-01-07,5.973,6.069,5.526,5.592,26022166.000,202451728.610
2015-01-08,5.676,5.698,5.397,5.493,20937900.000,156575765.000
2015-01-09,5.521,5.624,5.375,5.419,33273254.000,247409932.560
2015-01-12,5.414,5.436,5.128,5.268,13054885.000,94289627.380
2015-01-13,5.176,5.330,5.162,5.206,19807900.000,141929692.000
2015-01-14,5.221,5.331,5.126,5.155,18698642.000,132504705.920
2015-01-15,5.124,5.256,5.000,5.242,27967321.000,196835063.330
2015-01-16,5.235,5.279,5.104,5.162,18975825.000,133785493.650
2015-01-19,5.166,5.166,4.749,4.814,17063175.000,113917000.750
2015-01-20,4.762,4.952,4.762,4.872,24984000.000,165985544.000
2015-01-21,4.912,5.220,4.824,5.176,19427752.000,134326729.820
2015-01-22,5.204,5.336,5.167,5.262,18988960.000,135772983.800
2015-01-23,5.321,5.439,5.240,5.299,15594239.000,113943549.300
2015-01-26,5.288,5.347,5.120,5.237,10776200.000,76582839.000
2015-01-27,5.287,5.301,5.125,5.206,6119067.000,43499348.240
2015-01-28,5.221,5.243,5.082,5.089,14682083.000,102863723.090
2015-01-29,5.137,5.174,4.925,5.093,14563399.000,101062915.980
2015-02-09,5.209,5.407,5.062,5.275,58631048.000,421934500.610
2015-02-10,5.243,5.302,5.133,5.236,22654000.000,160805095.400
2015-02-11,5.208,5.230,4.944,5.025,26508500.000,181401850.000
2015-02-12,4.974,5.085,4.872,5.077,19282616.000,130691586.680
2015-02-13,5.081,5.191,5.044,5.147,17562822.000,122594493.740
2015-02-16,5.152,5.284,5.152,5.247,6858284.000,48859996.990
2015-02-17,5.250,5.250,5.008,5.023,14144000.000,97727733.670
2015-02-18,5.059,5.096,4.854,5.001,6346636.000,43021648.000
2015-02-23,5.023,5.074,4.957,4.986,9515790.000,64889072.780
2015-02-24,5.059,5.147,4.993,5.096,7426875.000,51546405.500
2015-02-25,5.132,5.132,5.007,5.058,6589049.000,45393779.630
2015-02-26,5.139,5.249,5.021,5.205,16126357.000,113391025.250
2015-02-27,5.198,5.338,5.184,5.279,18510000.000,132636820.200
2015-03-02,5.350,5.350,5.099,5.225,20793926.000,146392857.260
2015-03-03,5.278,5.315,5.197,5.234,16982079.000,121374694.110
2015-03-04,5.299,5.299,5.225,5.247,12151053.000,87042670.600
2015-03-05,5.247,5.328,5.189,5.240,13855956.000,98569905.760
2015-03-06,5.299,5.299,5.086,5.218,7774778.000,54661504.810
2015-03-09,5.205,5.205,5.072,5.116,6786000.000,47060825.000
2015-03-10,5.116,5.116,4.873,4.924,13890898.000,93226353.100
2015-03-11,4.897,4.992,4.801,4.911,10290700.000,68751598.000
2015-03-12,4.909,4.931,4.696,4.754,26780519.000,174169041.730
2015-03-13,4.723,4.826,4.723,4.767,18168880.000,117590035.000
2015-03-16,4.747,4.880,4.733,4.762,8762640.000,57091688.800
2015-03-17,4.819,4.966,4.812,4.915,22161000.000,148126169.000
2015-03-18,4.928,4.928,4.752,4.811,17817180.000,116245779.800
2015-03-19,4.777,4.866,4.726,4.748,17986244.000,116649759.200
2015-03-20,4.706,4.853,4.581,4.625,38281085.000,245787001.450
2015-03-23,4.696,4.909,4.689,4.894,18163694.000,119290307.580
2015-03-24,4.920,4.979,4.744,4.780,24104619.000,158697149.920
2015-03-25,4.760,4.826,4.672,4.708,14934000.000,96217192.000
2015-03-26,4.684,4.699,4.500,4.508,27101488.000,168163340.080
2015-03-27,4.488,4.848,4.488,4.811,56536011.000,365304872.080
2015-03-30,4.811,5.171,4.701,5.142,42497952.000,288864871.400
2015-03-31,5.401,5.636,4.938,4.945,38114000.000,272570405.000
2015-04-01,5.056,5.056,4.895,4.939,19587803.000,132731440.500
2015-04-02,4.988,5.135,4.892,5.120,17469870.000,119828563.600
2015-04-08,5.204,5.534,5.204,5.439,36671968.000,270985154.320
2015-04-09,5.506,6.093,5.440,5.947,86102416.000,681107488.400
2015-04-10,5.876,6.236,5.847,6.222,51312480.000,420325813.000
2015-04-13,6.121,6.526,6.026,6.452,44562212.000,385784139.000
2015-04-14,6.387,6.688,6.108,6.189,35491900.000,310069386.000
2015-04-15,6.181,6.475,6.093,6.196,22960224.000,196874923.640
2015-04-16,6.310,6.493,6.104,6.493,20785643.000,180976304.920
2015-04-17,6.416,6.496,6.240,6.328,18343638.000,160356436.120
2015-04-20,6.319,6.429,5.938,6.026,24093000.000,202022769.000
2015-04-21,6.088,6.235,5.926,6.139,12154954.000,100358745.700
2015-04-22,6.346,6.888,6.199,6.808,46033781.000,424385378.700
2015-04-23,6.968,7.482,6.821,7.005,32181747.000,310863216.620
2015-04-24,7.037,7.147,6.634,7.044,17107877.000,161618091.930
2015-04-27,7.042,7.225,6.800,6.954,15875000.000,152228548.000
2015-04-28,7.092,7.092,6.703,6.725,14956424.000,139112904.080
2015-04-29,6.721,7.028,6.589,6.970,21811800.000,204727026.760
2015-04-30,7.025,7.507,6.886,7.478,37816119.000,375642521.720
2015-05-04,7.554,7.862,7.408,7.818,25241086.000,267097793.240
2015-05-05,7.833,7.876,7.254,7.554,19168936.000,197789494.000
2015-05-06,7.758,7.772,7.304,7.319,17059836.000,175545973.440
2015-05-07,7.459,7.459,6.947,7.123,10924256.000,106579702.560
2015-05-08,7.308,7.798,7.279,7.667,13613000.000,140226730.000
2015-05-11,7.825,7.884,7.043,7.175,29497592.000,294802979.000
2015-05-12,7.288,7.347,6.952,6.966,25177400.000,242370414.000
2015-05-13,7.168,7.490,7.036,7.373,42715267.000,427542790.940
2015-05-14,7.516,7.545,7.260,7.311,14029574.000,141904117.760
2015-05-28,7.456,7.726,6.676,6.901,55687727.000,519368427.410
2015-05-29,6.985,7.015,6.550,6.835,144972406.000,1310476762.960
2015-06-01,6.709,6.994,6.499,6.919,50129927.000,452797094.460
2015-06-02,6.912,6.972,6.694,6.852,21172000.000,191519003.000
2015-06-03,6.966,6.966,6.741,6.756,19006930.000,173476208.400
2015-06-04,6.944,7.334,6.756,6.809,22145744.000,205063400.400
2015-06-05,6.962,6.999,6.744,6.909,12945000.000,117943668.000
2015-06-08,6.904,6.904,6.679,6.904,7240750.000,65650152.500
2015-06-09,6.909,6.961,6.654,6.676,15210146.000,136492727.800
2015-06-10,6.750,6.840,6.450,6.487,7759467.000,68332136.650
2015-06-11,6.635,6.763,6.305,6.380,14965269.000,127904136.050
2015-06-12,6.487,6.825,6.382,6.795,12749520.000,113993410.200
2015-06-15,6.824,6.824,6.577,6.689,6717400.000,59894164.000
2015-06-16,6.786,6.786,6.493,6.546,9761000.000,85284985.000
2015-06-17,6.644,6.809,6.599,6.719,12781632.000,114060097.640
2015-06-18,6.685,6.805,6.655,6.753,7373000.000,66039330.000
2015-06-19,6.863,6.930,6.705,6.818,15188144.000,137766830.680
2015-06-22,6.668,6.825,6.660,6.743,4563907.000,40933425.750
2015-06-23,6.821,7.188,6.813,7.083,17590913.000,164348461.890
2015-06-24,7.166,7.166,6.762,6.896,20244500.000,188277210.000
2015-06-25,6.860,6.988,6.793,6.838,5073000.000,46392120.000
2015-06-26,7.032,7.032,6.477,6.567,9288000.000,81388395.000
2015-06-29,6.570,6.600,6.067,6.202,15786316.000,131665776.520
2015-06-30,6.087,6.559,6.072,6.364,13605616.000,114770181.100
2015-07-02,6.308,6.413,6.120,6.195,11212000.000,93727990.930
2015-07-03,6.149,6.254,5.805,5.909,12802600.000,101816622.000
2015-07-06,6.000,6.173,5.040,5.295,21188000.000,152325229.000
2015-07-07,5.339,5.549,5.010,5.107,15896057.000,109301513.410
2015-07-08,4.851,5.324,4.349,4.754,29045858.000,185176448.300
2015-07-09,4.469,5.323,4.469,5.233,16524462.000,113633570.880
2015-07-10,5.249,5.639,5.219,5.549,21719200.000,158668600.000
2015-07-13,5.443,5.608,5.323,5.548,14554509.000,107118607.880
2015-07-14,5.633,5.640,5.445,5.505,7856000.000,57623930.000
2015-07-15,5.407,5.482,5.249,5.279,5030689.000,35744480.800
2015-07-16,5.199,5.627,5.199,5.604,14477000.000,105744940.000
2015-07-17,5.696,5.846,5.651,5.786,10784000.000,82534250.000
2015-07-20,5.854,5.989,5.712,5.787,6040100.000,46688157.000
2015-07-21,5.719,5.854,5.636,5.704,7554000.000,57740816.000
2015-07-22,5.649,5.716,5.446,5.514,7872135.000,58028478.700
2015-07-23,5.589,5.739,5.447,5.604,7464000.000,55881385.000
2015-07-24,5.521,5.596,5.401,5.423,5295400.000,38567915.000
2015-07-27,5.402,5.402,5.049,5.079,10140400.000,69968890.000
2015-07-28,5.070,5.317,5.025,5.047,12994734.000,89281938.280
2015-07-29,5.039,5.212,4.949,4.994,7995250.000,53688257.500
2015-07-30,5.078,5.146,4.996,5.026,4543000.000,30667194.000
2015-07-31,5.003,5.205,4.973,5.205,7346821.000,50075835.080
2015-08-03,5.190,5.190,5.025,5.130,4311745.000,29327861.700
2015-08-04,5.063,5.213,5.048,5.175,5274599.000,36090806.640
2015-08-05,5.183,5.235,5.100,5.115,4528100.000,31202860.000
2015-08-06,5.191,5.191,5.026,5.049,3171050.000,21432794.500
2015-08-07,5.026,5.191,5.026,5.101,4796500.000,32624598.000
2015-08-10,5.144,5.332,5.054,5.159,4221000.000,29170755.000
2015-08-11,5.278,5.469,5.156,5.225,6449106.000,44612500.080
2015-08-12,5.211,5.211,4.808,4.917,11487000.000,73711723.000
2015-08-13,5.014,5.077,4.865,4.928,16517632.000,103994958.600
2015-08-14,4.973,5.059,4.934,5.044,3212600.000,20529551.000
2015-08-17,5.018,5.041,4.877,4.924,4256000.000,26774280.000
2015-08-18,5.018,5.065,4.783,4.791,4127950.000,25808224.000
2015-08-19,4.783,4.877,4.602,4.657,7573658.000,45502484.040
2015-08-20,4.522,4.741,4.498,4.537,8853600.000,52004931.600
2015-08-21,4.479,4.479,4.190,4.252,15783000.000,85809910.000
2015-08-24,3.946,4.252,3.915,3.970,15799155.000,81717127.400
2015-08-25,3.852,4.111,3.499,3.507,36412282.000,173387400.660
2015-08-26,3.511,3.691,3.126,3.141,55220100.000,238126428.090
2015-08-27,3.340,3.403,3.191,3.301,73860280.000,308762533.000
2015-08-28,3.453,3.516,3.265,3.304,81069196.000,350556533.400
2015-08-31,3.330,3.338,3.158,3.283,26378612.000,109080839.280
2015-09-01,3.206,3.292,3.128,3.206,18407465.000,75561735.050
2015-09-02,3.238,3.441,3.145,3.277,19173314.000,81112703.980
2015-09-04,3.215,3.386,3.152,3.215,22018668.000,90365587.120
2015-09-07,3.197,3.345,3.158,3.330,7498700.000,31231235.000
2015-09-09,3.356,3.379,2.989,3.215,129713074.000,532163831.180
2015-09-10,3.042,3.152,3.034,3.105,38863000.000,152968090.000
2015-09-11,3.103,3.189,3.079,3.142,32970559.000,133387407.000
2015-09-14,3.235,3.313,3.165,3.204,34343976.000,141470547.800
2015-09-15,3.233,3.241,3.178,3.233,19790868.000,81336737.520
2015-09-16,3.243,3.337,3.235,3.313,22745946.000,95750036.500
2015-09-17,3.342,3.350,3.248,3.256,19372000.000,81652625.000
2015-09-18,3.214,3.300,3.214,3.238,21777634.000,91188746.100
2015-09-21,3.280,3.452,3.241,3.413,62445894.000,271303284.980
2015-09-22,3.439,3.673,3.384,3.540,34043000.000,154833030.000
2015-09-23,3.520,3.520,3.270,3.309,45609000.000,196271645.000
2015-09-24,3.349,3.349,3.216,3.270,21087000.000,87608855.000
2015-09-25,3.223,3.309,3.223,3.270,13302600.000,55449477.000
2015-09-29,3.186,3.186,3.061,3.084,16164075.000,64414454.000
2015-09-30,3.129,3.199,3.066,3.152,16801100.000,67751788.000
2015-10-02,3.269,3.589,3.246,3.566,31406000.000,138520390.000
2015-10-05,3.745,3.870,3.581,3.612,37715000.000,175914310.000
2015-10-06,3.706,3.729,3.542,3.605,17686708.000,81570936.800
2015-10-07,3.566,3.893,3.527,3.885,20340000.000,98851990.000
2015-10-08,3.762,3.824,3.692,3.739,18930200.000,90911736.000
2015-10-09,3.785,3.870,3.754,3.785,15008946.000,73304617.160
2015-10-12,3.811,3.873,3.756,3.818,15889307.000,78226015.000
2015-10-13,3.831,3.932,3.722,3.777,15930000.000,78583760.000
2015-10-14,3.756,3.795,3.671,3.710,11231043.000,53700490.110
2015-10-15,3.771,3.865,3.701,3.841,12942426.000,63518526.900
2015-10-16,3.890,3.952,3.719,3.797,28089632.000,137503535.480
2015-10-19,3.833,3.849,3.748,3.818,12971158.000,63322280.820
2015-10-20,3.831,3.893,3.792,3.831,8611622.000,42416432.160
2015-10-22,3.785,3.909,3.738,3.878,11295000.000,55970350.000
2015-10-23,3.947,3.994,3.845,3.970,15817112.000,79689177.840
2015-10-26,4.053,4.053,3.835,3.913,28287513.000,142864373.650
2015-10-27,3.925,3.925,3.785,3.870,17390323.000,85995982.700
2015-10-28,3.881,3.896,3.631,3.655,19529226.000,93244841.740
2015-10-29,3.666,3.728,3.619,3.627,18383000.000,86521598.000
2015-10-30,3.691,3.785,3.606,3.723,18767578.000,89001907.060
2015-11-02,3.664,3.803,3.641,3.687,11602282.000,55764775.780
2015-11-03,3.712,3.851,3.712,3.836,14462093.000,71083191.050
2015-11-04,3.853,4.063,3.830,4.032,23414627.000,120190584.700
2015-11-05,4.034,4.081,3.964,4.003,11895000.000,61413727.000
2015-11-06,3.969,4.156,3.961,4.140,10699000.000,56300200.000
2015-11-09,4.171,4.210,4.039,4.109,8977000.000,47270878.000
2015-11-10,4.048,4.063,3.962,3.977,11808000.000,60653155.000
2015-11-11,3.986,4.103,3.916,3.963,6009484.000,30513964.840
2015-11-12,3.995,4.089,3.949,4.011,5815000.000,29828325.000
2015-11-13,3.950,3.982,3.880,3.919,9165668.000,46036388.760
2015-11-16,3.831,3.909,3.784,3.839,9312000.000,45795395.000
2015-11-17,3.862,4.034,3.846,3.948,10070000.000,50948599.800
2015-11-18,3.912,4.162,3.904,4.084,17378946.000,90689129.420
2015-11-19,4.139,4.209,4.060,4.092,7049000.000,37151468.600
2015-11-20,4.076,4.185,4.044,4.162,5765300.000,30397779.000
2015-11-23,4.214,4.214,4.120,4.136,7715000.000,40986860.000
2015-11-24,4.192,4.192,4.082,4.106,5900972.000,30962747.200
2015-11-25,4.121,4.137,4.035,4.129,6805480.000,35639143.600
2015-11-26,4.138,4.161,4.044,4.067,2329974.000,12176074.980
2015-11-27,4.053,4.115,3.927,3.951,8984000.000,45808446.600
2015-11-30,3.977,4.087,3.907,4.056,11577446.000,59370622.580
2015-12-01,4.087,4.448,4.025,4.378,23545385.000,127770406.750
2015-12-02,4.423,4.729,4.329,4.588,40715508.000,239843728.800
2015-12-03,4.481,4.606,4.465,4.488,8466261.000,48646694.850
2015-12-04,4.385,4.581,4.385,4.573,8221300.000,47418242.000
2015-12-07,4.654,4.654,4.528,4.591,11431000.000,66784100.000
2015-12-08,4.534,4.534,4.385,4.472,13770039.000,78309841.520
2015-12-09,4.500,4.602,4.452,4.555,4997000.000,28793665.000
2015-12-10,4.562,4.562,4.302,4.357,8057668.000,44981517.520
2015-12-11,4.397,4.397,4.152,4.215,11467836.000,61224991.520
2015-12-14,4.160,4.231,4.018,4.223,9681791.000,50920442.640
2015-12-15,4.189,4.339,4.189,4.220,7934471.000,42720720.270
2015-12-16,4.264,4.359,4.240,4.312,12358034.000,67119532.390
2015-12-17,4.320,4.479,4.313,4.455,12946528.000,72058693.680
2015-12-18,4.339,4.562,4.339,4.522,10649843.000,60381858.200
2015-12-21,4.430,4.581,4.430,4.565,7753078.000,44377807.780
2015-12-22,4.541,4.644,4.541,4.620,6919054.000,40135819.780
2015-12-23,4.619,4.722,4.603,4.675,4975241.000,29311880.450
2015-12-24,4.717,4.741,4.646,4.662,4588220.000,27032994.800
2015-12-28,4.669,4.796,4.653,4.741,11349000.000,68047264.000
2015-12-29,4.749,4.757,4.678,4.709,3311800.000,19738074.000
2015-12-30,4.720,4.720,4.616,4.696,4274810.000,25109581.100
2015-12-31,4.722,4.786,4.643,4.778,3727571.000,22182065.000
2016-01-04,4.777,4.777,4.283,4.315,18027226.000,99537752.350
2016-01-05,4.324,4.556,4.276,4.388,12374384.000,67797424.160
2016-01-06,4.405,4.469,4.253,4.325,10455245.000,56334598.780
2016-01-07,4.347,4.347,3.944,3.976,21148137.000,106781307.010
2016-01-08,4.039,4.216,3.974,3.999,11035000.000,55752490.000
2016-01-11,3.930,3.962,3.713,3.753,12004082.000,57219689.500
2016-01-12,3.818,3.875,3.690,3.706,7539000.000,35537460.000
2016-01-13,3.795,3.899,3.682,3.698,7112793.000,33439788.730
2016-01-14,3.616,3.922,3.568,3.865,8980274.000,42347293.000
2016-01-15,3.883,3.891,3.618,3.618,9385912.000,43414987.620
2016-01-18,3.557,3.741,3.557,3.661,13193000.000,60267365.000
2016-01-19,3.612,3.932,3.612,3.908,9390000.000,45247585.000
2016-01-20,3.810,3.874,3.707,3.731,11464000.000,54131270.000
2016-01-21,3.813,3.877,3.653,3.669,13306379.000,62379203.560
2016-01-22,3.759,3.807,3.663,3.775,15947100.000,74673764.000
2016-01-25,3.796,3.844,3.740,3.772,7273800.000,34571247.000
2016-01-26,3.660,3.732,3.516,3.524,11252400.000,50815839.000
2016-01-27,3.623,3.663,3.495,3.647,11008729.000,49321803.010
2016-01-28,3.622,3.654,3.526,3.646,6675000.000,30265010.000
2016-01-29,3.661,3.837,3.597,3.821,11329000.000,53597725.000
2016-02-01,4.002,4.002,3.778,3.842,9346912.000,44947894.030
2016-02-02,3.819,3.915,3.803,3.827,5574300.000,26867542.000
2016-02-03,3.889,3.889,3.633,3.697,13443406.000,62213868.340
2016-02-04,3.760,3.760,3.672,3.688,7437000.000,34570280.000
2016-02-05,3.652,3.732,3.644,3.692,4137000.000,19093610.000
2016-02-11,3.469,3.588,3.461,3.564,5615000.000,24931385.000
2016-02-12,3.469,3.604,3.469,3.540,5247540.000,23371732.400
2016-02-15,3.608,3.704,3.576,3.696,8143015.000,37463087.200
2016-02-16,3.675,3.977,3.643,3.873,16109880.000,78048492.800
2016-02-17,3.812,3.907,3.700,3.724,12585673.000,59933400.350
2016-02-18,3.826,3.882,3.778,3.858,10407000.000,50014135.000
2016-02-19,3.832,3.967,3.768,3.959,18016135.000,87348648.120
2016-02-22,4.010,4.089,3.890,3.922,13347000.000,66559580.000
2016-02-23,3.961,3.961,3.817,3.825,8142293.000,39244061.050
2016-02-24,3.811,3.867,3.787,3.843,3922000.000,18777760.000
2016-02-25,3.885,3.885,3.709,3.717,8141920.000,38329825.540
2016-02-26,3.789,3.893,3.789,3.893,11149016.000,53813565.700
2016-02-29,3.905,4.017,3.897,4.001,11782536.000,58315165.780
2016-03-01,4.070,4.174,3.966,4.166,14025206.000,72203135.300
2016-03-02,4.244,4.516,4.244,4.484,25822041.000,142912467.140
2016-03-03,4.496,4.520,4.336,4.440,19271285.000,105986243.400
2016-03-04,4.465,4.593,4.409,4.569,12191062.000,68612433.360
2016-03-07,4.623,4.735,4.528,4.543,11205743.000,64889918.250
2016-03-08,4.562,4.601,4.339,4.410,11171818.000,61973250.000
2016-03-09,4.414,4.526,4.311,4.494,13615352.000,75391788.960
2016-03-10,4.512,4.544,4.289,4.353,4446395.000,24514970.740
2016-03-11,4.395,4.530,4.291,4.522,4901597.000,27306916.430
2016-03-14,4.572,4.739,4.556,4.691,20147852.000,118354742.360
2016-03-15,4.688,4.688,4.552,4.568,6088000.000,35283815.900
2016-03-16,4.606,4.606,4.375,4.455,6704000.000,37443410.000
2016-03-17,4.577,4.609,4.497,4.529,8812000.000,50429850.000
2016-03-18,4.578,4.737,4.531,4.681,13812490.000,81032872.700
2016-03-21,4.712,4.752,4.553,4.601,16785000.000,97872185.000
2016-03-22,4.620,4.636,4.428,4.492,17341793.000,97963729.240
2016-03-23,4.530,4.625,4.506,4.561,7892000.000,45243559.000
2016-03-24,4.549,4.573,4.342,4.382,7985908.000,44247559.360
2016-03-29,4.345,4.400,4.161,4.225,14808000.000,78841905.000
2016-03-30,4.220,4.244,4.013,4.116,29020914.000,150402501.940
2016-03-31,4.119,4.174,4.031,4.134,19772645.000,102715720.700
2016-04-01,4.164,4.172,3.966,3.990,21976100.000,111809949.000
2016-04-05,3.971,4.019,3.908,3.971,11877397.000,59601422.280
2016-04-06,4.071,4.190,3.984,4.119,13702173.000,70775679.600
2016-04-07,4.164,4.188,4.092,4.172,11107000.000,57971990.000
2016-04-08,4.147,4.147,4.060,4.123,11410000.000,59070988.000
2016-04-11,4.103,4.230,4.079,4.222,6108020.000,32254764.000
2016-04-12,4.316,4.316,4.134,4.150,6604428.000,34874366.960
2016-04-13,4.204,4.315,4.188,4.236,8029000.000,43169430.000
2016-04-14,4.326,4.333,4.214,4.254,11765324.000,63263099.240
2016-04-15,4.255,4.255,4.184,4.224,3877510.000,20521232.900
2016-04-18,4.161,4.201,4.145,4.193,3606360.000,18931843.600
2016-04-19,4.203,4.227,4.108,4.171,8154144.000,42658379.370
2016-04-20,4.140,4.195,4.116,4.171,6288390.000,32995826.400
2016-04-21,4.233,4.281,4.193,4.209,5691528.000,30388533.210
2016-04-22,4.222,4.222,4.135,4.175,12734000.000,66739432.000
2016-04-25,4.205,4.245,4.126,4.150,7784316.000,40625399.160
2016-04-26,4.135,4.166,4.007,4.055,12357881.000,63551391.700
2016-04-27,4.029,4.053,3.997,4.021,4996475.000,25322647.550
2016-04-28,4.075,4.115,3.972,4.012,5880000.000,29847180.000
2016-04-29,3.981,3.997,3.925,3.941,6052797.000,30249480.000
2016-05-03,3.978,4.058,3.931,3.963,5544000.000,27949814.000
2016-05-04,3.977,4.048,3.937,3.977,8101422.000,40421150.460
2016-05-05,3.956,4.067,3.956,4.052,5669000.000,28713785.000
2016-05-06,4.137,4.168,4.049,4.065,11786500.000,60499730.000
2016-05-09,4.059,4.067,3.956,3.956,8586590.000,43041142.520
2016-05-10,3.938,4.001,3.810,3.818,13710000.000,66211710.000
2016-05-11,3.849,3.865,3.738,3.746,11594406.000,54896206.900
2016-05-12,3.764,3.787,3.604,3.644,18042000.000,82732040.000
2016-05-13,3.612,3.660,3.596,3.604,9717579.000,44095017.450
2016-05-16,3.600,3.712,3.600,3.704,5317030.000,24482543.800
2016-05-17,3.704,3.776,3.672,3.768,4558158.000,21221032.600
2016-05-18,3.737,3.785,3.697,3.753,5967664.000,27972753.210
2016-05-19,3.753,3.769,3.681,3.681,8836899.000,40881938.450
2016-05-20,3.632,3.792,3.632,3.728,8410721.000,39364513.850
2016-05-23,3.725,3.885,3.725,3.843,6660579.000,30404081.820
2016-05-24,3.869,3.869,3.793,3.802,6995000.000,31721950.000
2016-05-25,3.865,3.916,3.857,3.891,3007000.000,13849221.000
2016-05-26,3.884,3.892,3.799,3.842,4578476.000,20812711.000
2016-05-27,3.879,3.997,3.854,3.980,6695000.000,31253903.000
2016-05-30,3.998,4.083,3.972,3.981,4370448.000,20785568.720
2016-05-31,3.955,4.107,3.955,4.090,7805463.000,37523537.290
2016-06-01,4.121,4.121,4.036,4.095,4267000.000,20502085.000
2016-06-02,4.092,4.100,4.067,4.075,3691000.000,17780453.000
2016-06-03,4.081,4.141,4.065,4.098,4758027.000,23068435.950
2016-06-06,4.072,4.140,4.047,4.131,2667000.000,12982489.000
2016-06-07,4.190,4.300,4.148,4.258,8403000.000,42139711.000
2016-06-08,4.223,4.290,4.181,4.214,3397000.000,17004300.000
2016-06-10,4.181,4.206,4.054,4.130,2714933.000,13253693.400
2016-06-13,4.069,4.069,3.882,3.959,10687411.000,49878811.290
2016-06-14,3.958,4.000,3.932,3.992,2753000.000,12896510.000
2016-06-15,3.971,4.005,3.954,3.971,3195440.000,14956392.400
2016-06-16,3.965,3.965,3.795,3.821,8024423.000,36394877.420
2016-06-17,3.875,3.875,3.807,3.850,9607364.000,43558979.390
2016-06-20,3.853,3.904,3.819,3.861,7709000.000,35165625.000
2016-06-21,3.858,3.960,3.858,3.934,12912000.000,59559115.000
2016-06-22,3.977,4.105,3.952,4.079,6139000.000,29309690.000
2016-06-23,4.096,4.105,4.020,4.029,5106002.000,24447129.640
2016-06-24,4.036,4.078,3.866,3.994,12197000.000,56818500.000
2016-06-27,3.960,4.037,3.951,4.011,5864000.000,27388516.000
2016-06-28,3.995,4.012,3.961,3.978,5384357.000,25042062.050
2016-06-29,3.975,4.018,3.949,3.966,11699000.000,54346725.000
2016-06-30,3.983,4.137,3.966,4.102,21678204.000,103417638.840
2016-07-04,4.113,4.293,4.113,4.233,11675395.000,57689964.400
2016-07-05,4.249,4.249,4.120,4.154,12463000.000,60606812.000
2016-07-06,4.145,4.317,4.136,4.291,19363012.000,95301604.040
2016-07-07,4.307,4.324,4.246,4.255,11143000.000,55481730.000
2016-07-08,4.274,4.283,4.222,4.274,9278039.000,45768759.360
2016-07-11,4.325,4.506,4.291,4.498,12369892.000,63692823.400
2016-07-12,4.539,4.539,4.367,4.436,18831194.000,96663235.220
2016-07-13,4.440,4.501,4.380,4.389,14844756.000,76186780.000
2016-07-14,4.387,4.387,4.249,4.275,19885000.000,98860430.000
2016-07-15,4.299,4.377,4.282,4.308,12296000.000,61686550.000
2016-07-18,4.335,4.335,4.240,4.283,28265034.000,139863106.700
2016-07-19,4.283,4.292,4.197,4.240,17551000.000,85927465.000
2016-07-20,4.212,4.238,4.212,4.230,34502000.000,169076180.000
2016-07-21,4.251,4.328,4.225,4.251,30660245.000,151650458.850
2016-07-22,4.238,4.264,4.195,4.212,28172000.000,138407740.000
2016-07-25,4.267,4.284,4.223,4.267,18657160.000,92210414.000
2016-07-26,4.261,4.365,4.236,4.236,51857497.000,258485894.940
2016-07-27,4.255,4.332,4.212,4.263,20543500.000,102165363.800
2016-07-28,4.259,4.302,4.250,4.259,10900750.000,54286091.500
2016-07-29,4.253,4.270,4.167,4.176,12574000.000,61659210.000
2016-08-01,4.178,4.255,4.135,4.152,20913250.000,102461719.500
2016-08-03,4.018,4.171,3.992,4.129,43601836.000,209160278.160
2016-08-04,4.188,4.436,4.136,4.419,48796290.000,246658737.900
2016-08-05,4.418,4.675,4.418,4.615,30154000.000,160964130.000
2016-08-08,4.613,4.759,4.604,4.716,23145000.000,126800260.000
2016-08-09,4.739,4.765,4.679,4.730,15656000.000,86176080.000
2016-08-10,4.717,4.795,4.623,4.666,17589053.000,96299357.260
2016-08-11,4.647,4.741,4.630,4.681,7312000.000,40042575.000
2016-08-12,4.710,4.719,4.581,4.710,15481000.000,83869175.000
2016-08-15,4.771,4.908,4.728,4.882,19577000.000,111332380.000
2016-08-16,4.881,4.941,4.796,4.804,15706558.000,89072407.120
2016-08-17,4.830,4.898,4.787,4.856,15828768.000,90321425.280
2016-08-18,4.923,5.196,4.880,5.136,28724700.000,171002530.000
2016-08-19,5.167,5.167,4.979,5.021,14997242.000,88363688.970
2016-08-22,5.115,5.141,4.960,5.055,9688000.000,56879360.000
2016-08-23,5.084,5.084,4.878,4.964,11392500.000,65461915.000
2016-08-24,4.926,4.951,4.729,4.780,18156129.000,101466793.980
2016-08-25,4.802,4.802,4.613,4.690,21722000.000,118720170.000
2016-08-26,4.681,4.733,4.655,4.673,8279000.000,45328170.000
2016-08-29,4.680,4.741,4.534,4.715,10586813.000,57055326.460
2016-08-30,4.721,4.807,4.583,4.695,22796000.000,123931035.000
2016-08-31,4.640,4.675,4.520,4.649,35860461.000,190622206.870
2016-09-01,4.641,4.641,4.520,4.555,24958000.000,132858359.200
2016-09-02,4.542,4.662,4.542,4.628,13456844.000,72389989.090
2016-09-05,4.622,4.872,4.604,4.854,18078000.000,100390330.000
2016-09-06,4.841,4.978,4.780,4.978,16095169.000,91875215.130
2016-09-07,4.969,5.029,4.892,4.900,18237758.000,105703860.980
2016-09-08,4.905,4.982,4.888,4.948,15724862.000,90296842.360
2016-09-09,4.943,5.235,4.943,5.063,34316000.000,204564430.000
2016-09-12,5.003,5.046,4.787,4.830,21127458.000,119865212.280
2016-09-13,4.920,4.928,4.645,4.662,18445000.000,100959555.000
2016-09-14,4.734,4.760,4.656,4.734,7972000.000,43513735.000
2016-09-15,4.760,4.785,4.716,4.725,6339382.000,34859867.830
2016-09-19,4.829,5.088,4.821,5.053,24937402.000,144835052.180
2016-09-20,5.030,5.073,4.910,5.030,22998958.000,134334119.340
2016-09-21,4.999,5.326,4.999,5.214,38242335.000,231728569.650
2016-09-22,5.300,5.317,5.112,5.215,20825335.000,126360867.150
2016-09-23,5.226,5.312,5.166,5.226,16504139.000,100656859.120
2016-09-26,5.189,5.223,4.982,4.991,22121400.000,130490379.000
2016-09-27,5.113,5.165,5.010,5.096,21994334.000,130210890.620
2016-09-28,5.090,5.090,4.970,4.987,14323127.000,83676484.060
2016-09-29,4.989,5.041,4.834,4.869,12067657.000,68990795.190
2016-09-30,4.864,4.908,4.796,4.804,13253607.000,74528516.950
2016-10-03,4.744,4.830,4.623,4.701,14714847.000,80357788.270
2016-10-04,4.684,4.804,4.675,4.761,12314590.000,67734351.500
2016-10-05,4.744,4.744,4.606,4.658,14232704.000,77038546.720
2016-10-06,4.632,4.649,4.537,4.580,18482668.000,98510773.800
2016-10-07,4.615,4.632,4.546,4.606,9541240.000,50908984.000
2016-10-11,4.618,4.696,4.411,4.488,46512000.000,243399410.000
2016-10-12,4.499,4.568,4.456,4.568,18265427.000,94778057.700
2016-10-13,4.554,4.572,4.493,4.511,18564500.000,97014720.000
2016-10-14,4.484,4.571,4.484,4.554,9969000.000,52165520.000
2016-10-17,4.533,4.603,4.473,4.481,16869803.000,88233080.600
2016-10-18,4.520,4.650,4.494,4.615,20137500.000,106334915.000
2016-10-19,4.642,4.694,4.599,4.599,11688632.000,62475481.200
2016-10-20,4.642,4.650,4.555,4.555,6791515.000,35901874.050
2016-10-24,4.590,4.659,4.546,4.642,11508000.000,60969340.000
2016-10-25,4.672,4.716,4.646,4.681,14417900.000,77371501.000
2016-10-26,4.696,4.696,4.583,4.653,8026000.000,42553279.000
2016-10-27,4.654,4.707,4.611,4.620,9530641.000,50793846.530
2016-10-28,4.664,4.734,4.603,4.612,10593216.000,56307110.480
2016-10-31,4.649,4.701,4.597,4.632,8914308.000,47636365.120
2016-11-01,4.664,4.804,4.655,4.690,13059875.000,70435155.630
2016-11-02,4.652,4.678,4.600,4.600,6446000.000,34167135.000
2016-11-03,4.639,4.673,4.595,4.621,5265734.000,28035189.560
2016-11-04,4.649,4.666,4.588,4.666,8068224.000,42888036.160
2016-11-07,4.689,4.759,4.654,4.741,7756000.000,41745325.000
2016-11-08,4.757,4.888,4.722,4.888,15948000.000,88154260.000
2016-11-09,4.898,4.898,4.645,4.837,13271034.000,72656257.340
2016-11-10,4.849,4.963,4.849,4.893,9107000.000,51106360.000
2016-11-11,4.883,4.944,4.813,4.865,14579000.000,80716677.000
2016-11-14,4.823,4.920,4.806,4.806,17121000.000,94358940.000
2016-11-15,4.900,4.936,4.839,4.856,28088000.000,155554960.000
2016-11-16,4.934,5.023,4.908,5.005,19548719.000,109762012.020
2016-11-17,5.021,5.056,4.959,4.977,10375351.000,58724551.380
2016-11-18,5.002,5.135,4.975,5.135,12712798.000,72472662.140
2016-11-21,5.158,5.256,5.114,5.194,10111756.000,59009262.120
2016-11-22,5.143,5.250,5.090,5.197,9027000.000,53021910.000
2016-11-23,5.251,5.304,5.242,5.295,17225887.000,102328977.820
2016-11-24,5.309,5.317,5.246,5.300,11266000.000,66973920.000
2016-11-25,5.288,5.315,5.226,5.262,7833059.000,46201676.330
2016-11-28,5.306,5.342,5.244,5.288,14714300.000,87530200.000
