2017-01-03,416.575,422.846,412.096,419.262,201930710.000,84661970262.761
2017-01-04,419.506,422.195,415.024,416.817,214672371.000,89479029261.396
2017-01-05,419.169,421.850,416.488,420.956,203393543.000,85619783135.494
2017-01-06,418.851,420.622,417.080,418.851,177906284.000,74516217843.433
2017-01-09,421.534,424.213,416.175,417.961,209665142.000,87631944668.124
2017-01-10,417.774,423.130,416.882,420.452,127979077.000,53809094716.946
2017-01-11,423.187,425.866,421.402,424.973,216075152.000,91826062355.866
2017-01-12,424.397,427.072,422.614,425.288,141335191.000,60108221484.140
2017-01-13,425.639,426.528,423.862,423.862,128123439.000,54306682726.106
2017-01-16,421.857,423.633,414.752,420.081,218507011.000,91790591246.208
2017-01-17,422.565,423.454,418.117,421.675,147173644.000,62059466938.010
2017-01-18,420.575,424.992,419.691,421.458,221583870.000,93388321272.524
2017-01-19,419.909,423.446,417.257,422.562,161447989.000,68221714090.703
2017-01-20,420.622,423.279,417.080,417.080,126115721.000,52600334825.422
2017-01-23,417.206,422.509,417.206,418.089,127937513.000,53489321885.788
2017-01-24,419.323,420.204,415.799,416.680,177591227.000,73998692931.325
2017-01-25,420.927,420.927,415.621,417.390,127417910.000,53182910487.736
2017-01-26,419.971,427.044,417.319,424.392,260559584.000,110579402972.928
2017-01-27,422.624,425.276,422.624,422.624,96015895.000,40578592803.712
2017-02-01,425.276,425.276,417.319,421.740,215352014.000,90822461475.954
2017-02-02,420.855,424.392,417.319,418.203,119673983.000,50048012728.850
2017-02-03,417.914,419.681,413.497,415.264,209729067.000,87092889332.875
2017-02-06,418.288,420.057,415.635,419.172,160744445.000,67379638012.207
2017-02-07,418.293,422.715,417.408,420.946,194992247.000,82081175206.902
2017-02-08,425.055,430.379,417.069,427.717,360241535.000,154081486264.241
2017-02-09,429.477,433.019,426.821,431.248,323825365.000,139649118723.608
2017-02-10,434.664,437.326,431.116,431.116,278870354.000,120225477112.471
2017-02-13,433.373,438.702,433.373,438.702,286664639.000,125760247259.308
2017-02-14,438.917,441.577,435.370,439.803,280366727.000,123306183708.126
2017-02-15,441.375,453.759,440.491,451.105,785106390.000,354165575082.228
2017-02-16,458.957,459.841,450.998,453.651,660035916.000,299425973130.393
2017-02-17,453.451,454.333,443.747,446.393,277091691.000,123691846638.901
2017-02-20,448.179,456.151,447.294,452.608,256816602.000,116237256302.514
2017-02-21,454.698,454.698,447.607,449.379,231535275.000,104047194535.099
2017-02-22,452.299,460.280,451.412,459.393,348844413.000,160256848866.627
2017-02-23,459.393,460.278,453.197,459.393,274554590.000,126128415580.682
2017-02-24,457.442,458.326,453.018,454.787,219459158.000,99807215981.178
2017-02-27,453.980,459.300,448.660,450.433,272699692.000,122833060354.500
2017-02-28,451.758,453.530,448.215,450.872,178663993.000,80554627584.695
2017-03-01,452.008,453.780,445.804,446.690,185545921.000,82881537138.837
2017-03-02,452.054,454.713,442.304,444.076,358840582.000,159352626651.653
2017-03-03,442.902,443.790,436.689,437.577,264493326.000,115736180241.502
2017-03-06,438.580,441.238,436.808,438.580,229886260.000,100823492922.174
2017-03-07,442.289,443.177,439.624,441.401,101906827.000,44981735600.964
2017-03-08,438.316,448.096,437.427,446.318,216594453.000,96670037729.166
2017-03-09,443.225,444.115,436.995,438.775,216668133.000,95068544890.306
2017-03-10,438.824,440.604,436.154,437.044,107729855.000,47082687825.919
2017-03-13,440.706,452.257,438.929,449.591,302530332.000,136014950797.852
2017-03-14,453.061,458.402,451.281,453.061,257514002.000,116669525508.722
2017-03-15,449.288,451.068,446.619,450.178,132780951.000,59775073581.754
2017-03-16,454.867,460.187,453.980,460.187,359174882.000,165287582688.943
2017-03-17,461.432,461.432,456.996,457.883,282722650.000,129453872532.138
2017-03-20,456.859,461.303,456.859,461.303,190126858.000,87706046246.797
2017-03-21,462.493,468.719,460.714,464.272,356553293.000,165537717578.762
2017-03-22,454.164,458.600,449.729,455.939,335795738.000,153102225237.857
2017-03-23,457.434,461.866,454.774,458.320,249449127.000,114327648611.203
2017-03-24,459.114,460.000,453.796,457.341,248315429.000,113564856412.141
2017-03-27,452.895,457.318,449.356,452.895,219438357.000,99382473250.775
2017-03-28,456.908,456.908,453.366,456.022,173418267.000,79082579637.527
2017-03-29,460.446,463.108,456.898,458.672,215053886.000,98639208902.625
2017-03-30,459.300,460.187,453.093,453.980,205938463.000,93491976382.894
2017-03-31,456.324,458.100,450.110,450.997,221161837.000,99743395773.277
2017-04-03,452.773,455.436,450.997,453.661,112167042.000,50885777668.979
2017-04-05,453.109,454.882,448.675,453.109,292549159.000,132556601300.991
2017-04-06,448.933,449.821,445.384,446.272,270915926.000,120902100016.457
2017-04-07,445.475,446.362,439.263,444.587,286363745.000,127313712843.813
2017-04-10,447.016,450.571,446.127,447.905,152735473.000,68410951486.970
2017-04-11,449.045,449.932,440.170,441.058,237993336.000,104968788631.620
2017-04-12,440.036,448.021,439.149,445.359,178543374.000,79515959206.013
2017-04-13,442.578,447.879,440.812,443.462,143132128.000,63473628258.068
2017-04-18,446.423,447.309,435.794,436.680,229213051.000,100092681762.504
2017-04-19,435.447,438.097,431.031,433.681,208231683.000,90306053716.351
2017-04-20,435.351,438.006,431.812,438.006,184011006.000,80597869490.734
2017-04-21,440.820,441.705,436.394,439.049,200051279.000,87832370008.029
2017-04-24,440.697,444.229,438.931,440.697,268578834.000,118361843434.685
2017-04-25,445.044,454.777,443.275,451.238,386799674.000,174538633936.477
2017-04-26,454.772,454.772,448.578,454.772,319367188.000,145239184560.355
2017-04-27,453.356,455.126,448.928,452.470,238179270.000,107768988587.656
2017-04-28,453.550,454.436,449.121,450.007,116128211.000,52258475331.578
2017-05-02,452.130,456.563,446.811,449.471,209189345.000,94024483421.585
2017-05-04,447.536,448.422,442.219,445.764,220891953.000,98465598807.069
2017-05-05,442.535,444.305,436.340,438.995,250788265.000,110094724172.961
2017-05-08,439.367,444.682,438.481,443.796,181718424.000,80645876988.188
2017-05-09,445.179,448.726,438.971,446.952,190216878.000,85017859707.907
2017-05-10,448.066,454.277,448.066,452.503,321154688.000,145323331322.189
2017-05-11,454.021,455.795,451.361,452.248,276304295.000,124957954283.442
2017-05-12,449.616,452.271,447.845,449.616,277618586.000,124821636010.798
2017-05-15,450.524,455.824,449.640,454.941,376498576.000,171284525714.443
2017-05-16,456.661,456.661,450.478,454.011,307317363.000,139525481732.035
2017-05-17,453.854,453.854,450.329,452.092,240984405.000,108947003542.902
2017-05-18,448.582,450.344,445.938,447.700,246284719.000,110261767210.188
2017-05-19,449.849,450.733,446.314,448.082,267360851.000,119799459178.182
2017-05-22,447.296,452.589,442.884,450.825,247221740.000,111453651935.674
2017-05-23,448.005,453.297,448.005,451.533,258464129.000,116705031866.931
2017-05-24,449.401,452.050,447.635,451.167,243331227.000,109783022125.221
2017-05-25,450.717,456.892,450.717,455.127,325696632.000,148233487366.647
2017-05-26,457.607,460.253,454.962,457.607,192086380.000,87900166214.986
2017-05-29,458.489,460.253,455.844,458.489,160483908.000,73580138591.794
2017-05-31,459.751,462.394,457.990,458.871,368621631.000,169149684283.193
2017-06-01,457.929,463.172,454.433,463.172,476704109.000,220796138584.981
2017-06-02,467.403,471.771,466.529,471.771,545534228.000,257367228277.788
2017-06-05,470.923,473.539,463.947,465.691,295279643.000,137508989550.013
2017-06-06,463.787,466.402,462.043,465.531,269844842.000,125621009615.578
2017-06-07,465.766,467.507,457.930,461.413,334374657.000,154284713297.944
2017-06-08,461.853,464.467,459.238,461.853,215904147.000,99715891642.732
2017-06-09,459.396,461.140,451.551,455.038,555334751.000,252698325571.978
2017-06-12,452.309,454.923,449.694,450.566,215772045.000,97219439341.448
2017-06-13,451.328,454.813,449.586,452.200,174956855.000,79115404102.141
2017-06-14,453.890,454.761,449.534,453.890,231064828.000,104878012470.272
2017-06-15,450.712,451.582,446.361,446.361,292233315.000,130441642386.710
2017-06-16,448.828,453.185,448.828,452.314,458462103.000,207368685533.090
2017-06-19,454.041,458.398,452.298,455.784,172572443.000,78655765263.210
2017-06-20,458.404,459.277,450.545,452.292,198594460.000,89822625923.982
2017-06-21,451.098,451.972,445.852,447.601,319049064.000,142806565237.801
2017-06-22,447.642,456.385,447.642,450.264,291038995.000,131044527564.177
2017-06-23,451.479,459.354,450.604,454.979,253772982.000,115461428331.974
2017-06-26,458.353,459.228,456.604,459.228,167086956.000,76731008629.968
2017-06-27,459.716,460.592,455.338,457.089,188561814.000,86189587567.990
2017-06-28,453.669,456.286,452.796,453.669,319258115.000,144837445922.312
2017-06-29,455.350,459.703,455.350,459.703,360809216.000,165865151184.691
2017-06-30,453.922,458.262,452.186,457.394,260990436.000,119375417725.314
2017-07-03,434.065,437.538,433.197,436.669,259451957.000,113294727797.496
2017-07-04,437.946,438.815,427.518,430.994,350899694.000,151235746931.763
2017-07-05,431.490,433.230,424.531,431.490,325061325.000,140260789138.968
2017-07-06,431.738,433.479,429.127,429.997,200176227.000,86075249144.761
2017-07-07,426.050,427.789,424.311,424.311,198181104.000,84090446201.076
2017-07-10,425.464,428.945,420.244,423.724,262299552.000,111142638978.608
2017-07-11,426.369,441.161,426.369,436.810,435890808.000,190401585891.906
2017-07-12,441.320,453.482,440.451,450.876,732188436.000,330126237201.242
2017-07-13,456.673,461.882,454.937,456.673,435475631.000,198870049930.789
2017-07-14,458.235,458.235,453.896,457.367,239545564.000,109560353347.314
2017-07-17,458.752,459.618,452.693,457.887,311641791.000,142696578283.975
2017-07-18,458.341,459.208,455.742,459.208,323554270.000,148578676862.733
2017-07-19,458.047,462.368,455.454,461.504,301220853.000,139014676738.248
2017-07-20,464.864,464.864,458.816,464.864,313997338.000,145966146451.287
2017-07-21,466.112,466.112,460.070,462.659,223887510.000,103583598355.591
2017-07-24,462.707,465.297,459.254,465.297,234912615.000,109304167909.421
2017-07-25,462.465,471.109,462.465,466.787,302368451.000,141141601663.247
2017-07-26,466.987,473.905,466.122,473.040,350091237.000,165607204262.341
2017-07-27,472.316,474.039,467.144,472.316,309684193.000,146268712589.414
2017-07-28,466.769,470.221,465.044,467.632,353876310.000,165483950295.656
2017-07-31,468.700,473.869,466.976,471.284,249660032.000,117660843432.696
2017-08-01,470.278,478.015,470.278,476.296,392598840.000,186993241392.686
2017-08-02,476.495,481.656,474.775,477.355,276943532.000,132200518189.626
2017-08-03,475.497,484.955,473.777,483.236,398718252.000,192674893607.996
2017-08-04,484.301,487.736,481.725,483.442,294495074.000,142371425977.393
2017-08-07,484.938,487.518,483.219,485.798,324534613.000,157658363286.558
2017-08-08,482.758,488.771,480.181,485.335,329719665.000,160024493612.775
2017-08-09,480.889,483.461,474.889,481.746,295482985.000,142347864285.004
2017-08-10,480.173,480.173,465.648,467.357,382735545.000,178874059557.456
2017-08-11,456.865,461.127,450.046,451.751,737193560.000,333027780484.848
2017-08-14,455.718,460.829,453.163,459.977,273612644.000,125855632594.246
2017-08-15,464.705,481.759,463.000,473.232,628419423.000,297388086122.223
2017-08-16,477.151,482.273,475.444,482.273,401687721.000,193723021763.517
2017-08-17,481.900,483.606,475.076,477.635,358507607.000,171235852570.966
2017-08-18,470.939,474.351,464.967,467.526,324166661.000,151556407184.018
2017-08-21,465.602,469.865,464.749,467.307,192838161.000,90114622502.427
2017-08-22,468.144,480.911,468.144,478.358,377132607.000,180404226138.307
2017-08-24,480.329,491.381,479.479,489.681,634065622.000,310489659582.958
2017-08-25,487.577,507.148,487.577,507.148,727689440.000,369046476977.741
2017-08-28,505.545,514.876,499.607,502.152,521095161.000,261669060661.698
2017-08-29,496.547,506.715,493.158,502.479,269712714.000,135524853447.285
2017-08-30,505.155,510.223,504.310,508.533,390388416.000,198525579740.168
2017-08-31,497.712,500.243,488.433,494.338,636779125.000,314784042680.755
2017-09-01,493.564,498.618,488.511,488.511,340882116.000,166524595192.853
2017-09-04,485.058,486.736,479.183,484.218,285501663.000,138245158455.199
2017-09-05,484.532,487.874,479.520,484.532,266568314.000,129160878319.048
2017-09-06,480.735,481.570,472.389,479.066,310973607.000,148976925547.367
2017-09-07,486.298,486.298,479.625,480.459,280305209.000,134675126774.306
2017-09-08,483.355,485.021,479.188,485.021,185575691.000,90008170320.246
2017-09-11,489.110,491.606,485.783,488.278,228038362.000,111346192853.679
2017-09-12,490.409,492.916,482.890,489.574,223746966.000,109540630008.394
2017-09-13,488.732,490.406,482.037,483.711,247320996.000,119631851671.217
2017-09-14,480.122,485.150,476.771,480.122,342951735.000,164658820380.916
2017-09-15,475.649,479.836,470.624,479.836,373243424.000,179095605471.424
2017-09-18,484.507,485.344,480.323,485.344,162779012.000,79003816800.128
2017-09-19,485.422,492.129,481.230,487.099,347289059.000,169164076946.248
2017-09-20,488.035,493.925,488.035,492.242,229799326.000,113116971748.622
