2017-01-03,2418.822,2450.177,2378.508,2445.698,5651085.000,13820846152.113
2017-01-04,2460.563,2465.045,2415.744,2438.154,3978793.000,9700908476.605
2017-01-05,2435.469,2489.094,2435.469,2466.750,5774895.000,14245222241.250
2017-01-06,2461.746,2470.601,2430.752,2448.463,4342727.000,10633005510.056
2017-01-09,2469.366,2473.832,2433.643,2455.970,4290216.000,10536641789.520
2017-01-10,2450.407,2495.041,2441.480,2472.724,5417400.000,13395732830.640
2017-01-11,2473.056,2504.304,2437.344,2473.056,5237987.000,12953835178.272
2017-01-12,2514.284,2518.742,2474.162,2500.910,7922178.000,19812653785.871
2017-01-13,2492.523,2501.409,2443.650,2492.523,5067036.000,12629703771.828
2017-01-16,2482.295,2482.295,2429.008,2451.211,5768900.000,14140792291.680
2017-01-17,2464.220,2468.668,2446.427,2450.876,2739580.000,6714369639.269
2017-01-18,2443.043,2482.804,2434.208,2465.132,6881803.000,16964555545.717
2017-01-19,2457.576,2466.416,2435.475,2461.996,4780864.000,11770466610.285
2017-01-20,2461.746,2461.746,2399.759,2430.752,9531353.000,23168359179.997
2017-01-23,2439.592,2448.431,2421.913,2426.333,6964430.000,16898025986.969
2017-01-24,2435.771,2440.176,2409.344,2435.771,13546317.000,32995732201.250
2017-01-25,2440.668,2458.354,2422.982,2449.511,5630570.000,13792143151.270
2017-01-26,2466.778,2497.724,2440.254,2471.199,5224769.000,12911445234.223
2017-01-27,2453.516,2488.882,2440.254,2457.937,3092992.000,7602379477.504
2017-02-01,2440.254,2453.516,2409.309,2426.992,8370441.000,20314991250.862
2017-02-02,2431.412,2431.412,2378.363,2391.626,6902936.000,16509239488.202
2017-02-03,2403.229,2416.482,2385.558,2407.646,9396940.000,22624509701.710
2017-02-06,2423.064,2560.135,2414.221,2546.870,21761928.000,55424810270.131
2017-02-07,2520.369,2577.851,2502.682,2555.743,17442788.000,44579276354.369
2017-02-08,2551.218,2573.402,2511.285,2564.528,13532989.000,34705731920.790
2017-02-09,2545.870,2581.291,2528.160,2576.863,12319020.000,31744429298.064
2017-02-10,2594.680,2625.727,2559.197,2607.986,16569425.000,43212825114.165
2017-02-13,2619.777,2641.979,2570.934,2619.777,14179859.000,37148068471.443
2017-02-14,2624.632,2629.065,2571.430,2620.198,10823302.000,28359199665.447
2017-02-15,2613.757,2635.870,2565.108,2613.757,20252106.000,52934075721.400
2017-02-16,2617.558,2652.930,2568.921,2604.293,17472467.000,45503422627.208
2017-02-17,2584.846,2620.134,2549.558,2576.024,9803205.000,25253291356.920
2017-02-20,2608.475,2612.903,2581.903,2595.189,5337600.000,13852080272.640
2017-02-21,2619.164,2632.459,2583.710,2592.574,7047296.000,18270634618.080
2017-02-22,2642.843,2642.843,2607.368,2616.237,10924625.000,28581408136.125
2017-02-23,2611.193,2611.193,2580.212,2602.341,12427296.000,32340061899.936
2017-02-24,2596.888,2601.312,2579.192,2588.040,6860053.000,17754091566.120
2017-02-27,2580.239,2597.972,2562.505,2580.239,12526360.000,32321000094.768
2017-02-28,2586.536,2586.536,2515.672,2520.101,16484149.000,41541720379.049
2017-03-01,2561.378,2561.378,2508.201,2534.789,9453730.000,23963214594.462
2017-03-02,2557.206,2574.934,2517.319,2530.615,9033105.000,22859310106.264
2017-03-03,2520.727,2534.041,2489.662,2516.289,14324251.000,36043959521.814
2017-03-06,2542.877,2542.877,2516.297,2520.727,4584016.000,11555052441.230
2017-03-07,2531.171,2553.374,2517.849,2526.730,5735550.000,14492185391.167
2017-03-08,2529.433,2564.996,2507.206,2551.660,5451597.000,13910619820.381
2017-03-09,2549.879,2554.329,2518.728,2527.628,7646600.000,19327763323.440
2017-03-10,2545.715,2545.715,2523.462,2527.912,5677675.000,14352665035.670
2017-03-13,2545.610,2598.921,2523.397,2563.380,7497322.000,19218486767.824
2017-03-14,2559.038,2585.741,2550.137,2576.840,7745962.000,19960100847.099
2017-03-15,2575.624,2588.969,2544.485,2566.727,5547697.000,14239422568.180
2017-03-16,2660.040,2660.040,2589.106,2602.406,11019925.000,28678316735.565
2017-03-17,2613.305,2648.799,2608.868,2617.742,19307676.000,50542504733.754
2017-03-20,2644.269,2644.269,2604.272,2644.269,9701700.000,25653906982.725
2017-03-21,2645.995,2659.336,2623.760,2641.548,9439061.000,24933729874.710
2017-03-22,2585.722,2634.509,2541.370,2567.981,11443107.000,29385679068.346
2017-03-23,2566.417,2570.850,2517.660,2530.957,12337380.000,31225384441.350
2017-03-24,2565.896,2565.896,2517.149,2526.012,5747302.000,14517753819.624
2017-03-27,2494.459,2538.687,2476.768,2494.459,8534630.000,21289286322.096
2017-03-28,2497.054,2523.618,2483.771,2488.199,4974813.000,12378323736.824
2017-03-29,2555.078,2555.078,2492.976,2510.719,8497515.000,21334875762.291
2017-03-30,2509.304,2527.038,2482.704,2496.004,7331152.000,18298586182.838
2017-03-31,2508.007,2512.446,2476.934,2490.251,9536094.000,23747267142.789
2017-04-03,2503.568,2539.079,2503.568,2521.324,10249643.000,25842666787.475
2017-04-05,2535.991,2567.025,2518.256,2562.592,16089937.000,41231942227.710
2017-04-06,2555.194,2572.938,2541.885,2550.758,7112000.000,18140987340.000
2017-04-07,2569.023,2569.023,2498.031,2546.838,7539341.000,19201480153.758
2017-04-10,2568.343,2572.787,2537.239,2559.456,9176466.000,23486760962.496
2017-04-11,2560.264,2560.264,2502.581,2546.953,8144780.000,20744370226.384
2017-04-12,2555.050,2555.050,2510.691,2523.999,16660350.000,42050700908.528
2017-04-13,2508.828,2535.329,2504.411,2508.828,3681018.000,9235039554.497
2017-04-18,2528.845,2533.274,2471.270,2484.557,7329471.000,18210487013.453
2017-04-19,2486.377,2499.626,2442.214,2464.295,6358386.000,15668941371.224
2017-04-20,2508.578,2508.578,2468.759,2495.305,5548407.000,13844968838.816
2017-04-21,2509.485,2509.485,2469.652,2478.504,4467052.000,11071606250.208
2017-04-24,2499.343,2512.590,2468.432,2486.095,7311200.000,18176340688.480
2017-04-25,2503.927,2548.166,2495.080,2526.047,11140690.000,28141905438.361
2017-04-26,2530.442,2596.800,2530.442,2579.105,16220402.000,41834112601.029
2017-04-27,2581.116,2598.825,2554.552,2576.689,11445850.000,29492391212.310
2017-04-28,2586.653,2613.228,2546.790,2546.790,9610250.000,24475288597.500
2017-05-02,2570.937,2588.668,2535.476,2539.908,7453689.000,18931687674.772
2017-05-04,2499.112,2534.561,2494.681,2499.112,8414949.000,21029901708.278
2017-05-05,2487.047,2504.748,2442.793,2460.495,6567400.000,16159052236.040
2017-05-08,2484.725,2506.871,2458.151,2484.725,7406800.000,18403861870.680
2017-05-09,2500.804,2522.974,2487.502,2500.804,6630188.000,16580801997.190
2017-05-10,2506.510,2590.799,2488.764,2533.127,14366900.000,36393186606.370
2017-05-11,2518.398,2580.472,2518.398,2536.134,9437122.000,23933802191.499
2017-05-12,2518.024,2588.830,2504.748,2575.554,16679728.000,42959535165.394
2017-05-15,2605.971,2636.889,2592.720,2610.388,13635098.000,35592894834.514
2017-05-16,2636.621,2636.621,2570.374,2592.456,8853400.000,22952051278.410
2017-05-17,2564.496,2577.715,2538.058,2555.683,6531952.000,16693598683.216
2017-05-18,2520.518,2538.144,2507.298,2516.111,7472888.000,18802619435.012
2017-05-19,2536.477,2558.572,2501.126,2523.220,4655749.000,11747481086.867
2017-05-22,2523.206,2589.374,2518.795,2554.085,8003276.000,20441045581.805
2017-05-23,2539.872,2614.833,2535.463,2553.101,16095252.000,41092795928.826
2017-05-24,2595.755,2595.755,2529.537,2547.195,7853138.000,20003476596.508
2017-05-25,2575.528,2654.910,2571.117,2637.270,19637593.000,51789628999.832
2017-05-26,2649.539,2671.581,2623.087,2631.904,11069078.000,29132754538.689
2017-05-29,2636.313,2653.947,2618.679,2640.721,4531620.000,11966746137.249
2017-05-31,2664.269,2783.170,2642.250,2747.940,25256752.000,69404039090.880
2017-06-01,2726.599,2735.338,2669.795,2717.860,14782477.000,40176704417.468
2017-06-02,2703.947,2734.525,2703.947,2717.052,12205557.000,33163126955.186
2017-06-05,2712.169,2720.890,2655.484,2672.925,14683378.000,39247571077.326
2017-06-06,2689.441,2693.800,2641.493,2685.082,9122729.000,24495279077.870
2017-06-07,2672.711,2751.064,2672.711,2733.653,14213054.000,38853552021.040
2017-06-08,2736.259,2771.116,2688.331,2740.616,10642377.000,29166667619.994
2017-06-09,2767.711,2798.221,2693.615,2711.049,23712167.000,64284851375.616
2017-06-12,2706.008,2767.013,2671.148,2684.220,17014800.000,45671466456.000
2017-06-13,2666.147,2683.573,2626.939,2657.435,13592562.000,36121343202.189
2017-06-14,2691.977,2691.977,2604.858,2613.570,13900116.000,36328926174.120
2017-06-15,2566.795,2597.249,2549.393,2562.445,13043279.000,33422678535.516
2017-06-16,2588.385,2605.815,2562.239,2592.742,10642462.000,27593160871.419
2017-06-19,2605.725,2644.942,2597.010,2631.870,9562600.000,25167516236.960
2017-06-20,2671.839,2671.839,2588.890,2606.353,8688349.000,22644902309.110
2017-06-21,2600.805,2609.547,2548.351,2561.465,11682276.000,29923736421.430
2017-06-22,2574.813,2675.358,2561.699,2609.785,15554243.000,40593237844.876
2017-06-23,2638.004,2638.004,2598.631,2616.130,8257981.000,21603955136.722
2017-06-26,2646.028,2716.006,2637.281,2698.511,17146200.000,46269212737.440
2017-06-27,2718.893,2832.728,2714.515,2823.971,36257000.000,102388725611.250
2017-06-28,2791.808,2800.532,2735.099,2783.084,17925636.000,49888543571.170
2017-06-29,2807.846,2807.846,2742.548,2786.080,13075186.000,36428514210.880
2017-06-30,2729.608,2777.344,2725.269,2768.665,11252985.000,31155743464.428
2017-07-03,2769.335,2812.741,2756.313,2791.038,14383811.000,40145762366.627
2017-07-04,2780.608,2824.055,2724.127,2750.195,18758001.000,51588162435.995
2017-07-05,2740.311,2840.354,2705.513,2827.305,21547565.000,60921538262.325
2017-07-06,2815.873,2846.339,2798.465,2811.521,24880445.000,69951898582.934
2017-07-07,2782.368,2817.148,2769.326,2778.021,22190511.000,61645695573.001
2017-07-10,2792.925,2853.830,2758.122,2758.122,24586243.000,67811855257.022
2017-07-11,2758.344,2858.410,2758.344,2832.306,29708000.000,84142137735.600
2017-07-12,2823.405,2849.467,2779.968,2814.718,17450119.000,49117157071.394
2017-07-13,2834.673,2895.447,2830.332,2882.424,17895480.000,51582361043.520
2017-07-14,2881.328,2898.686,2859.632,2890.007,7921251.000,22892471630.882
2017-07-17,2899.660,2973.233,2882.348,2938.610,25387724.000,74604623431.799
2017-07-18,2932.866,2989.183,2924.201,2945.862,24832374.000,73152746936.388
2017-07-19,2947.058,3011.876,2947.058,2977.307,19183061.000,57113857960.115
2017-07-20,2937.804,2989.648,2937.804,2968.046,8479120.000,25166419047.432
2017-07-21,2986.568,2986.568,2913.199,2926.146,7632120.000,22332699699.156
2017-07-24,2926.451,2986.880,2913.503,2952.349,7951854.000,23476649795.417
2017-07-25,2956.316,2982.249,2913.095,2969.283,8272210.000,24562530043.767
2017-07-26,2966.230,2974.878,2910.018,2948.934,10479093.000,30902152588.953
2017-07-27,2926.117,2973.520,2921.807,2951.973,11991095.000,35397391678.209
2017-07-28,2929.172,2972.312,2911.916,2955.056,9944938.000,29387846220.293
2017-07-31,2946.604,2985.375,2942.296,2972.451,5345645.000,15889667825.895
2017-08-01,3009.090,3146.648,2987.596,3116.557,20995241.000,65432875802.857
2017-08-02,3165.168,3298.483,3135.064,3182.370,31501349.000,100248948017.130
2017-08-03,3164.248,3181.445,3116.956,3129.854,13305009.000,41642735638.686
2017-08-04,3112.751,3142.805,3095.577,3108.458,5031002.000,15638657408.716
2017-08-07,3146.941,3181.334,3125.446,3146.941,5537071.000,17424836857.225
2017-08-08,3139.645,3156.825,3109.580,3122.465,8324235.000,25992132439.275
2017-08-09,3085.920,3098.778,3038.774,3047.346,10945601.000,33355033424.946
2017-08-10,3024.576,3054.480,2917.776,2964.768,18614004.000,55186203411.072
2017-08-11,2906.548,2953.427,2872.453,2898.024,19850793.000,57528074533.032
2017-08-14,2900.413,2972.817,2900.413,2947.263,9219572.000,27172499743.607
2017-08-15,2945.975,3035.505,2945.975,2963.028,15045423.000,44580013382.200
2017-08-16,2944.851,2996.066,2936.315,2961.923,9148052.000,27095821964.775
2017-08-17,2963.897,2985.220,2925.516,2959.632,10756200.000,31834398020.880
2017-08-18,2913.507,2973.228,2913.507,2934.836,11982676.000,35167188901.136
2017-08-21,2941.988,3001.680,2916.405,2959.043,10044023.000,29720690927.978
2017-08-22,2991.863,3145.073,2987.607,3119.538,20928000.000,65285692310.400
2017-08-24,3162.521,3171.022,3094.510,3128.515,15024635.000,47004798971.952
2017-08-25,3118.622,3207.968,3097.349,3190.950,20464471.000,65301103737.450
2017-08-28,3214.792,3316.579,3210.551,3231.756,33952534.000,109726315655.464
2017-08-29,3245.350,3245.350,3114.011,3114.011,26644090.000,82969996006.012
2017-08-30,3159.328,3222.683,3125.538,3125.538,24066565.000,75220963436.970
2017-08-31,3159.207,3159.207,3095.939,3108.592,9747855.000,30302106994.516
2017-09-01,3112.151,3171.109,3086.883,3120.573,19709057.000,61503557042.378
2017-09-04,3117.628,3138.608,3042.100,3063.080,13203419.000,40443128670.520
2017-09-05,3057.564,3103.511,3040.856,3053.387,15006369.000,45820252021.803
2017-09-06,3054.673,3067.192,3008.769,3042.153,9926379.000,30197568120.858
2017-09-07,3073.769,3086.281,2956.991,2969.503,14125440.000,41945533631.232
2017-09-08,2995.965,3037.634,2983.465,3025.133,11264941.000,34077945888.647
2017-09-11,3031.984,3061.098,2986.234,2994.552,8832597.000,26449671011.544
2017-09-12,2978.379,3028.506,2957.493,3007.620,13582985.000,40852457345.700
2017-09-13,3050.391,3050.391,2929.045,2970.889,12586230.000,37392285965.355
2017-09-14,2970.391,2970.391,2878.221,2882.410,25823358.000,74433515662.123
2017-09-15,2876.503,2876.503,2784.388,2834.633,35768317.000,101390046357.413
2017-09-18,2866.040,2916.248,2853.488,2895.328,15352194.000,44449637149.632
2017-09-19,2892.411,2934.330,2858.876,2871.451,10779998.000,30954241427.097
2017-09-20,2860.896,2911.382,2860.896,2898.761,11674850.000,33842597525.880
