2010-12-17,3.564,3.585,3.551,3.557,92249000.000,485039912.000
2010-12-20,3.542,3.542,3.447,3.474,37490000.000,193568790.000
2010-12-21,3.451,3.511,3.431,3.458,82140920.000,420740042.000
2010-12-22,3.512,3.620,3.498,3.525,90846000.000,479343105.000
2010-12-23,3.548,3.555,3.474,3.480,24294000.000,127362180.000
2010-12-24,3.448,3.495,3.408,3.468,15108000.000,77470930.000
2010-12-28,3.449,3.449,3.403,3.423,9134000.000,46588310.000
2010-12-29,3.425,3.472,3.418,3.445,12090000.000,61935816.000
2010-12-30,3.455,3.455,3.408,3.428,11527000.000,59118846.000
2010-12-31,3.451,3.519,3.438,3.512,11939000.000,61978010.000
2011-01-03,3.533,3.614,3.500,3.581,46288000.000,246310900.000
2011-01-04,3.602,3.751,3.602,3.730,76084940.000,414670062.000
2011-01-05,3.715,3.728,3.593,3.613,178871300.000,953893774.000
2011-01-06,3.667,3.789,3.653,3.782,39931000.000,218412650.000
2011-01-07,3.797,4.015,3.783,3.920,125903000.000,723520560.000
2011-01-10,3.916,3.944,3.841,3.882,17640000.000,100483835.000
2011-01-11,3.855,3.937,3.781,3.896,21518000.000,122645245.000
2011-01-12,3.935,4.010,3.901,3.982,43743000.000,255030865.000
2011-01-13,3.967,4.001,3.851,3.892,47383475.000,272994143.000
2011-01-14,3.862,3.882,3.855,3.862,23700000.000,135474857.000
2011-01-17,3.857,3.891,3.742,3.756,23642447.000,133582958.000
2011-01-18,3.793,3.963,3.793,3.922,26196553.000,151192191.000
2011-01-19,3.922,3.942,3.840,3.928,18394430.000,105639340.000
2011-01-20,3.904,3.904,3.796,3.837,20094591.000,114367368.000
2011-01-21,3.798,3.825,3.684,3.758,32236000.000,179386911.000
2011-01-24,3.766,3.773,3.645,3.679,16366000.000,89869755.000
2011-01-25,3.615,3.669,3.515,3.615,58358500.000,313979506.000
2011-01-26,3.652,3.699,3.591,3.625,30076000.000,162935302.000
2011-01-27,3.618,3.631,3.558,3.598,18370000.000,98865400.000
2011-01-28,3.553,3.586,3.459,3.500,60589560.000,316598289.000
2011-01-31,3.473,3.527,3.420,3.527,13748000.000,71322630.000
2011-02-01,3.512,3.525,3.439,3.485,12421000.000,64812905.000
2011-02-02,3.539,3.700,3.519,3.660,29859980.000,161832165.000
2011-02-07,3.653,3.666,3.593,3.600,11254509.000,60850080.000
2011-02-08,3.595,3.622,3.555,3.561,10953607.000,58689457.000
2011-02-09,3.541,3.567,3.514,3.521,16667916.000,87901505.000
2011-02-10,3.465,3.532,3.432,3.452,31201000.000,162460350.000
2011-02-11,3.460,3.460,3.334,3.387,46718000.000,238099831.000
2011-02-14,3.434,3.534,3.387,3.501,15884000.000,82561892.000
2011-02-15,3.503,3.503,3.430,3.490,11697560.000,61099139.000
2011-02-16,3.480,3.514,3.447,3.500,15498370.000,80898225.000
2011-02-17,3.511,3.605,3.478,3.598,7630000.000,40594780.000
2011-02-18,3.617,3.779,3.597,3.772,40567000.000,223184155.000
2011-02-21,3.718,3.927,3.711,3.920,79429292.000,454244806.000
2011-02-22,3.768,4.004,3.728,3.802,61732000.000,352077425.000
2011-02-23,3.763,3.816,3.736,3.749,33303726.000,187421279.000
2011-02-24,3.770,3.918,3.743,3.844,35692000.000,203886024.000
2011-02-25,3.917,4.046,3.890,3.978,61557000.000,364261025.000
2011-02-28,3.986,4.128,3.973,4.122,38361000.000,230331970.000
2011-03-01,4.113,4.269,4.106,4.235,55284000.000,344204242.000
2011-03-02,4.152,4.166,4.051,4.085,18216285.000,111005523.000
2011-03-03,4.087,4.202,4.087,4.127,10833880.000,66217163.000
2011-03-04,4.165,4.165,4.023,4.090,11377100.000,68490680.000
2011-03-07,4.053,4.100,3.985,3.999,10623909.000,63678691.000
2011-03-08,3.999,4.135,3.972,4.114,16075000.000,96380763.000
2011-03-09,4.154,4.399,4.140,4.283,38594500.000,243030360.000
2011-03-10,4.276,4.289,4.187,4.221,23650487.000,147290905.000
2011-03-11,4.145,4.206,4.077,4.124,30193000.000,183746488.000
2011-03-14,4.072,4.119,4.065,4.106,14922000.000,90251780.000
2011-03-15,4.058,4.072,3.889,3.997,18098200.000,106700860.000
2011-03-16,4.068,4.204,4.034,4.149,21738000.000,132181435.000
2011-03-17,4.033,4.080,3.972,3.992,26502594.000,158956056.000
2011-03-18,4.010,4.064,3.956,3.976,14403000.000,85515327.000
2011-03-21,3.989,4.016,3.962,3.982,52252000.000,309276225.000
2011-03-22,4.022,4.096,4.009,4.056,29311000.000,175431646.000
2011-03-23,4.049,4.090,3.969,3.982,12219000.000,73017371.000
2011-03-24,4.065,4.234,4.058,4.180,43949233.000,271011066.000
2011-03-25,4.237,4.265,4.176,4.244,24105000.000,149927924.000
2011-03-28,4.233,4.253,4.023,4.111,24146000.000,147309900.000
2011-03-29,3.790,3.790,3.524,3.538,283717759.000,1537506855.000
2011-03-30,3.497,3.530,3.450,3.470,147875964.000,777581280.000
2011-03-31,3.503,3.603,3.503,3.556,105132100.000,562204030.000
2011-04-01,3.584,3.637,3.571,3.617,36536362.000,197033788.000
2011-04-04,3.629,3.649,3.575,3.602,65538855.000,355613685.000
2011-04-06,3.566,3.586,3.493,3.513,51147900.000,270940774.000
2011-04-07,3.532,3.598,3.518,3.585,40183247.000,215525099.000
2011-04-08,3.589,3.596,3.543,3.569,21597000.000,115453540.000
2011-04-11,3.579,3.599,3.513,3.539,36106000.000,192249006.000
2011-04-12,3.518,3.538,3.491,3.524,26221800.000,138409067.000
2011-04-13,3.506,3.579,3.499,3.572,25895627.000,137906632.000
2011-04-14,3.537,3.543,3.510,3.517,16539000.000,87752570.000
2011-04-15,3.516,3.556,3.516,3.523,17790000.000,94665035.000
2011-04-18,3.508,3.508,3.442,3.448,39688000.000,207677426.000
2011-04-19,3.434,3.440,3.388,3.440,22647000.000,116662275.000
2011-04-20,3.460,3.560,3.453,3.560,33035426.000,174838109.000
2011-04-21,3.561,3.615,3.548,3.581,44609600.000,241005744.000
2011-04-26,3.560,3.593,3.533,3.593,14658520.000,78550560.000
2011-04-27,3.596,3.596,3.543,3.589,21833000.000,117609530.000
2011-04-28,3.592,3.592,3.539,3.572,12663129.000,68271254.000
2011-04-29,3.569,3.582,3.549,3.569,10193459.000,54878373.000
2011-05-03,3.570,3.584,3.550,3.570,13355456.000,71968172.000
2011-05-04,3.552,3.552,3.453,3.466,7820000.000,41171795.000
2011-05-05,3.487,3.546,3.441,3.540,18081000.000,95451322.000
2011-05-06,3.521,3.528,3.481,3.508,10718000.000,56939946.000
2011-05-09,3.511,3.544,3.498,3.537,15452000.000,82231855.000
2011-05-11,3.561,3.600,3.528,3.587,45855941.000,247434525.000
2011-05-12,3.558,3.571,3.525,3.545,13142000.000,70480592.000
2011-05-13,3.568,3.588,3.489,3.568,18343000.000,97927010.000
2011-05-16,3.555,3.555,3.462,3.482,16356000.000,86244318.000
2011-05-17,3.502,3.549,3.483,3.489,39613000.000,209808638.000
2011-05-18,3.509,3.549,3.502,3.549,24171429.000,129107611.000
2011-05-19,3.650,3.802,3.616,3.630,42208000.000,232057735.000
2011-05-20,3.649,3.662,3.609,3.649,30160000.000,165458549.000
2011-05-23,3.631,3.644,3.565,3.604,26291000.000,142996800.000
2011-05-24,3.606,3.626,3.553,3.612,15788300.000,85554786.000
2011-05-25,3.608,3.641,3.569,3.615,13352000.000,72815892.000
2011-05-26,3.640,3.640,3.613,3.633,13135200.000,71889237.000
2011-05-27,3.643,3.689,3.623,3.676,17104000.000,94055119.000
2011-05-30,3.710,3.783,3.683,3.757,46177957.000,261027019.000
2011-05-31,3.729,3.835,3.662,3.682,147519073.000,830492142.000
2011-06-01,3.652,3.665,3.514,3.533,68338982.000,373404633.000
2011-06-02,3.492,3.519,3.460,3.512,29974619.000,159098388.000
2011-06-03,3.474,3.488,3.356,3.370,46472000.000,241774427.000
2011-06-07,3.354,3.472,3.321,3.472,24638325.000,128159138.000
2011-06-08,3.448,3.454,3.363,3.389,13436000.000,69944370.000
2011-06-09,3.363,3.396,3.279,3.285,23598400.000,119661441.000
2011-06-10,3.274,3.313,3.157,3.189,19048000.000,94122929.000
2011-06-13,3.118,3.151,3.047,3.138,33131782.000,157957055.000
2011-06-14,3.118,3.216,3.086,3.164,26029970.000,127092837.000
2011-06-15,3.185,3.211,3.120,3.133,13261000.000,64716190.000
2011-06-16,3.118,3.118,3.040,3.079,15413000.000,72819690.000
2011-06-17,3.073,3.170,3.035,3.048,8950000.000,42867200.000
2011-06-20,3.025,3.057,2.815,2.828,35353000.000,159039803.000
2011-06-21,2.888,3.055,2.791,3.036,46622426.000,210177806.000
2011-06-22,2.993,3.019,2.808,2.821,34732000.000,156083745.000
2011-06-23,2.820,2.827,2.744,2.801,26994047.000,117988783.000
2011-06-24,2.825,2.954,2.819,2.935,29614625.000,134422443.000
2011-06-27,2.906,2.996,2.874,2.957,13773000.000,63359985.000
2011-06-28,2.969,2.988,2.892,2.905,11132000.000,50766356.000
2011-06-29,2.936,2.962,2.885,2.891,11151468.000,50916880.000
2011-06-30,2.919,2.957,2.919,2.944,6951771.000,31743532.000
2011-07-04,3.048,3.165,3.029,3.165,32382700.000,154140699.000
2011-07-05,3.154,3.154,3.044,3.083,12392000.000,58964149.000
2011-07-06,3.066,3.066,3.020,3.033,13146584.000,61698636.000
2011-07-07,3.055,3.100,3.035,3.048,59669000.000,283627561.000
2011-07-08,3.064,3.096,3.057,3.077,22798000.000,108334937.000
2011-07-11,3.066,3.066,2.969,2.995,14541000.000,68450052.000
2011-07-12,2.908,2.921,2.781,2.794,25716000.000,113904754.000
2011-07-13,2.841,2.892,2.809,2.829,14306000.000,63718915.000
2011-07-14,2.841,2.841,2.815,2.841,6805000.000,30210327.000
2011-07-15,2.828,2.828,2.790,2.797,4765000.000,20975110.000
2011-07-18,2.800,2.826,2.756,2.781,6431500.000,28190811.000
2011-07-19,2.756,2.756,2.642,2.692,17337881.000,73248932.000
2011-07-20,2.731,2.769,2.705,2.756,17391500.000,75394410.000
2011-07-21,2.761,2.806,2.761,2.806,7383100.000,32413096.000
2011-07-22,2.839,2.928,2.839,2.922,8305739.000,37597451.000
2011-07-25,2.859,2.865,2.814,2.834,4788629.000,21284486.000
2011-07-26,2.815,2.904,2.808,2.891,6200000.000,27897580.000
2011-07-27,2.853,2.917,2.853,2.898,3491000.000,15773425.000
2011-07-28,2.865,2.865,2.814,2.846,6658000.000,29554294.000
2011-07-29,2.850,2.882,2.811,2.875,8257000.000,36988391.000
2011-08-01,2.910,3.032,2.910,3.007,19425000.000,90859537.000
2011-08-02,3.001,3.001,2.918,2.956,3416000.000,15742450.000
2011-08-03,2.881,2.894,2.824,2.881,16557000.000,74359150.000
2011-08-04,2.859,2.891,2.752,2.790,18858000.000,82976816.000
2011-08-05,2.586,2.694,2.549,2.687,14505000.000,60401678.000
2011-08-08,2.568,2.625,2.512,2.562,17953769.000,73135120.000
2011-08-09,2.378,2.465,2.286,2.385,17452000.000,67548324.000
2011-08-10,2.451,2.457,2.231,2.262,18006000.000,68141055.000
2011-08-11,2.192,2.216,2.119,2.174,25906813.000,92710219.000
2011-08-12,2.222,2.259,2.155,2.192,23176000.000,84796195.000
2011-08-15,2.303,2.408,2.279,2.390,29614958.000,112321618.000
2011-08-16,2.454,2.622,2.454,2.566,37027000.000,152912085.000
2011-08-17,2.581,2.588,2.513,2.532,20293237.000,83286798.000
2011-08-18,2.520,2.526,2.396,2.427,8624000.000,34088895.000
2011-08-19,2.329,2.341,2.243,2.311,15345000.000,57117460.000
2011-08-22,2.250,2.317,2.146,2.244,8878000.000,32522630.000
2011-08-23,2.237,2.261,2.145,2.243,9889887.000,35887822.000
2011-08-24,2.252,2.301,2.179,2.204,10886723.000,40226015.000
2011-08-25,2.260,2.340,2.242,2.315,9615000.000,35982680.000
2011-08-26,2.282,2.331,2.233,2.257,6093000.000,22676730.000
2011-08-29,2.265,2.271,2.234,2.240,2750000.000,10151150.000
2011-08-30,2.277,2.338,2.264,2.277,12594000.000,47539071.000
2011-08-31,2.297,2.303,2.254,2.291,13801625.000,51530169.000
2011-09-01,2.323,2.403,2.292,2.366,40199085.000,153766431.000
2011-09-02,2.357,2.394,2.302,2.339,9671800.000,36793952.000
2011-09-05,2.262,2.274,2.207,2.213,5716000.000,20976205.000
2011-09-06,2.155,2.191,2.058,2.155,11745102.000,41160342.000
2011-09-07,2.171,2.219,2.165,2.207,3219418.000,11620184.000
2011-09-08,2.197,2.197,2.076,2.094,15604480.000,54712211.000
2011-09-09,2.083,2.119,2.053,2.059,9575000.000,33191136.000
2011-09-12,1.965,1.989,1.824,1.853,15888300.000,50879256.000
2011-09-14,1.850,1.850,1.631,1.683,40055063.000,117468905.000
2011-09-15,1.703,1.743,1.657,1.697,12517302.000,36976478.000
2011-09-16,1.753,1.847,1.753,1.806,15026256.000,46428548.000
2011-09-19,1.793,1.793,1.700,1.712,5210435.000,15657285.000
2011-09-20,1.713,1.742,1.673,1.719,3798000.000,11182620.000
2011-09-21,1.719,1.719,1.650,1.696,11275000.000,32951263.000
2011-09-22,1.602,1.602,1.513,1.513,14338179.000,39336666.000
2011-09-23,1.447,1.463,1.364,1.403,24081000.000,61079944.000
2011-09-26,1.374,1.450,1.309,1.319,28812000.000,72546385.000
2011-09-27,1.411,1.483,1.394,1.467,23350706.000,60940578.000
2011-09-28,1.433,1.433,1.351,1.362,23734000.000,60148672.000
2011-09-30,1.326,1.347,1.288,1.310,20646000.000,49928071.000
2011-10-03,1.215,1.257,1.168,1.178,21418775.000,48504008.000
2011-10-04,1.147,1.194,1.121,1.142,9792967.000,21506496.000
2011-10-06,1.228,1.244,1.186,1.207,13098813.000,30084431.000
2011-10-07,1.268,1.344,1.257,1.317,41373000.000,97728998.000
2011-10-10,1.328,1.339,1.258,1.290,8872421.000,21078391.000
2011-10-11,1.405,1.471,1.389,1.427,38837000.000,100009053.000
2011-10-12,1.443,1.573,1.431,1.562,29528038.000,79607548.000
2011-10-13,1.648,1.769,1.631,1.682,28510000.000,83279982.000
2011-10-14,1.664,1.780,1.658,1.728,27821000.000,82221343.000
2011-10-17,1.771,1.777,1.684,1.748,10142000.000,30190630.000
2011-10-18,1.627,1.644,1.530,1.559,17502000.000,48836020.000
2011-10-19,1.569,1.580,1.474,1.485,17974000.000,48626936.000
2011-10-20,1.467,1.467,1.411,1.439,9650713.000,24792618.000
2011-10-21,1.461,1.506,1.444,1.489,7271000.000,19178060.000
2011-10-24,1.551,1.671,1.551,1.648,14871935.000,42174710.000
2011-10-25,1.654,1.722,1.654,1.682,17249422.000,50889586.000
2011-10-26,1.708,1.825,1.697,1.808,35571400.000,108441826.000
2011-10-27,1.893,2.097,1.893,2.079,61486402.000,207245253.000
2011-10-28,2.144,2.228,2.144,2.198,46457710.000,169086307.000
2011-10-31,2.167,2.209,2.023,2.095,34287108.000,119526897.000
2011-11-01,1.948,2.024,1.894,1.936,29883000.000,99459639.000
2011-11-02,1.897,2.137,1.873,2.125,22988503.000,76995334.000
2011-11-03,2.087,2.286,2.063,2.202,35385000.000,129789606.000
2011-11-04,2.347,2.396,2.286,2.383,30287313.000,116663322.000
2011-11-07,2.395,2.395,2.237,2.261,14459113.000,54761425.000
2011-11-08,2.300,2.367,2.275,2.342,17268100.000,65608009.000
2011-11-09,2.391,2.409,2.348,2.385,12742100.000,49731844.000
2011-11-10,2.199,2.205,2.079,2.103,32933100.000,118289507.000
2011-11-11,2.156,2.289,2.156,2.247,18918246.000,69692623.000
2011-11-14,2.330,2.397,2.330,2.348,18382000.000,71320154.000
2011-11-15,2.331,2.423,2.312,2.411,10509000.000,40962875.000
2011-11-16,2.413,2.413,2.279,2.340,13053630.000,49841252.000
2011-11-17,2.283,2.400,2.283,2.363,11385000.000,44130170.000
2011-11-18,2.282,2.343,2.216,2.252,21766000.000,81447276.000
2011-11-21,2.156,2.180,2.042,2.090,23415000.000,81521210.000
2011-11-22,2.036,2.090,1.971,1.989,22762881.000,76983027.000
2011-11-23,1.964,1.964,1.870,1.899,15672000.000,50649394.000
2011-11-24,1.895,2.013,1.883,1.996,16287000.000,54112404.000
2011-11-25,1.913,1.960,1.901,1.907,5732000.000,18716770.000
2011-11-28,1.969,2.088,1.963,2.076,11214000.000,38113050.000
2011-11-29,2.088,2.094,2.010,2.040,8128000.000,27992300.000
2011-11-30,2.035,2.119,2.005,2.023,9839000.000,33975237.000
2011-12-01,2.307,2.417,2.277,2.381,35236072.000,135693936.000
2011-12-02,2.350,2.436,2.313,2.424,20494000.000,79440004.000
2011-12-05,2.436,2.511,2.387,2.498,17106000.000,68542750.000
2011-12-06,2.449,2.504,2.394,2.468,18431188.000,73322349.000
2011-12-07,2.490,2.552,2.465,2.533,13601031.000,55679392.000
2011-12-08,2.518,2.568,2.499,2.561,10867730.000,44569750.000
2011-12-09,2.475,2.531,2.432,2.445,7864719.000,31657271.000
2011-12-12,2.496,2.496,2.355,2.361,6060000.000,24048450.000
2011-12-13,2.334,2.352,2.291,2.334,8372634.000,31836100.000
2011-12-14,2.312,2.404,2.294,2.380,9022000.000,34874397.000
2011-12-15,2.384,2.427,2.305,2.409,12657439.000,49215834.000
2011-12-16,2.414,2.581,2.389,2.575,16459514.000,66825776.000
2011-12-19,2.501,2.550,2.434,2.434,15856000.000,64544810.000
2011-12-20,2.422,2.477,2.349,2.349,11940500.000,46874930.000
2011-12-21,2.428,2.453,2.391,2.440,9341755.000,36892900.000
2011-12-22,2.417,2.516,2.417,2.491,6326391.000,25520148.000
2011-12-23,2.525,2.525,2.476,2.519,3357000.000,13636360.000
2011-12-28,2.470,2.507,2.439,2.488,2042000.000,8195760.000
2011-12-29,2.447,2.484,2.422,2.453,4212030.000,16847370.000
2011-12-30,2.451,2.481,2.432,2.463,3994976.000,15993814.000
2012-01-03,2.509,2.534,2.472,2.521,7456961.000,30507947.000
2012-01-04,2.530,2.555,2.512,2.530,6808592.000,27993073.000
2012-01-05,2.535,2.547,2.492,2.535,5113592.000,20934503.000
2012-01-06,2.510,2.528,2.467,2.479,3773000.000,15204635.000
2012-01-09,2.475,2.530,2.382,2.518,8564821.000,33874800.000
2012-01-10,2.537,2.568,2.506,2.537,11862689.000,48466346.000
2012-01-11,2.582,2.713,2.557,2.681,22059750.000,92946087.000
2012-01-12,2.696,2.796,2.683,2.765,23476000.000,103147423.000
2012-01-13,2.821,2.871,2.758,2.865,21461000.000,96387206.000
2012-01-16,2.814,2.947,2.814,2.928,21659000.000,98661690.000
2012-01-17,2.959,2.978,2.908,2.940,22148997.000,103600512.000
2012-01-18,2.941,2.966,2.877,2.953,29268000.000,135988023.000
2012-01-19,2.970,3.058,2.964,2.989,36076800.000,172791066.000
2012-01-20,2.990,3.047,2.896,2.914,11344000.000,52652093.000
2012-01-26,2.936,2.961,2.830,2.849,18084860.000,82359566.000
2012-01-27,2.834,2.878,2.796,2.834,16158000.000,73282205.000
2012-01-30,2.792,2.811,2.705,2.723,12078000.000,53037771.000
2012-01-31,2.727,2.796,2.690,2.740,19238000.000,84520588.000
2012-02-01,2.732,2.832,2.714,2.732,14241000.000,63035081.000
2012-02-02,2.792,2.930,2.792,2.899,32377000.000,147869160.000
2012-02-03,2.892,2.910,2.860,2.885,18472550.000,84949357.000
2012-02-06,2.926,2.926,2.788,2.813,14001672.000,63878264.000
2012-02-07,2.841,2.860,2.797,2.828,5254025.000,23668990.000
2012-02-08,2.828,2.866,2.815,2.853,11444000.000,51972988.000
2012-02-09,2.871,2.915,2.808,2.852,20567002.000,93726834.000
2012-02-10,2.799,2.817,2.613,2.638,37422000.000,160928931.000
2012-02-13,2.626,2.638,2.539,2.595,34024004.000,142510522.000
2012-02-14,2.612,2.649,2.587,2.624,13336009.000,56505015.000
2012-02-15,2.643,2.761,2.618,2.749,23464214.000,102300884.000
2012-02-16,2.750,2.812,2.706,2.794,17534500.000,78018453.000
2012-02-17,2.809,2.859,2.747,2.828,13074000.000,58469118.000
2012-02-20,2.926,2.989,2.894,2.951,35434000.000,166081750.000
2012-02-21,2.956,2.956,2.862,2.937,13198000.000,61113800.000
2012-02-22,2.946,2.990,2.914,2.990,16153000.000,75843394.000
2012-02-23,2.985,2.998,2.935,2.992,9700000.000,45782570.000
2012-02-24,2.966,3.017,2.935,3.010,14656000.000,69200740.000
2012-02-27,2.982,2.982,2.869,2.881,6268000.000,29077509.000
2012-02-28,2.931,2.994,2.855,2.981,15489434.000,72219355.000
2012-02-29,2.985,3.029,2.960,3.023,23962000.000,114144735.000
2012-03-01,2.974,2.993,2.917,2.955,6541000.000,30623200.000
2012-03-02,2.978,2.978,2.890,2.909,12845666.000,59667702.000
2012-03-05,2.893,2.893,2.799,2.805,15893000.000,71727256.000
2012-03-06,2.772,2.778,2.660,2.666,17828000.000,76803130.000
2012-03-07,2.628,2.678,2.609,2.640,9872467.000,41989165.000
2012-03-08,2.657,2.763,2.657,2.757,11642664.000,50424843.000
2012-03-09,2.763,2.763,2.682,2.701,18288516.000,79517112.000
2012-03-12,2.717,2.717,2.624,2.630,9347556.000,39830241.000
2012-03-13,2.687,2.781,2.675,2.775,18705000.000,81884328.000
2012-03-14,2.824,2.855,2.724,2.755,19386000.000,86619082.000
2012-03-15,2.767,2.767,2.655,2.661,6829000.000,29656899.000
2012-03-16,2.653,2.684,2.604,2.604,20540000.000,86964721.000
2012-03-19,2.593,2.618,2.495,2.526,21515000.000,88825536.000
2012-03-20,2.598,2.617,2.493,2.611,69291111.000,288792665.000
2012-03-21,2.598,2.598,2.500,2.518,25613500.000,106077678.000
2012-03-22,2.520,2.557,2.520,2.551,18088316.000,74634235.000
2012-03-23,2.518,2.537,2.506,2.525,9081000.000,37293530.000
2012-03-26,2.524,2.524,2.347,2.378,28176000.000,111200124.000
2012-03-27,2.385,2.428,2.265,2.283,41842457.000,160893840.000
2012-03-28,2.289,2.319,2.271,2.301,18296000.000,69562038.000
2012-03-29,2.274,2.298,2.226,2.244,17099263.000,63674242.000
2012-03-30,2.219,2.273,2.201,2.237,24256324.000,89717058.000
2012-04-02,2.247,2.265,2.180,2.222,14030000.000,51323905.000
2012-04-03,2.269,2.373,2.251,2.361,26351003.000,101150390.000
2012-04-05,2.291,2.388,2.285,2.364,18761200.000,72119005.000
2012-04-10,2.310,2.352,2.291,2.328,9384000.000,36000953.000
2012-04-11,2.266,2.315,2.224,2.254,20378000.000,75928158.000
2012-04-12,2.287,2.403,2.287,2.391,27269000.000,105037728.000
2012-04-13,2.478,2.626,2.453,2.539,70750874.000,291851947.000
2012-04-16,2.486,2.486,2.292,2.304,75416540.000,293050738.000
2012-04-17,2.241,2.265,2.068,2.121,151233000.000,540175084.000
2012-04-18,2.151,2.211,2.115,2.181,75403000.000,272526116.000
2012-04-19,2.197,2.276,2.185,2.269,39870000.000,147118978.000
2012-04-20,2.256,2.256,2.220,2.220,27625576.000,102396381.000
2012-04-23,2.233,2.233,2.095,2.101,66891000.000,240098356.000
2012-04-24,2.122,2.158,2.110,2.146,26997000.000,96186407.000
2012-04-25,2.158,2.164,2.140,2.158,10400000.000,37292590.000
2012-04-26,2.157,2.175,2.151,2.169,17303000.000,62487517.000
2012-04-27,2.177,2.189,2.135,2.147,14241200.000,51260195.000
2012-04-30,2.159,2.165,2.117,2.147,26265000.000,94077510.000
2012-05-02,2.162,2.180,2.150,2.150,35175033.000,127490625.000
2012-05-03,2.150,2.150,2.109,2.115,19385000.000,69078300.000
2012-05-04,2.123,2.171,2.123,2.165,16647120.000,59969563.000
2012-05-07,2.128,2.170,2.128,2.140,25586000.000,91856051.000
2012-05-08,2.158,2.164,2.140,2.152,10009340.000,36070091.000
2012-05-09,2.144,2.144,2.108,2.126,17801200.000,63496219.000
2012-05-10,2.104,2.104,2.005,2.030,36766000.000,119690535.000
2012-05-11,2.031,2.044,2.000,2.037,12675012.000,41106559.000
2012-05-14,2.060,2.066,1.997,2.004,6603643.000,21466486.000
2012-05-15,1.986,2.017,1.961,1.998,12384063.000,39365716.000
2012-05-16,1.943,1.956,1.875,1.906,18472000.000,56860768.000
2012-05-17,1.905,1.923,1.824,1.849,17074214.000,51886876.000
2012-05-18,1.787,1.836,1.780,1.811,26041500.000,76469874.000
2012-05-21,1.818,1.892,1.818,1.868,31289000.000,93895340.000
2012-05-22,1.920,2.032,1.914,1.976,35437000.000,111469202.000
2012-05-23,1.952,2.002,1.933,1.958,23830357.000,74824896.000
2012-05-24,1.976,2.020,1.958,1.989,16215214.000,51591889.000
2012-05-25,1.983,2.040,1.977,1.990,14296000.000,45619455.000
2012-05-28,1.988,1.994,1.925,1.982,9307010.000,29278534.000
2012-05-29,1.985,2.060,1.972,2.048,10986002.000,35364436.000
2012-05-30,2.034,2.047,1.990,2.034,11689800.000,37482280.000
2012-05-31,1.998,2.099,1.992,2.087,14325501.000,46411167.000
2012-06-01,2.051,2.114,2.038,2.108,13382686.000,44440873.000
2012-06-04,2.020,2.039,1.982,2.020,16013547.000,51027840.000
2012-06-05,2.017,2.067,1.998,2.005,9229194.000,29974120.000
2012-06-06,2.054,2.086,2.048,2.086,14856000.000,48744293.000
2012-06-07,2.087,2.137,2.012,2.025,15263001.000,50848298.000
2012-06-08,2.028,2.028,1.878,1.916,32049000.000,98666285.000
2012-06-11,1.959,1.971,1.922,1.959,10827188.000,33870459.000
2012-06-12,1.954,2.017,1.936,1.992,16018320.000,50584565.000
2012-06-13,2.008,2.021,1.958,2.021,8060618.000,25610296.000
2012-06-14,2.003,2.028,1.984,1.996,4963147.000,15876005.000
2012-06-15,2.014,2.109,2.002,2.103,39362183.000,129703574.000
2012-06-18,2.120,2.145,2.057,2.063,9289002.000,31032412.000
2012-06-19,2.060,2.098,2.035,2.035,8606033.000,28274739.000
2012-06-20,2.038,2.050,1.994,2.013,9177771.000,29534482.000
2012-06-21,1.989,2.001,1.951,1.970,5891327.000,18653347.000
2012-06-22,1.927,1.964,1.927,1.927,5786310.000,18038826.000
2012-06-25,1.936,1.954,1.868,1.874,10632284.000,32423127.000
2012-06-26,1.885,1.916,1.879,1.910,5731870.000,17461830.000
2012-06-27,1.905,1.955,1.899,1.924,5342000.000,16558590.000
2012-06-28,1.930,1.930,1.874,1.881,6492000.000,19765480.000
2012-06-29,1.904,1.947,1.897,1.941,8966657.000,27727674.000
2012-07-03,1.960,1.979,1.935,1.954,10256000.000,32206542.000
2012-07-04,1.971,1.978,1.940,1.953,7093214.000,22236349.000
2012-07-05,1.969,1.969,1.919,1.962,18402317.000,57143548.000
2012-07-06,1.971,1.971,1.915,1.927,10716000.000,33084685.000
2012-07-09,1.904,1.916,1.879,1.885,11865400.000,36074785.000
2012-07-10,1.894,1.919,1.894,1.919,4884000.000,14970370.000
2012-07-11,1.901,1.944,1.876,1.919,17435020.000,53335990.000
2012-07-12,1.919,1.919,1.814,1.832,34001326.000,101307362.000
2012-07-13,1.841,1.866,1.841,1.847,22474384.000,67108181.000
2012-07-16,1.855,1.867,1.793,1.824,15176857.000,45264678.000
2012-07-17,1.820,1.838,1.795,1.801,9550940.000,28137686.000
2012-07-18,1.799,1.812,1.775,1.793,7158846.000,20796850.000
2012-07-19,1.809,1.847,1.803,1.822,12230009.000,36240944.000
2012-07-20,1.837,1.856,1.825,1.843,7009214.000,20836426.000
2012-07-23,1.802,1.814,1.747,1.753,7127171.000,20588737.000
2012-07-24,1.750,1.768,1.725,1.725,8228772.000,23340136.000
2012-07-25,1.724,1.748,1.705,1.742,7821028.000,21913738.000
2012-07-26,1.732,1.751,1.720,1.726,5535276.000,15657319.000
2012-07-27,1.766,1.803,1.766,1.791,12347000.000,35753197.000
2012-07-30,1.829,1.842,1.811,1.842,13428344.000,39526798.000
2012-07-31,1.842,1.892,1.836,1.879,7942009.000,23754616.000
2012-08-01,1.879,1.929,1.867,1.923,9468000.000,28947580.000
2012-08-02,1.917,1.917,1.854,1.867,7466300.000,22626809.000
2012-08-03,1.863,1.882,1.832,1.875,5155546.000,15300055.000
2012-08-06,1.909,1.921,1.890,1.903,8560000.000,26081051.000
2012-08-07,1.908,1.927,1.896,1.902,8611000.000,26412875.000
2012-08-08,1.928,1.960,1.916,1.947,9559300.000,29658347.000
2012-08-09,1.958,1.996,1.939,1.977,15431000.000,48419660.000
2012-08-10,1.974,1.986,1.923,1.942,8218000.000,25576070.000
2012-08-13,1.952,1.971,1.945,1.964,5849000.000,18245730.000
2012-08-14,1.966,1.991,1.947,1.978,10050240.000,31487588.000
2012-08-15,1.976,1.976,1.951,1.958,6765012.000,21140874.000
2012-08-16,1.940,1.946,1.908,1.921,9288000.000,28520815.000
2012-08-17,1.936,1.936,1.886,1.905,5476000.000,16748395.000
2012-08-20,1.945,1.983,1.939,1.958,12672000.000,39479815.000
2012-08-21,2.002,2.116,1.996,2.110,33145000.000,108666925.000
2012-08-22,2.087,2.131,2.061,2.093,17745000.000,59129180.000
2012-08-23,2.117,2.117,2.060,2.092,8642923.000,28451591.000
2012-08-24,2.047,2.072,2.034,2.040,4371684.000,14235380.000
2012-08-27,2.060,2.060,1.972,1.985,4946010.000,15728691.000
2012-08-28,1.995,2.020,1.989,2.008,8067000.000,25723987.000
2012-08-29,2.005,2.005,1.974,1.993,4517967.000,14306169.000
2012-08-30,1.962,1.981,1.937,1.950,6356000.000,19815410.000
2012-08-31,1.926,2.014,1.919,2.001,12074220.000,37367295.000
2012-09-03,1.979,2.005,1.973,1.986,3753009.000,11877669.000
2012-09-04,1.947,1.978,1.897,1.897,5651567.000,17444130.000
2012-09-05,1.882,1.882,1.777,1.789,20604640.000,59910311.000
2012-09-06,1.789,1.789,1.728,1.759,25480690.000,72168756.000
2012-09-07,1.801,1.864,1.795,1.839,23996005.000,70891125.000
2012-09-10,1.846,1.865,1.822,1.853,6406500.000,19005765.000
2012-09-11,1.855,1.861,1.817,1.861,7152000.000,21138975.000
2012-09-12,1.871,1.884,1.828,1.852,22408600.000,66607131.000
2012-09-13,1.835,1.841,1.779,1.779,19306550.000,56240119.000
2012-09-14,1.823,1.847,1.816,1.823,38510000.000,113779912.000
2012-09-17,1.860,1.860,1.804,1.822,17546760.000,51631357.000
2012-09-18,1.822,1.834,1.797,1.809,11643870.000,34164004.000
2012-09-19,1.825,1.869,1.825,1.869,18848930.000,56104692.000
2012-09-20,1.870,1.876,1.851,1.876,19916680.000,59642417.000
2012-09-21,1.890,1.940,1.883,1.921,19170936.000,58774760.000
2012-09-24,1.932,1.932,1.894,1.913,5963446.000,18224980.000
2012-09-25,1.899,1.905,1.849,1.855,11173276.000,33471674.000
2012-09-26,1.805,1.830,1.805,1.811,11151979.000,32623567.000
2012-09-27,1.828,1.890,1.828,1.878,10070102.000,30107855.000
2012-09-28,1.888,1.913,1.870,1.913,11161892.000,33883308.000
2012-10-03,1.928,1.941,1.922,1.928,15971000.000,49261380.000
2012-10-04,1.936,1.987,1.936,1.987,17460000.000,54649432.000
2012-10-05,2.011,2.030,1.992,2.023,11452578.000,36610621.000
2012-10-08,2.013,2.026,1.969,1.994,14860903.000,47189595.000
2012-10-09,1.997,2.047,1.991,2.009,17369961.000,55676147.000
2012-10-10,2.005,2.030,1.979,2.017,11582001.000,36847803.000
2012-10-11,2.002,2.167,2.002,2.155,34277000.000,113408950.000
2012-10-12,2.158,2.215,2.139,2.209,24046000.000,82596880.000
2012-10-15,2.195,2.239,2.157,2.182,17806000.000,61544782.000
2012-10-16,2.189,2.215,2.176,2.189,14253000.000,49219545.000
2012-10-17,2.244,2.295,2.218,2.288,19497333.000,69322089.000
2012-10-18,2.307,2.403,2.307,2.390,27222000.000,99946906.000
2012-10-19,2.381,2.433,2.381,2.413,21919000.000,82182232.000
2012-10-22,2.360,2.392,2.328,2.334,16216000.000,59816678.000
2012-10-24,2.322,2.367,2.296,2.335,12601000.000,46289920.000
2012-10-25,2.331,2.356,2.280,2.312,9277040.000,33565257.000
2012-10-26,2.324,2.330,2.247,2.266,9918000.000,35533005.000
2012-10-29,2.279,2.426,2.279,2.324,6734000.000,24582360.000
2012-10-30,2.338,2.338,2.274,2.274,5466000.000,19645002.000
2012-10-31,2.299,2.331,2.299,2.324,6957511.000,25107526.000
2012-11-01,2.322,2.341,2.278,2.303,12985000.000,46993452.000
2012-11-02,2.353,2.353,2.321,2.341,11899000.000,43481331.000
2012-11-05,2.339,2.384,2.327,2.371,6400000.000,23626665.000
2012-11-06,2.400,2.406,2.348,2.393,8314000.000,30950815.000
2012-11-07,2.401,2.401,2.337,2.356,8707000.000,32053245.000
2012-11-08,2.297,2.348,2.278,2.297,10706002.000,38782254.000
2012-11-09,2.279,2.279,2.209,2.215,25557000.000,90888035.000
2012-11-12,2.241,2.247,2.222,2.234,6560317.000,23092800.000
2012-11-13,2.209,2.222,2.127,2.146,12120218.000,41358472.000
2012-11-14,2.167,2.218,2.154,2.211,14392000.000,49714623.000
2012-11-15,2.188,2.201,2.169,2.175,6280003.000,21690878.000
2012-11-16,2.197,2.197,2.133,2.140,5186000.000,17716300.000
2012-11-19,2.166,2.198,2.141,2.141,3864000.000,13170862.000
2012-11-20,2.162,2.169,2.068,2.081,11128000.000,37540247.000
2012-11-21,2.108,2.146,2.070,2.146,16194000.000,54141841.000
2012-11-22,2.150,2.182,2.118,2.175,11371000.000,38886868.000
2012-11-23,2.202,2.246,2.195,2.233,19179000.000,67001567.000
2012-11-26,2.269,2.269,2.219,2.225,4888000.000,17265935.000
2012-11-27,2.233,2.246,2.189,2.195,6525000.000,22891930.000
2012-11-28,2.195,2.207,2.150,2.182,7150000.000,24593065.000
2012-11-29,2.195,2.246,2.189,2.233,9407066.000,33038011.000
2012-11-30,2.255,2.268,2.230,2.262,16874412.000,59744771.000
2012-12-03,2.256,2.269,2.205,2.212,10548020.000,37194321.000
2012-12-04,2.186,2.186,2.148,2.179,8749052.000,30196601.000
2012-12-05,2.217,2.275,2.205,2.268,15641008.000,55450673.000
2012-12-06,2.262,2.287,2.205,2.211,19240010.000,67908268.000
2012-12-07,2.223,2.255,2.210,2.248,10865008.000,38312259.000
2012-12-10,2.268,2.357,2.268,2.357,36430000.000,132723650.000
2012-12-11,2.356,2.369,2.330,2.350,19482000.000,71633503.000
2012-12-12,2.374,2.413,2.355,2.400,32577788.000,121768057.000
2012-12-13,2.415,2.434,2.396,2.415,23074000.000,86892994.000
2012-12-14,2.418,2.566,2.418,2.547,41700005.000,162275150.000
2012-12-17,2.546,2.643,2.540,2.553,30826740.000,123587679.000
2012-12-18,2.581,2.633,2.536,2.581,21591262.000,86346789.000
2012-12-19,2.642,2.726,2.635,2.726,40570595.000,168435911.000
2012-12-20,2.713,2.713,2.616,2.661,22556000.000,92400380.000
2012-12-21,2.652,2.671,2.613,2.632,16044000.000,65217985.000
2012-12-24,2.615,2.680,2.602,2.641,5014000.000,20580925.000
2012-12-27,2.677,2.723,2.664,2.664,9295800.000,38648261.000
2012-12-28,2.759,2.759,2.675,2.720,12154333.000,50696598.000
2012-12-31,2.716,2.774,2.696,2.755,6647000.000,28060130.000
2013-01-02,2.794,2.892,2.781,2.885,23121392.000,101312228.000
2013-01-03,2.929,3.014,2.923,3.001,32525270.000,147433632.000
2013-01-04,2.984,2.984,2.886,2.945,18625447.000,83184333.000
2013-01-07,2.954,2.993,2.941,2.980,9396226.000,42624824.000
2013-01-08,2.947,3.006,2.902,2.947,19357849.000,87672571.000
2013-01-09,2.983,2.983,2.905,2.911,9570000.000,42863619.000
2013-01-10,2.904,2.969,2.800,2.852,24173000.000,107921638.000
2013-01-11,2.868,2.868,2.758,2.790,22591672.000,97052066.000
2013-01-14,2.825,2.897,2.799,2.891,25886711.000,113040531.000
2013-01-15,2.939,3.077,2.939,3.057,40195004.000,185910219.000
2013-01-16,3.081,3.087,3.002,3.074,25237000.000,116949925.000
2013-01-17,3.077,3.116,3.044,3.090,20440000.000,95799779.000
2013-01-18,3.142,3.314,3.102,3.307,54163189.000,265267276.000
2013-01-21,3.348,3.354,3.216,3.229,19728630.000,97691499.000
2013-01-22,3.266,3.346,3.187,3.346,18769873.000,93533965.000
2013-01-23,3.323,3.336,3.224,3.264,35059921.000,172924345.000
2013-01-24,3.265,3.284,3.245,3.258,27774000.000,137467790.000
2013-01-25,3.273,3.306,3.187,3.194,18583500.000,91170535.000
2013-01-28,3.166,3.232,3.127,3.179,17395793.000,83972088.000
2013-01-29,3.152,3.237,3.073,3.093,39543600.000,189385030.000
2013-01-30,3.118,3.151,3.072,3.112,25298295.000,119646146.000
2013-01-31,3.109,3.115,3.004,3.017,26121000.000,121014700.000
2013-02-01,3.040,3.172,2.987,3.165,27113527.000,127603013.000
2013-02-04,3.195,3.247,3.175,3.188,26853842.000,131277992.000
2013-02-05,3.146,3.152,3.054,3.086,21487906.000,102119558.000
2013-02-06,3.137,3.157,3.105,3.124,10490660.000,49838680.000
2013-02-07,3.132,3.132,2.994,2.994,22076008.000,101940783.000
2013-02-08,2.951,2.977,2.885,2.938,33578746.000,149994709.000
2013-02-14,3.014,3.066,2.981,3.046,12579000.000,58329523.000
2013-02-15,3.067,3.067,3.034,3.054,11116549.000,51723072.000
2013-02-18,3.066,3.092,3.020,3.034,13490000.000,62601172.000
2013-02-19,3.046,3.046,2.947,2.954,13135000.000,60080016.000
2013-02-20,2.977,3.003,2.892,2.925,19401000.000,86807021.000
2013-02-21,2.856,2.856,2.739,2.752,37509667.000,161360014.000
2013-02-22,2.719,2.784,2.707,2.745,23945004.000,101602117.000
2013-02-25,2.783,2.816,2.744,2.790,11702000.000,50015547.000
2013-02-26,2.748,2.806,2.702,2.715,19875202.000,84472703.000
2013-02-27,2.742,2.768,2.710,2.735,10179012.000,43085854.000
2013-02-28,2.782,2.847,2.750,2.828,19036740.000,82273317.000
2013-03-01,2.845,2.845,2.773,2.793,10206348.000,44046413.000
2013-03-04,2.783,2.796,2.686,2.692,19779010.000,82593121.000
2013-03-05,2.700,2.745,2.700,2.713,19911807.000,83567886.000
2013-03-06,2.763,2.809,2.757,2.776,15000000.000,64393312.000
2013-03-07,2.784,2.804,2.765,2.778,9114086.000,39138214.000
2013-03-08,2.794,2.859,2.794,2.840,17480100.000,76250155.000
2013-03-11,2.879,2.964,2.860,2.886,21512000.000,96246315.000
2013-03-12,2.879,2.931,2.795,2.834,14901686.000,65433680.000
2013-03-13,2.879,2.879,2.704,2.717,29813200.000,127010587.000
2013-03-14,2.764,2.797,2.693,2.790,22499561.000,95172331.000
2013-03-15,2.811,2.811,2.688,2.695,22036770.000,93327775.000
2013-03-18,2.618,2.657,2.599,2.644,12747814.000,52073654.000
2013-03-19,2.639,2.639,2.543,2.543,23261418.000,93380501.000
2013-03-20,2.589,2.770,2.576,2.751,29459993.000,122349181.000
2013-03-21,2.748,2.774,2.716,2.722,14066627.000,59627368.000
2013-03-22,2.688,2.720,2.630,2.656,11583287.000,48117838.000
2013-03-25,2.713,2.791,2.713,2.778,22081000.000,94234685.000
2013-03-26,2.759,2.785,2.726,2.765,14213654.000,60358330.000
2013-03-27,2.776,2.815,2.763,2.796,9212000.000,39567177.000
2013-03-28,2.782,2.782,2.640,2.679,24958000.000,103332250.000
2013-04-02,2.679,2.679,2.558,2.564,26594004.000,109454621.000
2013-04-03,2.601,2.620,2.588,2.601,8296000.000,33603475.000
2013-04-05,2.567,2.580,2.503,2.529,11967000.000,47219205.000
2013-04-08,2.523,2.593,2.503,2.523,8312000.000,32847630.000
2013-04-09,2.526,2.584,2.526,2.558,8012993.000,31980011.000
2013-04-10,2.593,2.625,2.542,2.606,16180002.000,65480309.000
2013-04-11,2.651,2.696,2.593,2.593,18004509.000,74141568.000
2013-04-12,2.631,2.663,2.592,2.605,11164000.000,45551050.000
2013-04-15,2.589,2.621,2.557,2.596,11625001.000,46933625.000
2013-04-16,2.568,2.638,2.536,2.594,12410000.000,50363352.000
2013-04-17,2.634,2.634,2.563,2.576,11352689.000,46069606.000
2013-04-18,2.567,2.612,2.560,2.586,10885002.000,43863058.000
2013-04-19,2.570,2.640,2.563,2.621,39009004.000,158825240.000
2013-04-22,2.632,2.671,2.632,2.665,43205144.000,178381735.000
2013-04-23,2.661,2.674,2.571,2.591,39882000.000,162624645.000
2013-04-24,2.613,2.626,2.581,2.613,25684000.000,104472105.000
2013-04-25,2.626,2.658,2.594,2.646,44036000.000,180369775.000
2013-04-26,2.666,2.724,2.653,2.692,26743804.000,112073317.000
2013-04-29,2.684,2.710,2.671,2.678,18696000.000,78408905.000
2013-04-30,2.687,2.745,2.687,2.706,19377000.000,81857845.000
2013-05-02,2.694,2.700,2.674,2.681,18139552.000,76173623.000
2013-05-03,2.743,2.743,2.685,2.698,16397046.000,69276097.000
2013-05-06,2.729,2.774,2.729,2.761,20538857.000,88327611.000
2013-05-07,2.785,2.785,2.746,2.759,15383000.000,66147350.000
2013-05-08,2.766,2.779,2.696,2.747,17672000.000,75635621.000
2013-05-09,2.751,2.764,2.725,2.738,15545220.000,66758059.000
2013-05-10,2.762,2.813,2.749,2.813,19402000.000,84258815.000
2013-05-13,2.812,2.825,2.767,2.787,18954000.000,82865519.000
2013-05-14,2.785,2.811,2.766,2.792,11463000.000,49725110.000
2013-05-15,2.804,2.824,2.716,2.730,21375523.000,86984163.000
2013-05-16,2.744,2.765,2.704,2.731,13751000.000,55636977.000
2013-05-20,2.728,2.796,2.728,2.762,23370003.000,96320573.000
2013-05-21,2.756,2.756,2.702,2.708,16812157.000,67942360.000
2013-05-22,2.730,2.743,2.709,2.723,17563000.000,71086469.000
2013-05-23,2.721,2.741,2.654,2.674,24732194.000,99316197.000
2013-05-24,2.692,2.719,2.686,2.706,18614451.000,75039806.000
2013-05-27,2.696,2.696,2.662,2.689,13751352.000,54931566.000
2013-05-28,2.667,2.673,2.613,2.647,21205565.000,83556844.000
2013-05-29,2.654,2.667,2.627,2.634,13413967.000,52874951.000
2013-05-30,2.630,2.630,2.543,2.597,23404957.000,90174469.000
2013-05-31,2.599,2.652,2.599,2.646,17576331.000,69027815.000
2013-06-03,2.575,2.622,2.562,2.582,12123643.000,46887011.000
2013-06-04,2.566,2.579,2.539,2.579,13227604.000,50772312.000
2013-06-05,2.573,2.573,2.532,2.553,7873000.000,30027443.000
2013-06-06,2.524,2.544,2.524,2.531,6265000.000,23769703.000
2013-06-07,2.525,2.545,2.518,2.525,6947516.000,26390962.000
2013-06-10,2.528,2.548,2.462,2.475,12904000.000,48369736.000
2013-06-11,2.469,2.469,2.329,2.376,27701100.000,99371164.000
2013-06-13,2.369,2.409,2.323,2.396,20392000.000,72409857.000
2013-06-14,2.438,2.438,2.378,2.424,21600000.000,78485562.000
2013-06-17,2.426,2.452,2.426,2.432,7698000.000,28182555.000
2013-06-18,2.434,2.454,2.401,2.428,7748887.000,28258418.000
2013-06-19,2.405,2.425,2.352,2.372,8935431.000,32051047.000
2013-06-20,2.344,2.357,2.244,2.244,15197900.000,52276762.000
2013-06-21,2.141,2.280,2.141,2.234,20951344.000,70446270.000
2013-06-24,2.186,2.226,2.081,2.120,27934848.000,90101024.000
2013-06-25,2.099,2.171,1.993,2.119,27807034.000,88094125.000
2013-06-26,2.170,2.196,2.110,2.176,26687721.000,86966031.000
2013-06-27,2.190,2.223,2.091,2.098,34280000.000,111993132.000
2013-06-28,2.117,2.184,2.117,2.177,26499336.000,86431234.000
2013-07-02,2.179,2.225,2.113,2.120,13288000.000,43047107.000
2013-07-03,2.098,2.125,1.987,1.993,35671930.000,110303706.000
2013-07-04,1.992,2.045,1.986,1.999,33213950.000,101565629.000
2013-07-05,2.035,2.055,2.015,2.028,21857464.000,67464360.000
2013-07-08,2.008,2.021,1.988,2.014,16181244.000,49349633.000
2013-07-09,2.031,2.031,1.991,2.004,8625000.000,26352140.000
2013-07-10,2.019,2.058,2.005,2.051,16930000.000,52363920.000
2013-07-11,2.075,2.227,2.075,2.214,30189000.000,99027105.000
2013-07-12,2.215,2.215,2.122,2.129,15620435.000,51061383.000
2013-07-15,2.122,2.169,2.116,2.122,9570460.000,31092773.000
2013-07-16,2.141,2.141,2.102,2.102,5470000.000,17571410.000
2013-07-17,2.113,2.113,2.080,2.093,13238000.000,42143220.000
2013-07-18,2.111,2.137,2.097,2.124,7741000.000,24869620.000
2013-07-19,2.138,2.151,2.098,2.125,9930059.000,31890987.000
2013-07-22,2.133,2.133,2.048,2.067,11110115.000,34918077.000
2013-07-23,2.067,2.166,2.067,2.166,28787003.000,93430011.000
2013-07-24,2.146,2.172,2.132,2.159,12702900.000,41491448.000
2013-07-25,2.168,2.181,2.154,2.161,6108000.000,20003827.000
2013-07-26,2.146,2.172,2.126,2.152,7043000.000,22925607.000
2013-07-29,2.154,2.154,2.088,2.095,7621000.000,24433990.000
2013-07-30,2.112,2.131,2.085,2.118,8666000.000,27741595.000
2013-07-31,2.111,2.144,2.084,2.091,12395000.000,39640310.000
2013-08-01,2.121,2.147,2.108,2.141,8302000.000,26737729.000
2013-08-02,2.156,2.169,2.142,2.149,8172000.000,26602865.000
2013-08-05,2.172,2.218,2.159,2.212,13177004.000,43751708.000
2013-08-06,2.189,2.196,2.149,2.182,7277329.000,23889230.000
2013-08-07,2.152,2.185,2.125,2.139,8339000.000,27128673.000
2013-08-08,2.130,2.150,2.104,2.117,5285000.000,16991770.000
2013-08-09,2.130,2.143,2.110,2.137,2476000.000,7990450.000
2013-08-12,2.149,2.235,2.136,2.222,29517000.000,98351121.000
2013-08-13,2.253,2.372,2.253,2.359,35207972.000,123492690.000
2013-08-15,2.372,2.392,2.339,2.359,15301000.000,54452425.000
2013-08-16,2.334,2.421,2.294,2.401,26088300.000,93340885.000
2013-08-19,2.369,2.442,2.369,2.416,9257000.000,33665175.000
2013-08-20,2.407,2.414,2.274,2.288,16678432.000,58666613.000
2013-08-21,2.273,2.306,2.260,2.280,11558268.000,39822713.000
2013-08-22,2.268,2.308,2.261,2.294,15998800.000,55157919.000
2013-08-23,2.309,2.336,2.296,2.316,11502000.000,40112818.000
2013-08-26,2.318,2.378,2.318,2.365,9161000.000,32523520.000
2013-08-27,2.375,2.408,2.302,2.315,24881200.000,88459171.000
2013-08-28,2.264,2.291,2.225,2.264,9630100.000,32917231.000
2013-08-29,2.295,2.322,2.282,2.309,5637000.000,19541475.000
2013-08-30,2.297,2.323,2.290,2.317,11354749.000,39465167.000
2013-09-02,2.334,2.387,2.314,2.374,17783252.000,63061014.000
2013-09-03,2.378,2.445,2.372,2.438,19798000.000,71870111.000
2013-09-04,2.416,2.503,2.409,2.503,20636600.000,76313517.000
2013-09-05,2.491,2.531,2.451,2.451,13243600.000,49122202.000
2013-09-06,2.451,2.471,2.418,2.431,9853200.000,36093707.000
2013-09-09,2.446,2.560,2.446,2.513,31473000.000,119030153.000
2013-09-10,2.568,2.621,2.534,2.548,30814300.000,118338035.000
2013-09-11,2.560,2.580,2.500,2.533,25857008.000,98425306.000
2013-09-12,2.567,2.640,2.547,2.554,36420600.000,140338530.000
2013-09-13,2.632,2.632,2.519,2.532,12342800.000,47096034.000
2013-09-16,2.564,2.637,2.564,2.631,16122900.000,62663430.000
2013-09-17,2.615,2.622,2.535,2.589,16891000.000,65344095.000
2013-09-18,2.588,2.595,2.548,2.582,7886419.000,30369402.000
2013-09-19,2.637,2.644,2.584,2.617,14314491.000,55855254.000
2013-09-23,2.599,2.612,2.586,2.592,8046184.000,31317546.000
2013-09-24,2.561,2.601,2.494,2.508,24802300.000,94243065.000
2013-09-25,2.517,2.544,2.504,2.537,13022000.000,49510638.000
2013-09-26,2.533,2.533,2.466,2.486,22103000.000,82709091.000
2013-09-27,2.485,2.499,2.445,2.465,10360359.000,38460209.000
2013-09-30,2.440,2.486,2.426,2.486,13210000.000,48908471.000
2013-10-02,2.519,2.539,2.465,2.472,16062421.000,60594363.590
2013-10-03,2.487,2.514,2.474,2.501,8147860.000,30566150.000
2013-10-04,2.501,2.541,2.481,2.515,13870692.000,52337081.710
2013-10-07,2.562,2.562,2.482,2.522,9124000.000,34379200.000
2013-10-08,2.506,2.633,2.506,2.626,15610795.000,60671821.050
2013-10-09,2.605,2.611,2.565,2.598,10989000.000,42725705.000
2013-10-10,2.598,2.605,2.551,2.585,13105000.000,50717775.000
2013-10-11,2.614,2.654,2.608,2.628,17706799.000,69985748.880
2013-10-15,2.656,2.689,2.642,2.682,18052476.000,72298296.530
2013-10-16,2.665,2.678,2.605,2.618,7446006.000,29319306.640
2013-10-17,2.633,2.647,2.600,2.633,9615600.000,37822477.000
2013-10-18,2.645,2.698,2.618,2.645,5599000.000,22248280.000
2013-10-21,2.670,2.670,2.604,2.637,9345300.000,37162923.000
2013-10-22,2.658,2.658,2.612,2.632,5225600.000,20582726.000
2013-10-23,2.650,2.656,2.530,2.537,10961600.000,42821063.000
2013-10-24,2.533,2.533,2.447,2.473,25295005.000,94781952.700
2013-10-25,2.471,2.518,2.425,2.451,19098000.000,70879040.240
2013-10-28,2.460,2.480,2.454,2.480,8834000.000,32860860.000
2013-10-29,2.463,2.610,2.463,2.610,20782000.000,79694918.000
2013-10-30,2.586,2.646,2.566,2.633,14162300.000,55255739.000
2013-10-31,2.598,2.631,2.585,2.605,12132800.000,47487411.000
2013-11-01,2.600,2.620,2.573,2.613,10028421.000,39056928.210
2013-11-04,2.616,2.643,2.603,2.636,20543342.000,80459973.200
2013-11-05,2.634,2.641,2.594,2.621,9521001.000,37452654.920
2013-11-06,2.607,2.627,2.587,2.594,12179000.000,47717815.000
2013-11-07,2.570,2.603,2.530,2.536,6886000.000,26385153.000
2013-11-08,2.527,2.554,2.507,2.554,7300820.000,27904302.200
2013-11-11,2.564,2.597,2.510,2.590,5661300.000,21802567.000
2013-11-12,2.601,2.601,2.561,2.581,6778000.000,26278617.000
2013-11-13,2.557,2.571,2.511,2.524,7368000.000,28060760.000
2013-11-14,2.549,2.555,2.482,2.509,10093000.000,38138099.000
2013-11-15,2.522,2.595,2.522,2.588,9800000.000,37831940.210
2013-11-18,2.632,2.799,2.632,2.792,62562364.000,255340220.640
2013-11-19,2.803,2.803,2.723,2.743,14817000.000,60903727.000
2013-11-20,2.687,2.734,2.667,2.707,158283000.000,622495944.000
2013-11-21,2.716,2.723,2.656,2.703,22564472.000,90649297.040
2013-11-22,2.730,2.804,2.697,2.710,12491166.000,51220635.020
2013-11-25,2.749,2.749,2.702,2.708,9342309.000,37967499.390
2013-11-26,2.705,2.705,2.632,2.645,16870184.000,67522923.120
2013-11-27,2.634,2.707,2.634,2.687,12446093.000,50139132.350
2013-11-28,2.701,2.721,2.667,2.687,8918658.000,36054459.870
2013-11-29,2.688,2.715,2.668,2.708,10944350.000,44270067.000
2013-12-02,2.701,2.707,2.667,2.694,16870000.000,68105415.000
2013-12-03,2.673,2.686,2.653,2.660,5553271.000,22195684.860
2013-12-04,2.617,2.683,2.617,2.650,11186015.000,44658356.850
2013-12-05,2.662,2.668,2.608,2.622,12839328.000,50621728.360
2013-12-06,2.611,2.644,2.604,2.611,8670700.000,34232241.000
2013-12-09,2.532,2.591,2.532,2.571,17771306.000,68746361.920
2013-12-10,2.562,2.589,2.529,2.536,12926731.000,49866464.730
2013-12-11,2.520,2.533,2.461,2.500,22597000.000,85021229.000
2013-12-12,2.489,2.536,2.483,2.529,12056000.000,45735337.000
2013-12-13,2.510,2.536,2.484,2.517,9422000.000,35854440.000
2013-12-16,2.482,2.522,2.482,2.508,9215902.000,34861980.440
2013-12-17,2.507,2.520,2.481,2.500,13573000.000,51254604.000
2013-12-18,2.501,2.521,2.481,2.501,9271000.000,35033840.000
2013-12-19,2.502,2.528,2.449,2.469,12640000.000,47505140.000
2013-12-20,2.480,2.493,2.421,2.434,11665300.000,42998389.000
2013-12-23,2.453,2.459,2.420,2.440,7387629.000,27233760.720
2013-12-24,2.462,2.488,2.435,2.481,3311953.000,12332698.920
2013-12-27,2.463,2.490,2.443,2.470,5978800.000,22314894.000
2013-12-30,2.482,2.509,2.443,2.469,4982830.000,18638603.120
2013-12-31,2.461,2.487,2.441,2.481,2297900.000,8615281.000
2014-01-02,2.480,2.493,2.447,2.447,9352000.000,35037695.000
2014-01-03,2.432,2.432,2.399,2.399,13297000.000,48669405.000
2014-01-06,2.398,2.411,2.326,2.372,11561060.000,41418386.400
2014-01-07,2.349,2.395,2.316,2.335,11078000.000,39482243.000
2014-01-08,2.353,2.393,2.320,2.386,9522900.000,34122676.000
2014-01-09,2.357,2.377,2.324,2.331,10289933.000,36671476.840
2014-01-10,2.314,2.334,2.307,2.327,6497960.000,22953616.400
2014-01-13,2.343,2.343,2.278,2.304,13651200.000,47786828.000
2014-01-14,2.294,2.307,2.248,2.261,16934900.000,58711067.000
2014-01-15,2.262,2.288,2.236,2.236,9517576.000,32780594.800
2014-01-16,2.259,2.272,2.206,2.259,12446800.000,42669390.000
2014-01-17,2.251,2.270,2.231,2.244,8392202.000,28774841.280
2014-01-20,2.237,2.251,2.211,2.231,7338795.000,24915728.900
2014-01-21,2.246,2.292,2.239,2.266,10996800.000,38092829.000
2014-01-22,2.280,2.293,2.241,2.273,17593000.000,60723475.100
2014-01-23,2.269,2.276,2.197,2.210,18368260.000,62259778.800
2014-01-24,2.184,2.191,2.158,2.165,23987000.000,79678240.000
2014-01-27,2.120,2.133,2.100,2.113,12449308.000,40475735.520
2014-01-28,2.096,2.155,2.096,2.135,9834824.000,32185678.480
2014-01-29,2.132,2.184,2.132,2.164,14444200.000,47982364.000
2014-01-30,2.116,2.162,2.116,2.149,7999000.000,26282487.000
2014-02-04,2.101,2.140,2.101,2.114,11270212.000,36748435.640
2014-02-05,2.112,2.151,2.086,2.099,5678664.000,18362340.320
2014-02-06,2.102,2.141,2.095,2.134,5692734.000,18490834.480
2014-02-07,2.145,2.164,2.132,2.145,8017309.000,26369020.070
2014-02-10,2.132,2.158,2.132,2.152,5757700.000,18933390.000
2014-02-11,2.162,2.214,2.142,2.208,19634200.000,65513076.000
2014-02-12,2.226,2.265,2.206,2.265,22557700.000,77165828.000
2014-02-13,2.265,2.285,2.226,2.259,14339109.000,49046973.600
2014-02-14,2.283,2.283,2.237,2.244,4668000.000,16029088.000
2014-02-17,2.262,2.275,2.223,2.236,12563000.000,42970567.000
2014-02-18,2.231,2.264,2.231,2.251,5962132.000,20412079.190
2014-02-19,2.247,2.312,2.234,2.266,12494000.000,43212326.000
2014-02-20,2.262,2.295,2.177,2.197,19969174.000,67787192.080
2014-02-21,2.210,2.230,2.171,2.184,10240000.000,34075220.000
2014-02-24,2.207,2.207,2.122,2.142,15043000.000,49213271.000
2014-02-25,2.140,2.159,2.114,2.120,12765000.000,41557422.000
2014-02-26,2.107,2.126,2.094,2.120,11803698.000,38077615.620
2014-02-27,2.109,2.155,2.109,2.142,11995419.000,39135716.560
2014-02-28,2.153,2.160,2.114,2.121,17354326.000,56437653.740
2014-03-03,2.105,2.125,2.092,2.105,12019000.000,38670580.000
2014-03-04,2.092,2.099,2.072,2.085,18814000.000,59965025.000
2014-03-05,2.098,2.111,2.072,2.072,8212349.000,26217621.860
2014-03-06,2.073,2.113,2.073,2.100,13336083.000,42738585.600
2014-03-07,2.115,2.154,2.108,2.148,9361000.000,30538551.000
2014-03-10,2.112,2.125,2.054,2.067,18162544.000,57793604.920
2014-03-11,2.061,2.094,2.061,2.074,9538023.000,30279678.800
2014-03-12,2.065,2.084,2.032,2.032,13369048.000,41938384.280
2014-03-13,2.045,2.084,2.039,2.045,13345643.000,41982464.730
2014-03-14,2.031,2.057,2.012,2.031,8888539.000,27558066.170
2014-03-17,2.031,2.044,2.018,2.037,4895768.000,15218659.080
2014-03-18,2.032,2.058,2.026,2.045,5411000.000,16924010.000
2014-03-19,2.057,2.071,2.031,2.031,5984000.000,18732000.000
2014-03-20,2.028,2.067,2.015,2.028,13228000.000,41360820.000
2014-03-21,2.036,2.141,2.036,2.128,11860400.000,37930389.690
2014-03-24,2.135,2.154,2.102,2.121,11688532.000,37757571.360
2014-03-25,2.106,2.125,2.092,2.092,7294100.000,23423671.000
2014-03-26,2.126,2.185,2.112,2.178,10753000.000,35288995.000
2014-03-27,2.159,2.199,2.146,2.186,12522000.000,41462970.000
2014-03-28,2.210,2.263,2.171,2.243,19187600.000,65268927.000
2014-03-31,2.258,2.258,2.205,2.245,12589600.000,42540152.000
2014-04-01,2.221,2.287,2.221,2.287,15493102.000,53199247.800
2014-04-02,2.293,2.293,2.246,2.273,10421000.000,35665180.000
2014-04-03,2.261,2.295,2.261,2.288,11007602.000,37916128.740
2014-04-04,2.275,2.288,2.255,2.275,5046000.000,17324500.000
2014-04-07,2.277,2.303,2.257,2.296,9502848.000,32745804.280
2014-04-08,2.287,2.367,2.267,2.367,15029000.000,53045920.000
2014-04-09,2.373,2.386,2.353,2.373,9769829.000,34885272.530
2014-04-10,2.359,2.372,2.312,2.346,18204110.000,64382722.100
2014-04-11,2.348,2.348,2.289,2.302,17905177.000,62862374.230
2014-04-14,2.306,2.339,2.293,2.339,5714610.000,20015535.200
2014-04-15,2.341,2.341,2.249,2.255,9650000.000,33205620.000
2014-04-16,2.250,2.283,2.250,2.270,4742800.000,16222740.000
2014-04-17,2.349,2.362,2.256,2.269,10844808.000,37714005.680
2014-04-22,2.253,2.312,2.233,2.299,21823072.000,74943899.070
2014-04-23,2.287,2.287,2.208,2.228,13117581.000,44230594.540
2014-04-24,2.248,2.255,2.228,2.248,6971000.000,23574159.000
2014-04-25,2.245,2.245,2.205,2.212,6352000.000,21327926.000
2014-04-28,2.211,2.224,2.191,2.204,5253400.000,17519076.000
2014-04-29,2.220,2.240,2.213,2.240,4024470.000,13534350.300
2014-04-30,2.241,2.248,2.228,2.248,5611000.000,18977055.000
2014-05-02,2.248,2.255,2.235,2.248,3847027.000,13039304.430
2014-05-05,2.247,2.261,2.247,2.247,8108000.000,27609556.000
2014-05-07,2.244,2.244,2.197,2.204,12835000.000,43250296.000
2014-05-08,2.225,2.245,2.205,2.212,7432068.000,25057773.480
2014-05-09,2.212,2.225,2.199,2.205,4990000.000,16703212.000
2014-05-12,2.210,2.256,2.203,2.249,8547068.000,28936617.120
2014-05-13,2.250,2.263,2.243,2.250,4808329.000,16358748.600
2014-05-14,2.247,2.307,2.247,2.300,6602550.000,22840854.500
2014-05-15,2.306,2.306,2.286,2.300,5493856.000,19066861.920
2014-05-16,2.285,2.291,2.271,2.278,3111000.000,10718033.000
2014-05-19,2.292,2.305,2.259,2.292,5428767.000,18757820.720
2014-05-20,2.299,2.332,2.292,2.306,4850000.000,16904960.000
2014-05-21,2.320,2.320,2.287,2.314,4954000.000,17245060.000
2014-05-22,2.323,2.370,2.303,2.356,7491257.000,26490933.940
2014-05-23,2.358,2.385,2.345,2.378,7566000.000,27050940.000
2014-05-26,2.391,2.391,2.325,2.358,7060000.000,24972960.000
2014-05-27,2.363,2.363,2.337,2.350,2254000.000,7966900.000
2014-05-28,2.358,2.378,2.352,2.372,8287000.000,29553655.000
2014-05-29,2.359,2.379,2.359,2.372,6482300.000,23172049.000
2014-05-30,2.379,2.392,2.372,2.379,8233195.000,29485634.050
2014-06-03,2.444,2.484,2.397,2.451,25096419.000,92282309.160
2014-06-04,2.458,2.478,2.431,2.464,24353325.000,89695342.130
2014-06-05,2.478,2.478,2.421,2.464,9233000.000,31813423.000
2014-06-06,2.461,2.482,2.432,2.468,11924000.000,41204809.000
2014-06-09,2.462,2.470,2.448,2.462,3608983.000,12518797.210
2014-06-10,2.497,2.554,2.468,2.554,19301000.000,68330841.000
2014-06-11,2.570,2.570,2.520,2.549,9359600.000,33572203.000
2014-06-12,2.556,2.556,2.514,2.542,11053000.000,39518140.000
2014-06-13,2.542,2.556,2.513,2.542,7424000.000,26571900.000
2014-06-16,2.557,2.557,2.522,2.550,11624900.000,41664728.000
2014-06-17,2.564,2.564,2.500,2.514,6593000.000,23410630.000
2014-06-18,2.544,2.544,2.501,2.508,11467582.000,40727852.820
2014-06-19,2.522,2.529,2.486,2.514,9069100.000,32067288.000
2014-06-20,2.507,2.536,2.493,2.536,8249390.000,29225276.400
2014-06-23,2.544,2.544,2.451,2.459,9489702.000,33291314.530
2014-06-24,2.472,2.515,2.472,2.487,8963000.000,31420203.000
2014-06-25,2.515,2.537,2.480,2.522,10570000.000,37522020.000
2014-06-26,2.522,2.557,2.522,2.550,10785029.000,38718054.400
2014-06-27,2.557,2.557,2.515,2.536,5622873.000,20030179.070
2014-06-30,2.535,2.550,2.507,2.543,8162000.000,29084310.000
2014-07-02,2.558,2.593,2.551,2.579,9251715.000,33476476.000
2014-07-03,2.602,2.609,2.567,2.588,4270173.000,15558609.990
2014-07-04,2.619,2.619,2.569,2.576,4057116.000,14746972.240
2014-07-07,2.570,2.584,2.548,2.577,5531000.000,19964185.000
2014-07-08,2.561,2.561,2.540,2.547,6440000.000,23086740.000
2014-07-09,2.530,2.545,2.488,2.516,6064000.000,21470960.000
2014-07-10,2.518,2.518,2.483,2.511,3203000.000,11314660.000
2014-07-11,2.498,2.526,2.498,2.519,5662000.000,20008962.500
2014-07-14,2.534,2.541,2.499,2.527,3193000.000,11337760.000
2014-07-15,2.527,2.542,2.492,2.513,4713000.000,16646365.000
2014-07-16,2.508,2.522,2.487,2.508,6181888.000,21771418.000
2014-07-17,2.516,2.530,2.487,2.509,5050000.000,17806425.000
2014-07-18,2.488,2.530,2.488,2.530,3979000.000,14081375.000
2014-07-21,2.544,2.544,2.515,2.536,3479000.000,12378075.000
2014-07-22,2.550,2.572,2.522,2.572,9889215.000,35542094.250
2014-07-23,2.580,2.615,2.566,2.608,6566000.000,24081305.000
2014-07-24,2.630,2.680,2.616,2.652,8949000.000,33335330.000
2014-07-25,2.674,2.681,2.660,2.667,9204368.000,34555167.200
2014-07-28,2.689,2.739,2.682,2.725,16923546.000,64646497.960
2014-07-29,2.760,2.760,2.703,2.739,20187000.000,77576050.000
2014-07-30,2.769,2.776,2.726,2.754,18984000.000,73570415.000
2014-07-31,2.756,2.756,2.706,2.749,12642000.000,48576809.000
2014-08-01,2.720,2.735,2.692,2.706,6693252.000,25490025.760
2014-08-04,2.734,2.769,2.705,2.755,10273699.000,39601384.240
2014-08-05,2.776,2.776,2.733,2.769,8773000.000,33960260.000
2014-08-06,2.784,2.813,2.727,2.799,12300056.000,47934906.200
2014-08-07,2.812,2.819,2.755,2.762,8516558.000,33413492.940
2014-08-08,2.772,2.772,2.672,2.693,5849332.000,22318070.800
2014-08-11,2.734,2.798,2.706,2.784,6254104.000,24268791.440
2014-08-12,2.784,2.805,2.770,2.784,7284358.000,28625181.100
2014-08-13,2.770,2.855,2.763,2.855,16319000.000,64772120.000
2014-08-14,2.870,2.892,2.828,2.885,14519000.000,58564185.000
2014-08-15,2.898,2.898,2.834,2.842,5841148.000,23506953.480
2014-08-18,2.834,2.834,2.664,2.671,33210200.000,126162890.000
2014-08-19,2.700,2.736,2.679,2.714,13610000.000,51923455.000
2014-08-20,2.701,2.730,2.701,2.730,5005772.000,19133543.710
2014-08-21,2.732,2.732,2.661,2.711,9773000.000,37029460.000
2014-08-22,2.746,2.746,2.675,2.710,9174000.000,34888419.000
2014-08-25,2.719,2.747,2.698,2.740,7990000.000,30546605.000
2014-08-26,2.748,2.776,2.719,2.776,7272000.000,28131180.000
2014-08-27,2.741,2.805,2.741,2.783,11127000.000,43422768.000
2014-08-28,2.790,2.790,2.718,2.740,12081041.000,46459260.620
2014-08-29,2.719,2.747,2.712,2.740,9154000.000,35121563.000
2014-09-01,2.749,2.799,2.734,2.791,9978000.000,38927850.000
2014-09-02,2.792,2.792,2.699,2.728,9749000.000,37172750.000
2014-09-03,2.714,2.757,2.700,2.749,16872000.000,64822038.000
2014-09-04,2.741,2.784,2.741,2.748,8274501.000,32064070.820
2014-09-05,2.750,2.778,2.750,2.764,7034129.000,27280678.940
2014-09-08,2.736,2.750,2.693,2.714,11561000.000,44024920.000
2014-09-10,2.709,2.709,2.652,2.666,10478000.000,39464175.000
2014-09-11,2.689,2.689,2.653,2.689,6607296.000,24879761.120
2014-09-12,2.668,2.697,2.661,2.690,9051254.000,34128784.580
2014-09-15,2.660,2.682,2.589,2.596,11859296.000,43933552.080
2014-09-16,2.583,2.632,2.576,2.597,6505083.000,23857958.800
2014-09-17,2.632,2.646,2.603,2.632,4866000.000,18009640.000
2014-09-18,2.626,2.626,2.570,2.591,8666257.000,31584879.300
2014-09-19,2.589,2.618,2.575,2.589,5301170.000,19406705.500
2014-09-22,2.605,2.605,2.548,2.555,8541901.000,30829052.590
2014-09-23,2.547,2.576,2.526,2.526,6637700.000,23829233.000
2014-09-24,2.519,2.604,2.519,2.597,7205000.000,26183640.000
2014-09-25,2.605,2.605,2.548,2.548,7792942.000,28193466.720
2014-09-26,2.534,2.569,2.534,2.562,5374000.000,19315905.000
2014-09-29,2.490,2.547,2.490,2.547,9678000.000,34476080.000
2014-09-30,2.517,2.553,2.489,2.496,11631000.000,41019610.000
2014-10-03,2.475,2.531,2.460,2.503,10109322.000,35524194.560
2014-10-06,2.482,2.588,2.482,2.581,12200329.000,43907131.370
2014-10-07,2.588,2.588,2.553,2.581,4108000.000,14892124.000
2014-10-08,2.547,2.568,2.533,2.547,4129000.000,14853915.000
2014-10-09,2.545,2.574,2.517,2.517,9643869.000,34553301.260
2014-10-10,2.517,2.539,2.439,2.496,13224000.000,46722190.000
2014-10-13,2.481,2.488,2.459,2.473,9291133.000,32444165.500
2014-10-14,2.451,2.514,2.451,2.486,2630000.000,9269580.000
2014-10-15,2.481,2.545,2.481,2.538,5675000.000,20236410.000
2014-10-16,2.514,2.578,2.507,2.571,13499000.000,48817361.000
2014-10-17,2.571,2.571,2.521,2.557,9925820.000,35607740.160
2014-10-20,2.537,2.586,2.537,2.579,3476319.000,12643999.350
2014-10-21,2.578,2.606,2.571,2.592,5344400.000,19544193.200
2014-10-22,2.608,2.615,2.580,2.601,3097000.000,11366105.000
2014-10-23,2.616,2.637,2.602,2.623,5691250.000,21049417.500
2014-10-24,2.645,2.652,2.602,2.645,6585000.000,24446938.000
2014-10-27,2.644,2.644,2.566,2.587,3267972.000,11944105.560
2014-10-28,2.586,2.635,2.586,2.635,3981000.000,14637522.000
2014-10-29,2.642,2.642,2.606,2.628,4727000.000,17526993.000
2014-10-30,2.631,2.652,2.567,2.581,6480000.000,23632972.000
2014-10-31,2.595,2.666,2.581,2.645,11945700.000,44390371.900
2014-11-03,2.662,2.754,2.662,2.747,28317008.000,108560421.600
2014-11-04,2.749,2.891,2.749,2.862,52878000.000,209681767.000
2014-11-05,2.840,2.889,2.825,2.889,19369609.000,78282506.290
2014-11-06,2.899,2.921,2.849,2.892,17203696.000,69872999.490
2014-11-07,2.851,2.950,2.851,2.936,21041000.000,86377170.000
2014-11-10,2.940,3.032,2.919,3.025,23673000.000,99782510.000
2014-11-11,3.026,3.125,3.012,3.076,19906790.000,86401680.200
2014-11-12,3.091,3.126,3.055,3.112,12910000.000,56320440.000
2014-11-13,3.076,3.125,3.026,3.026,8406909.000,36408041.970
2014-11-14,3.082,3.082,3.018,3.053,9063500.000,39030273.000
2014-11-17,3.047,3.089,2.926,2.941,5747000.000,24157196.000
2014-11-18,2.941,3.041,2.941,2.970,14084000.000,59254835.000
2014-11-19,2.968,2.982,2.919,2.975,4653332.000,19422819.480
2014-11-20,2.969,2.976,2.870,2.884,9349900.000,38601733.300
2014-11-21,2.883,2.981,2.868,2.974,18236437.000,75510732.130
2014-11-24,3.018,3.046,2.876,2.961,14122000.000,58259875.000
2014-11-25,2.910,2.960,2.896,2.932,12485210.000,51274314.700
2014-11-26,2.952,3.081,2.923,3.067,12815523.000,53686083.320
2014-11-27,3.087,3.087,3.008,3.037,3744000.000,15858680.000
2014-11-28,3.075,3.197,3.039,3.161,17923000.000,78169130.000
2014-12-01,3.111,3.154,3.003,3.003,10741000.000,45751290.000
2014-12-02,3.051,3.223,2.993,3.180,18545753.000,80967936.890
2014-12-03,3.211,3.275,3.061,3.133,12206180.000,54552850.240
2014-12-04,3.085,3.207,3.085,3.171,17250200.000,76085757.000
2014-12-05,3.198,3.277,3.098,3.234,29831579.000,134885905.340
2014-12-08,3.258,3.336,3.215,3.315,13304373.000,61521864.230
2014-12-09,3.312,3.333,3.141,3.191,15250754.000,69805359.940
2014-12-10,3.245,3.267,3.146,3.260,10618402.000,47966297.900
2014-12-11,3.272,3.272,3.158,3.222,5600575.000,25440177.500
2014-12-12,3.210,3.380,3.203,3.359,29863005.000,139323527.500
2014-12-15,3.343,3.343,3.243,3.272,8905866.000,40911319.940
2014-12-16,3.259,3.309,3.195,3.216,12800209.000,58139470.950
2014-12-17,3.235,3.313,3.199,3.277,15345642.000,70458468.420
2014-12-18,3.380,3.380,3.287,3.308,10567573.000,49613237.260
2014-12-19,3.344,3.366,3.288,3.323,6551325.000,30566988.250
2014-12-22,3.346,3.431,3.303,3.388,5987000.000,28505642.930
2014-12-23,3.367,3.445,3.331,3.431,9451000.000,45420340.000
2014-12-24,3.403,3.410,3.381,3.381,3482222.000,16612065.040
2014-12-29,3.427,3.470,3.392,3.420,9561364.000,46199921.320
2014-12-30,3.415,3.430,3.323,3.344,10707100.000,50748554.000
2014-12-31,3.364,3.443,3.329,3.436,11061500.000,52864625.000
2015-01-02,3.450,3.500,3.393,3.492,5982000.000,29146865.000
2015-01-05,3.496,3.531,3.467,3.524,9220875.000,45592021.000
2015-01-06,3.497,3.525,3.426,3.483,7216380.000,35331842.000
2015-01-07,3.420,3.626,3.420,3.519,19486443.000,97287355.550
2015-01-08,3.621,3.621,3.528,3.550,9190650.000,46023743.000
2015-01-09,3.549,3.571,3.492,3.514,10909000.000,54158550.000
2015-01-12,3.525,3.553,3.418,3.454,6016090.000,29214967.000
2015-01-13,3.487,3.501,3.444,3.487,3095042.000,15120417.020
2015-01-14,3.523,3.552,3.431,3.459,14275000.000,70008950.000
2015-01-15,3.451,3.529,3.451,3.494,7619097.000,37515166.210
2015-01-16,3.487,3.544,3.466,3.494,6543051.000,32074411.430
2015-01-19,3.490,3.490,3.141,3.212,13839000.000,63851246.000
2015-01-20,3.190,3.304,3.190,3.283,13669918.000,62827771.450
2015-01-21,3.321,3.399,3.314,3.363,7807749.000,36721810.620
2015-01-22,3.405,3.427,3.363,3.412,7377314.000,35251442.290
2015-01-23,3.496,3.531,3.453,3.489,10640250.000,52217630.000
2015-01-26,3.477,3.534,3.455,3.513,7112000.000,34791856.800
2015-01-27,3.468,3.497,3.404,3.419,5594541.000,26884054.670
2015-01-28,3.414,3.464,3.386,3.407,2650141.000,12692576.930
2015-01-29,3.360,3.396,3.289,3.296,8872147.000,41330476.790
2015-01-30,3.348,3.412,3.319,3.398,8143638.000,38536156.050
2015-02-02,3.277,3.377,3.270,3.320,11410913.000,53050472.410
2015-02-03,3.326,3.340,3.169,3.261,15552000.000,70956935.000
2015-02-04,3.301,3.323,3.230,3.287,9214110.000,42514534.800
2015-02-05,3.426,3.469,3.333,3.354,21808000.000,103741430.000
2015-02-06,3.420,3.420,3.277,3.327,6460194.000,30197130.680
2015-02-09,3.266,3.394,3.266,3.344,4792950.000,22398953.500
2015-02-10,3.357,3.357,3.300,3.300,7721000.000,35967720.000
2015-02-11,3.323,3.387,3.294,3.315,4503885.000,21061179.210
2015-02-12,3.302,3.409,3.302,3.402,6905000.000,32743915.000
2015-02-13,3.399,3.399,3.364,3.399,6281261.000,29849604.970
2015-02-16,3.391,3.391,3.298,3.312,9395000.000,43928225.000
2015-02-17,3.300,3.357,3.300,3.357,3440000.000,16101729.800
2015-02-18,3.371,3.371,3.300,3.321,1931770.000,9037842.800
2015-02-23,3.328,3.392,3.328,3.385,6495847.000,30776790.190
2015-02-24,3.421,3.514,3.421,3.421,12191056.000,59015999.920
2015-02-25,3.482,3.482,3.368,3.425,4991033.000,23803017.080
2015-02-26,3.425,3.461,3.368,3.453,2919000.000,13989010.000
2015-02-27,3.466,3.473,3.438,3.452,2302278.000,11118246.800
2015-03-02,3.419,3.455,3.369,3.433,6880000.000,32857134.760
2015-03-03,3.463,3.463,3.384,3.399,6072208.000,29042738.160
2015-03-04,3.426,3.426,3.326,3.348,5525506.000,25979466.260
2015-03-05,3.362,3.362,3.269,3.276,7165506.000,33131001.780
2015-03-06,3.319,3.334,3.241,3.276,6109000.000,27955143.000
2015-03-09,3.234,3.313,3.170,3.299,5860112.000,26674288.360
2015-03-10,3.284,3.312,3.234,3.234,5195128.000,23659575.000
2015-03-11,3.235,3.357,3.214,3.328,16904832.000,78080585.640
2015-03-12,3.341,3.405,3.269,3.348,9109031.000,42602452.700
2015-03-13,3.332,3.447,3.332,3.433,18924822.000,89856240.180
2015-03-16,3.434,3.534,3.413,3.506,14574744.000,70680397.040
2015-03-17,3.547,3.561,3.461,3.483,9196776.000,44832185.040
2015-03-18,3.496,3.561,3.482,3.518,18031899.000,88674730.050
2015-03-19,3.558,3.608,3.515,3.529,8376872.000,41618295.800
2015-03-20,3.552,3.552,3.459,3.502,12523000.000,61232495.000
2015-03-23,3.500,3.514,3.464,3.500,3265094.000,15959902.440
2015-03-24,3.497,3.526,3.433,3.447,4022000.000,19495163.440
2015-03-25,3.484,3.484,3.363,3.384,6013000.000,28599445.000
2015-03-26,3.340,3.425,3.325,3.347,5307704.000,25105994.000
2015-03-27,3.320,3.384,3.305,3.370,4599500.000,21571230.000
2015-03-30,3.413,3.548,3.391,3.534,13046167.000,64125192.940
2015-03-31,3.592,3.621,3.571,3.592,12291444.000,61683769.680
2015-04-01,3.572,3.672,3.572,3.657,14619000.000,74712003.000
2015-04-02,3.663,3.749,3.656,3.727,13355000.000,69292235.000
2015-04-08,3.760,4.052,3.760,3.967,33528243.000,183569610.260
2015-04-09,4.139,4.267,3.946,3.953,58368355.000,335947529.010
2015-04-10,4.077,4.198,3.948,4.091,41488000.000,235891083.000
2015-04-13,4.186,4.400,4.186,4.329,69485514.000,416255552.960
2015-04-14,4.401,4.572,4.308,4.358,55461412.000,342080754.960
2015-04-15,4.367,4.702,4.367,4.674,53791352.000,343996118.400
2015-04-16,4.493,4.664,4.493,4.621,23080185.000,149254176.300
2015-04-17,4.625,4.689,4.575,4.618,20169025.000,131088069.230
2015-04-20,4.746,4.824,4.404,4.475,30904000.000,200814673.000
2015-04-21,4.556,4.691,4.534,4.684,19110718.000,124210121.180
2015-04-22,4.585,4.849,4.585,4.842,15149951.000,100932626.150
2015-04-23,4.848,4.983,4.698,4.748,17682050.000,119545367.000
2015-04-24,4.788,4.831,4.510,4.667,18062899.000,118842730.490
2015-04-27,4.658,4.843,4.658,4.779,15836700.000,106156765.000
2015-04-28,4.892,4.935,4.771,4.885,17138886.000,117276915.670
2015-04-29,4.839,4.924,4.789,4.818,13667800.000,92841900.400
2015-04-30,4.801,5.000,4.801,4.936,30282820.000,210350421.900
2015-05-04,4.909,4.952,4.803,4.852,17909422.000,122227881.640
2015-05-05,4.852,4.909,4.682,4.696,11893312.000,79374243.440
2015-05-06,4.631,4.702,4.439,4.531,21152664.000,136555007.880
2015-05-07,4.436,4.457,4.343,4.386,16788000.000,103655438.000
2015-05-08,4.508,4.593,4.466,4.558,10063222.000,64172679.700
2015-05-11,4.649,4.649,4.507,4.614,8111650.000,52263436.400
2015-05-12,4.666,4.666,4.474,4.517,8478000.000,53907535.000
2015-05-13,4.550,4.664,4.507,4.564,10347110.000,66697352.900
2015-05-14,4.676,4.676,4.413,4.484,7294188.000,46234461.080
2015-05-15,4.505,4.576,4.420,4.527,9382000.000,59377765.000
2015-05-18,4.526,4.590,4.505,4.526,5326000.000,33959881.000
2015-05-19,4.591,4.684,4.485,4.677,5867327.000,38260727.130
2015-05-20,4.713,4.728,4.571,4.600,10265932.000,66786944.140
2015-05-21,4.551,4.622,4.473,4.487,12316904.000,78098692.520
2015-05-22,4.536,4.585,4.493,4.578,8583419.000,54972679.020
2015-05-26,4.696,4.760,4.596,4.625,11985000.000,78593309.000
2015-05-27,4.627,4.719,4.555,4.577,8792847.000,57095931.300
2015-05-28,4.575,4.703,4.483,4.525,12836212.000,82561809.120
2015-05-29,4.490,4.562,4.434,4.483,15536917.000,97988095.080
2015-06-01,4.406,4.584,4.378,4.556,8274687.000,52300915.550
2015-06-02,4.549,4.556,4.471,4.506,4023000.000,25481400.000
2015-06-03,4.552,4.602,4.474,4.573,8249241.000,52794849.240
2015-06-04,4.623,4.687,4.488,4.574,20885860.000,134461541.800
2015-06-05,4.633,4.654,4.448,4.476,16557560.000,104810333.800
2015-06-08,4.378,4.549,4.378,4.506,14376000.000,90855960.000
2015-06-09,4.540,4.575,4.419,4.462,15046130.000,94884969.700
2015-06-10,4.432,4.567,4.432,4.539,17191000.000,108490625.000
2015-06-11,4.580,4.608,4.509,4.573,11373375.000,72917833.630
2015-06-12,4.517,4.624,4.517,4.617,5009436.000,33121236.000
2015-06-15,4.617,4.638,4.546,4.574,5366125.000,34529015.000
2015-06-16,4.516,4.630,4.353,4.353,9183263.000,57524041.380
2015-06-17,4.353,4.460,4.353,4.417,7247556.000,45051440.600
2015-06-18,4.372,4.472,4.337,4.429,6022470.000,37281615.800
2015-06-19,4.427,4.534,4.392,4.406,12236850.000,76749386.900
2015-06-22,4.371,4.477,4.371,4.413,7127122.000,44310549.880
2015-06-23,4.522,4.611,4.485,4.581,7227506.000,44359671.600
2015-06-24,4.626,4.626,4.560,4.574,6111155.000,37772401.000
2015-06-25,4.605,4.768,4.560,4.716,15296226.000,96896290.670
2015-06-26,4.716,4.716,4.501,4.538,8344590.000,51633602.400
2015-06-29,4.591,4.614,4.347,4.488,14604778.000,88436335.320
2015-06-30,4.396,4.648,4.396,4.604,20194746.000,123198618.880
2015-07-02,4.747,4.881,4.577,4.844,23367540.000,150837820.400
2015-07-03,4.880,4.880,4.621,4.695,13118000.000,83431278.000
2015-07-06,4.777,4.799,4.302,4.480,25273000.000,152619001.000
2015-07-07,4.443,4.443,4.109,4.161,26705194.000,152235010.400
2015-07-08,3.893,3.930,3.508,3.656,38258884.000,187677375.860
2015-07-09,3.656,4.182,3.537,4.041,37413312.000,202347508.400
2015-07-10,4.049,4.339,4.049,4.146,16050800.000,90709575.000
2015-07-13,4.085,4.374,4.063,4.286,13110900.000,75569492.000
2015-07-14,4.302,4.377,4.243,4.258,9210868.000,53165436.000
2015-07-15,4.265,4.294,4.124,4.242,5992951.000,34079890.720
2015-07-16,4.185,4.251,4.088,4.251,14034087.000,78906001.980
2015-07-17,4.461,4.483,4.320,4.401,18371500.000,106231604.500
2015-07-20,4.454,4.469,4.350,4.454,10672843.000,63448444.940
2015-07-21,4.483,4.528,4.402,4.520,9686635.000,58343292.750
2015-07-22,4.526,4.526,4.429,4.459,9782003.000,58824801.100
2015-07-23,4.526,4.526,4.333,4.415,10641000.000,63209630.000
2015-07-24,4.318,4.399,4.296,4.296,6910000.000,40469270.000
2015-07-27,4.259,4.259,4.014,4.044,15774376.000,88258199.800
2015-07-28,4.065,4.191,3.931,3.998,14494254.000,79103031.720
2015-07-29,4.020,4.087,3.923,4.079,9256031.000,49948301.260
2015-07-30,4.088,4.169,4.043,4.140,6213000.000,34561044.000
2015-07-31,4.117,4.154,4.043,4.117,8701215.000,48070378.850
2015-08-03,4.117,4.124,4.013,4.028,5790000.000,31734700.000
2015-08-04,4.065,4.088,3.954,4.006,8140037.000,44131086.200
2015-08-05,4.006,4.095,3.961,4.080,5593476.000,30528750.400
2015-08-06,4.088,4.170,4.066,4.133,7875794.000,43893386.360
2015-08-07,4.222,4.355,4.133,4.311,12737476.000,73335032.280
2015-08-10,4.346,4.346,4.205,4.309,4731600.000,27324378.000
2015-08-11,4.435,4.495,4.351,4.404,7930432.000,46327104.520
2015-08-12,4.372,4.456,4.218,4.257,9434163.000,53303615.620
2015-08-13,4.385,4.424,4.268,4.307,4911994.000,27424801.660
2015-08-14,4.267,4.368,4.236,4.290,2685800.000,14828301.000
2015-08-17,4.234,4.327,4.148,4.195,3519601.000,19079256.510
2015-08-18,4.195,4.257,4.102,4.102,5663738.000,30329413.780
2015-08-19,4.133,4.164,4.032,4.102,4980561.000,26280371.200
2015-08-20,4.022,4.038,3.891,3.968,6448834.000,32913940.380
2015-08-21,3.919,3.919,3.803,3.865,8163000.000,40525100.000
2015-08-24,3.616,3.678,3.392,3.524,17867744.000,81042455.800
2015-08-25,3.399,3.678,3.399,3.593,16838607.000,77828753.940
2015-08-26,3.596,3.690,3.519,3.526,8662195.000,40053032.220
2015-08-27,3.622,3.739,3.505,3.661,12288219.000,56922231.900
2015-08-28,3.749,3.749,3.493,3.524,14856638.000,68494116.700
2015-08-31,3.557,3.557,3.402,3.511,17150708.000,77166311.000
2015-09-01,3.464,3.472,3.232,3.271,24333718.000,103920468.260
2015-09-02,3.187,3.295,3.102,3.164,22382206.000,92751033.310
2015-09-04,3.164,3.288,3.118,3.187,13058470.000,54111554.080
2015-09-07,3.185,3.301,3.147,3.154,8245400.000,34365682.000
2015-09-08,3.165,3.327,3.165,3.319,8642000.000,36387220.000
2015-09-09,3.342,3.473,3.342,3.442,10025879.000,44558424.830
2015-09-10,3.403,3.480,3.334,3.442,18775782.000,83285267.540
2015-09-11,3.517,3.579,3.463,3.494,13165234.000,59532482.520
2015-09-14,3.516,3.586,3.346,3.431,19711641.000,89080435.560
2015-09-15,3.383,3.413,3.290,3.305,21064112.000,90958122.080
2015-09-16,3.370,3.540,3.362,3.486,12247904.000,54794732.720
2015-09-17,3.568,3.568,3.452,3.483,8308171.000,37640882.400
2015-09-18,3.541,3.634,3.487,3.611,14684913.000,68448636.910
2015-09-21,3.576,3.623,3.484,3.538,7376894.000,33716832.630
2015-09-22,3.556,3.625,3.532,3.540,4676000.000,21659240.000
2015-09-23,3.489,3.597,3.412,3.473,7447500.000,33358310.000
2015-09-24,3.559,3.559,3.436,3.482,8328000.000,37496483.000
2015-09-25,3.482,3.536,3.427,3.513,6879905.000,30845120.950
2015-09-29,3.398,3.398,3.274,3.305,14334030.000,61507367.000
2015-09-30,3.372,3.457,3.349,3.372,16822075.000,74022712.750
2015-10-02,3.418,3.503,3.388,3.449,9732604.000,43698292.600
2015-10-05,3.511,3.596,3.465,3.588,8945456.000,41101630.280
2015-10-06,3.619,3.634,3.526,3.573,5517686.000,25463135.020
2015-10-07,3.526,3.735,3.526,3.704,14061000.000,66035292.000
2015-10-08,3.698,3.728,3.582,3.636,11505900.000,54128902.000
2015-10-09,3.697,3.720,3.589,3.620,8596273.000,40871924.510
2015-10-12,3.646,3.715,3.630,3.661,8934000.000,42577928.000
2015-10-13,3.651,3.651,3.521,3.582,11237000.000,52113845.000
2015-10-14,3.538,3.592,3.538,3.577,5780865.000,26873237.890
2015-10-15,3.592,3.669,3.553,3.638,5494823.000,25939655.680
2015-10-16,3.694,3.801,3.686,3.771,16359662.000,79568146.780
2015-10-19,3.830,3.907,3.776,3.884,13754234.000,68013576.320
2015-10-20,3.820,3.843,3.766,3.827,6659156.000,32813790.080
2015-10-22,3.805,3.874,3.759,3.836,6739000.000,33360425.000
2015-10-23,3.880,3.911,3.849,3.873,6989863.000,35119858.650
2015-10-26,3.939,3.939,3.823,3.870,6175000.000,30975495.000
2015-10-27,3.882,3.913,3.797,3.874,9728000.000,48582291.000
2015-10-28,3.815,3.861,3.669,3.676,13685370.000,66053491.640
2015-10-29,3.703,3.757,3.633,3.649,10550565.000,50445329.820
2015-10-30,3.712,3.789,3.659,3.766,9826730.000,47846517.470
2015-11-02,3.815,3.884,3.738,3.792,12095971.000,60074581.100
2015-11-03,3.840,3.886,3.824,3.855,11028123.000,55270413.850
2015-11-04,3.888,3.949,3.826,3.918,10227857.000,51891763.040
2015-11-05,3.882,3.936,3.813,3.890,8384944.000,42452987.200
2015-11-06,3.887,3.933,3.864,3.887,14360000.000,72443686.000
2015-11-09,3.855,3.994,3.855,3.956,10163000.000,52060537.000
2015-11-10,3.926,3.934,3.795,3.818,13259000.000,66250786.000
2015-11-11,3.788,3.842,3.726,3.749,8497000.000,41410365.000
2015-11-12,3.766,3.843,3.643,3.797,9481000.000,46096100.000
2015-11-13,3.845,3.845,3.637,3.652,13072861.000,62314347.270
2015-11-16,3.596,3.642,3.588,3.603,8773000.000,41031623.700
2015-11-17,3.672,3.726,3.641,3.680,12568000.000,59801992.000
2015-11-18,3.652,3.761,3.652,3.714,6624273.000,31791845.860
2015-11-19,3.753,3.784,3.730,3.737,6149000.000,29830337.000
2015-11-20,3.721,3.768,3.714,3.752,3657270.000,17728810.300
2015-11-23,3.773,3.781,3.711,3.734,5793252.000,28009282.200
2015-11-24,3.720,3.759,3.635,3.673,12966956.000,61445449.240
2015-11-25,3.642,3.680,3.619,3.650,4408650.000,20734250.600
2015-11-26,3.689,3.705,3.620,3.666,10548261.000,49749745.310
2015-11-27,3.667,3.675,3.543,3.566,10955990.000,50728561.900
2015-11-30,3.569,3.608,3.499,3.546,17953076.000,82234766.720
2015-12-01,3.577,3.592,3.530,3.577,10877199.000,49903267.350
2015-12-02,3.545,3.630,3.545,3.599,4005760.000,18605332.400
2015-12-03,3.562,3.609,3.554,3.593,5278403.000,24328060.550
2015-12-04,3.563,3.586,3.501,3.563,5828728.000,26628470.000
2015-12-07,3.570,3.609,3.555,3.594,5471596.000,25270711.400
2015-12-08,3.575,3.599,3.505,3.560,6110586.000,27895347.160
2015-12-09,3.501,3.540,3.462,3.478,11409000.000,51291100.000
2015-12-10,3.483,3.545,3.467,3.506,7969234.000,35958695.360
2015-12-11,3.568,3.568,3.419,3.427,6688063.000,29586463.560
2015-12-14,3.340,3.418,3.340,3.403,21256290.000,92315263.380
2015-12-15,3.414,3.453,3.399,3.422,13372872.000,58428298.570
2015-12-16,3.465,3.614,3.465,3.606,17506649.000,78429245.170
2015-12-17,3.613,3.731,3.605,3.645,9636000.000,44880516.000
2015-12-18,3.647,3.741,3.615,3.694,10793790.000,50695765.770
2015-12-21,3.667,3.808,3.651,3.785,8025166.000,38428301.400
2015-12-22,3.824,3.824,3.745,3.808,6373551.000,30780086.620
2015-12-23,3.807,3.862,3.776,3.838,6760821.000,33015724.070
2015-12-24,3.880,3.880,3.817,3.825,2512750.000,12284385.000
2015-12-28,3.825,3.832,3.723,3.723,7345000.000,35140860.000
2015-12-29,3.753,3.800,3.729,3.761,6210700.000,29711661.000
2015-12-30,3.771,3.771,3.645,3.676,7038864.000,32913653.960
2015-12-31,3.686,3.725,3.686,3.694,970000.000,4556810.000
2016-01-04,3.692,3.707,3.573,3.613,5120560.000,23566979.000
2016-01-05,3.573,3.699,3.573,3.596,6603982.000,30220696.700
2016-01-06,3.620,3.620,3.462,3.470,28017035.000,123734697.500
2016-01-07,3.479,3.511,3.328,3.336,23031727.000,98440903.820
2016-01-08,3.382,3.390,3.334,3.350,15047098.000,63662542.600
2016-01-11,3.259,3.274,3.163,3.171,21424680.000,86690294.760
2016-01-12,3.172,3.220,3.140,3.148,14787160.000,59059444.200
2016-01-13,3.181,3.212,3.165,3.165,17355346.000,69519826.070
2016-01-14,3.124,3.147,3.084,3.108,18283606.000,72025480.150
2016-01-15,3.118,3.142,2.983,2.991,36779130.000,141413727.500
2016-01-18,2.925,3.052,2.886,2.973,10842580.000,41146988.200
2016-01-19,2.964,3.122,2.964,3.090,13403800.000,52286821.000
2016-01-20,3.051,3.067,2.949,2.949,10850698.000,41184890.860
2016-01-21,2.935,3.014,2.864,2.895,23818000.000,88538088.500
2016-01-22,2.976,3.031,2.944,3.007,9839400.000,37074515.500
2016-01-25,3.019,3.075,2.988,3.019,5728400.000,21974804.000
2016-01-26,2.972,3.027,2.845,2.853,20521099.000,75537782.290
2016-01-27,2.911,2.950,2.879,2.942,7962000.000,29432538.000
2016-01-28,2.902,2.973,2.894,2.965,5105000.000,19033960.000
2016-01-29,2.933,3.123,2.933,3.115,12834000.000,49895950.000
2016-02-01,3.071,3.095,2.969,3.000,15844184.000,60139732.720
2016-02-02,2.969,3.001,2.930,2.937,13109967.000,49008258.440
2016-02-03,2.906,2.906,2.851,2.867,16098168.000,58463971.910
2016-02-04,2.905,2.913,2.858,2.866,8496495.000,30985914.700
2016-02-05,2.839,2.926,2.823,2.902,4707500.000,17314080.000
2016-02-11,2.839,2.863,2.760,2.768,8815490.000,31156874.800
2016-02-12,2.760,2.847,2.713,2.737,12635800.000,44326996.000
2016-02-15,2.798,2.932,2.775,2.900,16520000.000,59756330.000
2016-02-16,2.934,2.966,2.903,2.934,8866790.000,33247355.000
2016-02-17,2.920,2.967,2.881,2.904,15949521.000,59232346.260
2016-02-18,2.950,2.997,2.926,2.942,12381000.000,46571139.000
2016-02-19,2.947,2.994,2.947,2.978,7211754.000,27196364.320
2016-02-22,2.988,3.020,2.964,3.012,5163000.000,19610065.000
2016-02-23,3.041,3.041,2.986,3.009,3549000.000,13528325.000
2016-02-24,3.003,3.027,2.940,2.979,5773000.000,21743972.370
2016-02-25,3.012,3.012,2.862,2.870,8393724.000,30985917.900
2016-02-26,2.925,2.949,2.902,2.925,5677941.000,21027148.780
2016-02-29,2.960,2.960,2.865,2.881,7770000.000,28353945.000
2016-03-01,2.894,2.902,2.815,2.855,20853500.000,74891030.590
2016-03-02,2.914,3.009,2.891,2.994,21187225.000,79293807.500
2016-03-03,3.014,3.038,2.983,3.022,8086000.000,30793070.000
2016-03-04,3.018,3.120,3.010,3.097,23844000.000,92388058.000
2016-03-07,3.153,3.216,3.138,3.153,11899795.000,47797236.950
2016-03-08,3.110,3.126,3.071,3.118,15330262.000,60473793.740
2016-03-09,3.073,3.121,3.058,3.121,14959202.000,58614615.650
2016-03-10,3.146,3.162,3.091,3.114,9028587.000,35884458.650
2016-03-11,3.104,3.152,3.089,3.136,20790904.000,82603495.210
2016-03-14,3.146,3.177,3.114,3.169,11709011.000,47124854.770
2016-03-15,3.146,3.185,3.130,3.178,9415906.000,37721003.480
2016-03-16,3.158,3.174,3.095,3.127,10869090.000,43029973.900
2016-03-17,3.070,3.165,3.070,3.149,19031745.000,75957315.700
2016-03-18,3.173,3.196,3.134,3.173,19982011.000,80924264.910
2016-03-21,3.222,3.261,3.191,3.238,18910000.000,77933951.000
2016-03-22,3.245,3.277,3.214,3.230,13822000.000,56769715.000
2016-03-23,3.220,3.252,3.173,3.197,9286000.000,37809281.000
2016-03-24,3.221,3.221,3.134,3.142,17717076.000,71048422.680
2016-03-29,3.130,3.169,3.106,3.130,6263000.000,24863095.000
2016-03-30,3.120,3.222,3.120,3.207,12250043.000,49503133.720
2016-03-31,3.204,3.227,3.157,3.212,15358000.000,62794370.000
2016-04-01,3.218,3.218,3.116,3.171,15179494.000,61312671.000
2016-04-05,3.159,3.214,3.089,3.104,16918313.000,67239440.780
2016-04-06,3.108,3.139,3.077,3.132,7398000.000,29359065.000
2016-04-07,3.122,3.169,3.083,3.098,12227059.000,48493494.820
2016-04-08,3.090,3.129,3.012,3.106,12219000.000,47887774.000
2016-04-11,3.118,3.181,3.087,3.173,5056920.000,20264455.600
2016-04-12,3.165,3.204,3.157,3.172,5776451.000,23471128.120
2016-04-13,3.195,3.226,3.171,3.226,32493500.000,133127135.000
2016-04-14,3.271,3.334,3.264,3.279,21636398.000,90702989.260
2016-04-15,3.304,3.304,3.257,3.280,5571938.000,23176895.040
2016-04-18,3.251,3.251,3.189,3.220,6862558.000,28096702.220
2016-04-19,3.255,3.263,3.224,3.247,10610490.000,43884529.200
2016-04-20,3.249,3.257,3.178,3.217,5863217.000,24061567.310
2016-04-21,3.236,3.283,3.205,3.252,15384802.000,63722873.560
2016-04-22,3.256,3.264,3.224,3.232,7765575.000,32015281.000
2016-04-25,3.236,3.267,3.204,3.212,8054000.000,32996150.000
2016-04-26,3.193,3.240,3.161,3.240,6893798.000,28065229.780
2016-04-27,3.222,3.238,3.175,3.230,4622390.000,18891059.600
2016-04-28,3.243,3.267,3.220,3.236,6176000.000,25407205.000
2016-04-29,3.233,3.280,3.178,3.201,18889000.000,77822970.000
2016-05-03,3.199,3.207,3.129,3.145,12713000.000,51163970.000
2016-05-04,3.146,3.186,3.139,3.170,10531212.000,42227696.640
2016-05-05,3.155,3.179,3.147,3.163,7282000.000,29213326.000
2016-05-06,3.175,3.175,3.104,3.112,8823850.000,34930580.000
2016-05-09,3.116,3.131,3.076,3.092,6817999.000,26756716.400
2016-05-10,3.081,3.097,3.033,3.041,19208575.000,74380310.500
2016-05-11,3.049,3.073,2.978,2.994,16653518.000,63642446.300
2016-05-12,2.983,2.998,2.959,2.990,9968060.000,37854554.400
2016-05-13,2.988,2.995,2.924,2.940,12315000.000,46070050.000
2016-05-16,2.943,2.983,2.927,2.935,8531951.000,31816103.820
2016-05-17,2.945,3.016,2.922,3.000,7154914.000,26890568.460
2016-05-18,2.938,2.978,2.938,2.970,8159088.000,30606778.280
2016-05-19,2.959,2.998,2.951,2.959,6548000.000,24548790.000
2016-05-20,2.942,2.989,2.942,2.950,10994655.000,41150436.300
2016-05-23,2.979,3.034,2.931,3.018,6206725.000,23629781.750
2016-05-24,3.011,3.019,2.956,2.972,11672720.000,43834704.250
2016-05-25,3.006,3.061,2.990,3.045,16981320.000,64743066.870
2016-05-26,3.048,3.064,3.016,3.032,4909263.000,18774100.660
2016-05-27,3.044,3.092,3.028,3.084,14733764.000,57057758.200
2016-05-30,3.113,3.185,3.097,3.145,11956787.000,47270820.930
2016-05-31,3.161,3.192,3.129,3.169,26248328.000,104198020.760
2016-06-01,3.164,3.164,3.101,3.117,16509200.000,64867931.000
2016-06-02,3.116,3.155,3.108,3.132,5939696.000,23400831.280
2016-06-03,3.160,3.160,3.129,3.144,8814000.000,34813810.000
2016-06-06,3.123,3.163,3.123,3.163,6705000.000,26576058.200
2016-06-07,3.177,3.256,3.161,3.232,7621000.000,30878266.000
2016-06-08,3.247,3.247,3.200,3.216,6132000.000,24902839.000
2016-06-10,3.224,3.224,3.120,3.128,7049000.000,27950605.000
2016-06-13,3.116,3.116,3.044,3.076,9369000.000,36127390.000
2016-06-14,3.067,3.091,3.044,3.075,6030045.000,23248703.050
2016-06-15,3.054,3.126,3.054,3.110,11114000.000,43016318.820
2016-06-16,3.090,3.090,3.026,3.050,10332180.000,39563113.800
2016-06-17,3.069,3.093,3.061,3.069,9873856.000,38123632.030
2016-06-20,3.065,3.129,3.065,3.121,11398122.000,44416848.480
2016-06-21,3.142,3.142,3.118,3.134,20945110.000,82447507.800
2016-06-22,3.178,3.280,3.161,3.263,14576000.000,55436969.000
2016-06-23,3.250,3.258,3.216,3.242,6064012.000,23183780.340
2016-06-24,3.239,3.256,3.120,3.188,14293000.000,53549656.000
2016-06-27,3.173,3.284,3.173,3.258,3723000.000,14121790.000
2016-06-28,3.241,3.284,3.215,3.258,7900000.000,29910267.000
2016-06-29,3.274,3.308,3.257,3.308,8369400.000,32123694.000
2016-06-30,3.299,3.359,3.299,3.350,8449701.000,33074045.860
2016-07-04,3.359,3.410,3.359,3.376,11808000.000,46679916.000
2016-07-05,3.356,3.382,3.330,3.330,11064000.000,43307473.700
2016-07-06,3.335,3.343,3.292,3.318,4238000.000,16269631.000
2016-07-07,3.316,3.350,3.316,3.342,3878000.000,15004197.000
2016-07-08,3.335,3.335,3.300,3.318,4048656.000,15587849.360
2016-07-11,3.334,3.403,3.334,3.395,7456916.000,29307802.640
2016-07-12,3.409,3.426,3.391,3.417,7558531.000,29849338.380
2016-07-13,3.440,3.466,3.397,3.457,8810596.000,35255922.400
2016-07-14,3.447,3.499,3.421,3.499,7426835.000,29787918.380
2016-07-15,3.498,3.532,3.481,3.515,9479122.000,38448326.760
2016-07-18,3.523,3.558,3.506,3.540,3500803.000,14306048.120
2016-07-19,3.567,3.584,3.506,3.567,8828000.000,36230940.000
2016-07-20,3.582,3.582,3.530,3.556,7704813.000,31739245.820
2016-07-21,3.544,3.595,3.544,3.578,6283039.000,26050838.870
2016-07-22,3.542,3.550,3.481,3.516,9638756.000,39417226.860
2016-07-25,3.551,3.568,3.517,3.568,8200699.000,33667013.960
2016-07-26,3.530,3.616,3.521,3.598,7294000.000,30382145.000
2016-07-27,3.558,3.584,3.524,3.576,6600000.000,27320315.000
2016-07-28,3.580,3.580,3.529,3.546,6709000.000,27784389.000
2016-07-29,3.550,3.559,3.490,3.490,5979357.000,24590645.120
2016-08-01,3.503,3.554,3.486,3.545,11355936.000,46903575.680
2016-08-03,3.497,3.514,3.463,3.506,9100458.000,37205283.750
2016-08-04,3.545,3.545,3.511,3.545,5957200.000,24604063.000
2016-08-05,3.562,3.579,3.545,3.570,7261000.000,30212974.000
2016-08-08,3.599,3.616,3.573,3.608,9551946.000,39878742.120
2016-08-09,3.614,3.640,3.597,3.640,8073003.000,33980082.780
2016-08-10,3.637,3.645,3.619,3.645,8277000.000,35094525.000
2016-08-11,3.630,3.733,3.613,3.690,10336000.000,44707180.000
2016-08-12,3.758,3.783,3.741,3.783,9854000.000,43244685.000
2016-08-15,3.752,3.897,3.752,3.846,7561000.000,33897948.000
2016-08-16,3.847,3.890,3.796,3.796,6271354.000,28038195.140
2016-08-17,3.799,3.816,3.748,3.765,6774485.000,29930258.700
2016-08-18,3.795,3.854,3.795,3.846,14958000.000,66968344.000
2016-08-19,3.877,3.894,3.817,3.886,14826001.000,66990014.530
2016-08-22,3.946,3.946,3.868,3.946,8050700.000,36619650.000
2016-08-23,3.942,3.942,3.890,3.933,6641716.000,30282411.960
2016-08-24,3.924,3.924,3.752,3.812,7914700.000,35125754.000
2016-08-25,3.822,3.840,3.779,3.822,6413700.000,28337585.000
2016-08-26,3.790,3.824,3.781,3.798,4235000.000,18778805.000
2016-08-29,3.827,3.827,3.767,3.801,11990400.000,52791215.000
2016-08-30,3.816,3.851,3.816,3.842,8041700.000,35775800.000
2016-08-31,3.873,3.942,3.838,3.881,20501765.000,92436335.330
2016-09-01,3.917,4.029,3.892,4.029,20004700.000,92220806.300
2016-09-02,4.034,4.120,3.991,4.086,14284138.000,67411504.870
2016-09-05,4.130,4.173,4.104,4.165,6427000.000,30903280.000
2016-09-06,4.161,4.222,4.144,4.187,10401669.000,50599279.720
2016-09-07,4.188,4.205,4.137,4.180,7821000.000,37926840.000
2016-09-08,4.209,4.235,4.158,4.235,8743067.000,42910399.500
2016-09-09,4.247,4.367,4.229,4.315,17475000.000,87846040.000
2016-09-12,4.287,4.287,4.123,4.132,11139034.000,53888018.880
2016-09-13,4.197,4.214,4.094,4.111,7978092.000,38527987.480
2016-09-14,4.096,4.173,4.087,4.156,5472693.000,26261921.350
2016-09-15,4.182,4.234,4.147,4.234,4523578.000,22097904.740
2016-09-19,4.149,4.330,4.149,4.270,12552046.000,62406515.380
2016-09-20,4.258,4.327,4.241,4.309,11355598.000,56782600.340
2016-09-21,4.345,4.345,4.224,4.267,10512400.000,52358380.000
2016-09-22,4.323,4.357,4.263,4.314,7373457.000,37053737.870
2016-09-23,4.350,4.358,4.238,4.281,6188325.000,30946493.500
2016-09-26,4.268,4.294,4.139,4.182,10199721.000,49817636.330
2016-09-27,4.168,4.228,4.108,4.176,7394125.000,35975599.500
2016-09-28,4.145,4.179,4.059,4.093,13685334.000,65104566.240
2016-09-29,4.121,4.198,4.112,4.198,7150000.000,34721387.000
2016-09-30,4.167,4.167,4.072,4.115,8458668.000,40452033.040
2016-10-03,4.167,4.202,4.107,4.124,5438281.000,26190647.370
2016-10-04,4.158,4.219,4.133,4.210,10470711.000,50956083.260
2016-10-05,4.210,4.236,4.158,4.202,2573414.000,12563027.360
2016-10-06,4.202,4.279,4.176,4.253,5203668.000,25599031.600
2016-10-07,4.227,4.270,4.193,4.219,6683218.000,32729742.600
2016-10-11,4.281,4.281,4.151,4.186,6314950.000,30629321.000
2016-10-12,4.161,4.161,4.074,4.135,7466000.000,35412180.000
2016-10-13,4.155,4.155,3.999,4.016,7355000.000,34196989.000
2016-10-14,4.000,4.034,3.974,4.008,4750000.000,21973440.000
2016-10-17,4.047,4.099,4.012,4.047,4341792.000,20231339.880
2016-10-18,4.077,4.121,4.016,4.095,5451000.000,25629935.000
2016-10-19,4.122,4.122,4.044,4.070,2638000.000,12392733.000
2016-10-20,4.104,4.104,4.052,4.061,3831685.000,18011513.860
2016-10-24,4.136,4.136,4.066,4.127,8716000.000,41112557.000
2016-10-25,4.113,4.148,4.113,4.122,8724230.000,41232393.600
2016-10-26,4.164,4.164,4.059,4.068,8243000.000,38809561.000
2016-10-27,4.061,4.122,4.017,4.052,5980000.000,27713949.000
2016-10-28,4.069,4.095,4.043,4.069,6941406.000,32234545.840
2016-10-31,4.056,4.100,4.012,4.056,5434610.000,25329691.380
2016-11-01,4.044,4.105,4.035,4.061,10610702.000,49595325.420
2016-11-02,4.042,4.042,3.972,4.007,4024678.000,18492546.340
2016-11-03,4.003,4.029,3.986,3.995,2961101.000,13629433.620
2016-11-04,3.987,4.022,3.978,4.022,5039534.000,23169418.760
2016-11-07,3.982,4.043,3.982,4.017,3520891.000,16236826.870
2016-11-08,4.031,4.075,4.014,4.066,3915000.000,18140987.000
2016-11-09,4.085,4.094,3.884,3.962,10899680.000,49401909.000
2016-11-10,4.044,4.088,4.000,4.035,6436000.000,29791485.000
2016-11-11,4.031,4.066,3.961,3.996,8791400.000,40168916.000
2016-11-14,4.040,4.040,3.987,3.996,12893000.000,58866495.100
2016-11-15,4.044,4.106,4.026,4.070,6917104.000,31956086.480
2016-11-16,4.085,4.138,4.076,4.085,4828213.000,22430761.720
2016-11-17,4.144,4.144,4.064,4.100,2620494.000,12097712.280
2016-11-18,4.133,4.133,4.044,4.080,5026396.000,23102323.900
2016-11-21,4.135,4.144,4.064,4.126,6756786.000,31296374.280
2016-11-22,4.097,4.212,4.088,4.203,6599000.000,30927576.000
2016-11-23,4.185,4.300,4.176,4.247,7842700.000,37417263.000
2016-11-24,4.231,4.293,4.195,4.275,5683000.000,27140786.900
2016-11-25,4.281,4.397,4.272,4.379,11031791.000,53837575.980
